creating environment with lakes: /root/data/en/king_james_bible_para/1_11/, /root/data/en/esv_chapter/1/
1 text1_files listed
1 text2_files listed
Inverted Index Size: 548
Words: 265
Vector Size: 300
Normalized vector storage check
Index Trained: 1
Ntotal: 195
Sliding Window Computation time: 7.1405e-05
Out of dictionary words: 70
K: 195
NB: 195
Faiss Search Time: 0.070261
size of I: 38025
Size of valid edges: 36027
Vector Size: 1500
Normalized vector storage check
Index Trained: 1
Ntotal: 76380
K: 76380
NB: 22
0, 0, 0, 0, 0, 0, 0, 0, 0, 0, 0, 0, 0, 0, 0, 0, 0, 0.80712, 1.01493, 1.29895, 1.29895, 1.29895, 1.05572, 0.936785, 0, 1.09242, 1.09242, 1.01978, 0, 0, 0, 0, 0, 0, 0, 0, 0.872726, 0.872726, 0.995516, 0.728446, 0.728446, 0, 0, 0, 0, 0, 0, 0, 0.759233, 0, 0, 0, 0, 0, 0, 0, 0, 0, 0, 0, 0, 0, 0, 0, 0, 0, 0, 0, 0, 0, 0, 0, 0, 0, 0, 0, 0, 0, 0, 0, 0, 0, 0, 0, 0, 0, 0, 0, 0, 0, 0, 0.93723, 1.217, 1.217, 1.217, 1.217, 0, 0, 0, 0.770348, 0.770348, 0.86643, 0, 0.722127, 0, 0, 0, 0, 0, 0, 0, 0, 0, 0, 0, 0, 0, 0, 0, 0, 0, 0.779965, 0, 0, 0.779514, 0, 0, 0, 0, 0, 0, 0, 0, 0, 0, 0, 0, 0, 0, 0, 0, 0, 0, 0, 0, 0, 0, 0, 0, 0, 0, 0, 0, 0, 0, 0, 0, 0, 0, 0, 0, 0, 0, 0, 0, 0, 0, 0, 0, 0, 0, 0, 0, 0, 0, 0, 0, 0.769121, 0.769121, 0, 0, 0, 0, 0, 0.804902, 0.804902, 0.784042, 0.784042, 0.92513, 0, 0, 0, 0, 0, 0, 0, 0, 0, 0.932439, 0.932439, 1.08251, 1.08251, 1.08251, 0, 0, 0, 0, 0, 0, 0, 0, 0, 0, 0, 0, 1.2833, 2.19011, 2.27736, 2.51009, 2.51009, 1.72845, 0.767366, 0.728446, 0, 0, 0, 0, 0, 0.724558, 0.724558, 1.16638, 1.23168, 1.23168, 0.91473, 1.00176, 0, 0, 0, 0, 0, 0, 0.773874, 0.773874, 0.847417, 0.847417, 0.890296, 0, 0, 0, 0.713565, 0.76429, 0.797194, 0, 0, 0, 0, 0, 0, 0, 0, 0, 0, 0, 0, 0, 0, 0.790675, 0.998487, 0.998487, 1.16104, 1.45412, 2.24631, 2.24631, 2.24631, 2.19478, 1.70692, 0.706918, 0.853333, 0.853333, 0, 0, 0, 0, 0, 0, 0, 0, 0, 0, 0, 0, 0, 0, 0, 0, 0, 0, 0, 1.0595, 2.0595, 3, 3, 3, 2.06132, 1.06132, 0.85123, 0.868721, 0.784131, 0.784131, 0.784131, 0, 0, 0, 0, 0.874257, 1.03854, 1.1308, 1.1308, 1.1308, 0, 0, 0, 0, 0, 0, 0.771338, 1.06596, 1.06596, 1.06596, 1.13374, 0, 0, 0, 0, 0, 0, 0, 0, 0, 0, 0, 0, 0, 0, 0, 0, 0, 0, 0, 0, 0, 0, 0, 0, 0, 0, 0, 0, 0, 0, 0, 0, 0, 0, 0, 0, 0.729299, 0.729299, 0.814782, 0.814782, 0.748388, 0, 0.809611, 0, 0.882533, 0.926515, 0.926515, 0.956883, 0.956883, 0, 0, 0.753479, 0, 0, 0, 0, 0, 0, 0, 0, 0, 0, 1.22344, 2.22344, 2.22344, 2, 2, 1, 0, 0, 0, 0, 0.948955, 1.09062, 1.16482, 1.16482, 1.16482, 0.722845, 0, 0, 0.839884, 0.839884, 0, 0.729819, 0, 0, 0.790675, 0.790675, 0.706918, 1.0678, 1.0678, 0, 0, 0, 0.706918, 0.706918, 1.2067, 2.19478, 2.22344, 2.25351, 2.25351, 1.34978, 0, 0, 0, 0, 0, 0, 0, 0, 0, 0, 0, 0, 0, 0, 0, 0.820893, 1.0287, 1.0287, 0.91473, 1.18513, 1.08889, 0.881073, 0.881073, 1.12894, 0, 0, 0, 0, 0, 0, 0, 0, 0, 0, 0, 0, 0, 0, 0, 0, 0, 1.01424, 1.22205, 1.29451, 1.58759, 2.37978, 2.37978, 2.37978, 2.41657, 1.41657, 0, 0, 0, 0, 0, 0, 0, 0, 0, 0, 0, 0, 0, 0, 0, 0, 0, 0, 0, 0, 0, 1.07679, 1.09751, 0.881073, 1.11057, 1.11057, 0, 0, 0, 0, 0, 0.87744, 0.87744, 0.87744, 0.87744, 0, 0, 0, 0, 0, 0, 0, 0, 0, 0, 0.930751, 1.16196, 1.16196, 1.12745, 1.12745, 0.850797, 0.765765, 0.765765, 0, 0, 0, 0, 0, 0, 0, 0, 0, 0, 0, 0, 0, 0, 0, 0, 0, 0, 0, 0, 0, 0, 0, 1.26109, 1.26109, 1.50231, 1.39272, 1.39272, 0, 0, 1.04159, 1.24941, 1.24941, 1.23188, 1.23188, 1.23188, 1.14323, 1.14323, 1.16215, 1.16215, 0.815534, 0, 0, 0, 0, 0, 0, 0, 0, 0, 0, 0, 0, 0, 1.09344, 1.03261, 1.04145, 1.04145, 1.04145, 0, 0.703791, 0, 0, 0, 0, 0, 0, 0, 0, 0.700799, 0.700799, 0, 0, 0, 0, 0, 0, 0, 0, 0, 0, 1.10247, 1.10247, 1.02646, 0.854819, 0.854819, 0, 0.854819, 0.854819, 0.706918, 0.922818, 1.1998, 0, 0.714164, 0.746071, 0, 0, 0, 0, 0, 0, 0, 0, 0, 0, 0, 0, 0, 0, 0, 0, 0, 0, 0, 0, 0, 0, 0, 0, 0, 0, 0, 0, 0, 0, 0, 0, 0, 0, 0, 0, 0, 0,
0, 0, 0, 0, 0, 0, 0, 0, 0, 0, 0, 0, 0, 0, 0, 0, 0, 0.809021, 1.01695, 1.30107, 1.30121, 1.30133, 1.05822, 0.93937, 0, 1.09523, 1.09535, 1.02281, 0, 0, 0, 0, 0, 0, 0, 0, 0.876713, 0.876851, 0.999734, 0.732825, 0.732938, 0, 0, 0, 0, 0, 0, 0, 0.764614, 0, 0, 0, 0, 0, 0, 0, 0, 0, 0, 0, 0, 0, 0, 0, 0, 0, 0, 0, 0, 0, 0, 0, 0, 0, 0, 0, 0, 0, 0, 0, 0, 0, 0, 0, 0, 0, 0, 0, 0, 0, 0, 0.947149, 1.22712, 1.22724, 1.22731, 1.22743, 0, 0, 0, 0.781187, 0.781307, 0.877509, 0.703869, 0.7335, 0, 0, 0, 0, 0, 0, 0, 0, 0, 0, 0, 0, 0, 0, 0, 0, 0, 0.793114, 0, 0, 0.793065, 0, 0, 0, 0, 0, 0, 0, 0, 0, 0, 0, 0, 0, 0, 0, 0, 0, 0, 0, 0, 0, 0, 0, 0, 0, 0, 0, 0, 0, 0, 0, 0, 0, 0, 0, 0, 0, 0, 0, 0, 0, 0, 0, 0, 0, 0, 0, 0, 0, 0, 0, 0, 0.788624, 0.788789, 0, 0, 0, 0, 0, 0.825195, 0.825293, 0.804552, 0.804672, 0.945876, 0, 0, 0, 0, 0, 0, 0, 0, 0, 0.95439, 0.954534, 1.1047, 1.1048, 1.10492, 0, 0, 0, 0, 0, 0, 0, 0, 0, 0, 0, 0, 1.30726, 2.21425, 2.3017, 2.53447, 2.53455, 1.75304, 0.792084, 0.753315, 0, 0, 0, 0, 0, 0.749995, 0.750115, 1.19205, 1.25747, 1.25759, 0.940793, 1.02791, 0, 0, 0, 0, 0, 0, 0.800706, 0.800804, 0.87447, 0.87459, 0.917558, 0, 0, 0, 0.741259, 0.792122, 0.825076, 0, 0, 0, 0, 0, 0, 0, 0, 0, 0, 0, 0, 0, 0, 0.820366, 1.02827, 1.02839, 1.19107, 1.48425, 2.27657, 2.27672, 2.27684, 2.22546, 1.73772, 0.737835, 0.88437, 0.884483, 0, 0.727176, 0.727302, 0, 0, 0, 0, 0, 0, 0, 0, 0, 0, 0, 0, 0, 0, 0, 0, 1.09291, 2.09303, 3.03368, 3.0338, 3.0339, 2.09536, 1.09549, 0.885493, 0.903076, 0.818574, 0.818694, 0.818814, 0, 0, 0, 0, 0.909534, 1.07394, 1.16636, 1.16648, 1.16659, 0, 0, 0, 0, 0, 0, 0.807953, 1.10267, 1.10279, 1.10286, 1.17071, 0, 0, 0.733684, 0.733804, 0, 0, 0, 0, 0, 0, 0, 0, 0, 0, 0, 0, 0, 0, 0, 0, 0, 0, 0, 0, 0, 0, 0, 0, 0, 0, 0, 0, 0, 0, 0, 0, 0.77071, 0.77083, 0.856436, 0.856556, 0.790282, 0, 0.85174, 0, 0.924902, 0.969, 0.96912, 0.999614, 0.999806, 0, 0, 0.796743, 0, 0, 0, 0, 0, 0, 0, 0, 0, 0, 1.26785, 2.26795, 2.26809, 2.04477, 2.04489, 1.04503, 0, 0, 0, 0, 0.994524, 1.13631, 1.21061, 1.21074, 1.21086, 0.768994, 0, 0, 0.886413, 0.886533, 0, 0.776684, 0, 0, 0.837848, 0.837946, 0.754284, 1.11522, 1.11534, 0, 0, 0, 0.754935, 0.755055, 1.25495, 2.24316, 2.27193, 2.30209, 2.30221, 1.39861, 0, 0, 0, 0, 0, 0, 0, 0, 0, 0, 0, 0, 0, 0, 0, 0.871547, 1.07943, 1.07959, 0.965747, 1.23625, 1.1401, 0.932454, 0.932574, 1.18053, 0, 0, 0, 0, 0, 0, 0, 0, 0, 0, 0, 0, 0, 0, 0, 0, 0, 1.06799, 1.27592, 1.34853, 1.64173, 2.43396, 2.4341, 2.43426, 2.47115, 1.47128, 0, 0, 0, 0, 0, 0, 0, 0, 0, 0, 0, 0, 0, 0, 0, 0, 0, 0, 0, 0, 0, 1.13415, 1.15493, 0.938694, 1.16828, 1.1684, 0, 0, 0, 0, 0, 0.935919, 0.936039, 0.936207, 0.936323, 0, 0, 0, 0, 0, 0, 0, 0, 0, 0, 0.990922, 1.22223, 1.22235, 1.18799, 1.18807, 0.911516, 0.826676, 0.826802, 0, 0, 0, 0, 0, 0, 0, 0, 0, 0, 0, 0, 0, 0, 0, 0, 0, 0, 0, 0, 0, 0, 0, 1.32475, 1.32487, 1.56618, 1.45676, 1.45688, 0, 0, 1.10612, 1.31405, 1.31416, 1.29672, 1.29683, 1.29695, 1.20841, 1.20853, 1.2276, 1.22776, 0.881274, 0.759432, 0.759528, 0, 0, 0, 0, 0, 0, 0, 0, 0, 0, 0, 1.16073, 1.10004, 1.109, 1.10915, 1.10926, 0, 0.77185, 0, 0, 0, 0, 0, 0, 0, 0, 0.769888, 0.770008, 0, 0.742772, 0, 0, 0, 0, 0, 0, 0, 0, 1.173, 1.17312, 1.09721, 0.925632, 0.925682, 0, 0.925782, 0.925904, 0.778125, 0.994145, 1.27121, 0, 0.785783, 0.817806, 0, 0, 0, 0, 0, 0, 0, 0, 0, 0, 0, 0, 0, 0, 0, 0, 0, 0, 0, 0, 0, 0, 0, 0, 0, 0, 0, 0, 0, 0, 0, 0, 0, 0, 0, 0, 0, 0,
0, 0, 0, 0, 0, 0.78118, 0, 0.80658, 0, 0.712279, 0, 0, 0, 0, 0, 0, 0, 1.02869, 1.24018, 1.62846, 1.38515, 1.38917, 1.1532, 1.07597, 0, 1.2007, 1.20475, 1.1233, 0.799971, 0.801998, 0, 0.73635, 0, 0, 0.921532, 0.798373, 1.00656, 1.01001, 1.22453, 0.875499, 0.878675, 0, 0.736707, 0, 0.780438, 0.784492, 0.945623, 0, 0.942844, 0.743648, 0.818729, 0, 0, 0, 0, 0.717605, 0.721153, 0.725207, 0, 0, 0, 0, 0, 0, 0, 0, 0.802745, 0.8068, 0.810855, 0.902119, 0.960387, 0.918537, 0.922592, 0.99246, 0.726545, 0, 0, 0, 0.726852, 0.730907, 0.762733, 0.893529, 0.89701, 0.779527, 0.781926, 0, 0, 0, 0, 0.817938, 0.821959, 1.53128, 1.72669, 1.73075, 1.56314, 1.5672, 1.22382, 0.890688, 0.894743, 1.39944, 1.40349, 1.36372, 1.07265, 1.41253, 0.91534, 0.995407, 0.898318, 1.02516, 0.942933, 0.946786, 1.00776, 1.02345, 0.891757, 0.811987, 1.07995, 0.965277, 0.70781, 0.923442, 0.92547, 0, 1.10149, 1.24732, 1.10822, 1.11227, 1.23576, 1.08599, 0.955801, 0.959856, 1.20448, 1.14881, 1.29052, 1.11106, 1.22157, 0.985122, 1.01106, 1.031, 1.03505, 1.09296, 1.09702, 0.97563, 0.820155, 0.824209, 0.851555, 0.931405, 0.851216, 1.15924, 1.26375, 1.16123, 1.20171, 1.20577, 1.01146, 0.853591, 0.857646, 0.893365, 0.96066, 0.811901, 0.933387, 1.05156, 1.24342, 1.18397, 1.32227, 1.32157, 1.30757, 0.978346, 1.23136, 1.12572, 1.25417, 1.14455, 1.15102, 0.967849, 1.24978, 1.12452, 1.09098, 1.01646, 1.48413, 1.4308, 1.18373, 1.472, 1.66398, 1.3078, 1.18901, 1.38305, 1.10215, 0.872572, 1.50178, 1.50407, 1.47572, 1.47977, 1.71469, 1.01348, 1.01916, 1.19028, 1.19433, 0.967524, 0.971782, 1.13576, 0.959399, 0.963454, 1.67277, 1.67703, 1.83095, 2.05522, 2.05928, 1.35726, 1.36131, 1.15054, 0.968475, 0.97253, 1.38412, 1.38817, 1.19838, 1.20162, 1.20487, 1.03364, 1.21445, 2.17623, 3.18008, 3.34447, 3.66843, 3.67245, 2.8972, 1.90085, 1.56785, 1.31632, 1.32037, 1.11092, 1.37792, 1.38083, 1.58324, 1.5873, 2.0322, 2.11419, 2.11825, 1.8063, 1.89644, 1.58488, 1.38133, 1.3839, 1.45342, 1.35785, 1.07037, 1.77888, 1.78118, 1.86635, 1.8704, 1.91632, 1.29609, 1.67898, 1.58655, 1.78678, 1.84414, 1.88026, 1.57655, 1.55811, 1.5456, 1.40755, 1.43214, 1.43525, 1.46237, 1.53598, 1.54004, 1.66729, 1.67135, 1.51315, 1.40699, 1.41105, 1.83453, 2.0464, 2.05045, 2.55233, 3.04353, 3.6844, 3.64864, 3.65371, 3.22891, 2.74588, 1.74953, 1.89993, 1.90311, 1.51843, 1.80638, 1.81125, 1.61493, 1.61899, 1.74818, 1.52032, 1.52248, 1.6898, 1.69372, 1.61427, 1.61832, 1.62177, 1.47792, 1.71043, 1.34247, 1.77868, 1.78274, 1.78679, 2.59124, 3.5951, 4.1355, 4.13955, 5.14249, 4.14973, 3.15426, 2.67498, 2.85398, 2.14939, 2.15344, 2.1575, 1.9102, 1.73938, 1.45212, 1.45415, 2.06548, 2.23382, 2.53187, 2.53593, 2.53917, 1.96081, 1.91647, 1.83358, 1.83703, 1.84041, 1.72472, 2.1679, 2.30502, 2.30989, 2.31323, 2.60664, 2.10665, 1.75187, 2.18259, 2.18665, 2.16381, 1.96665, 1.97071, 1.54816, 1.55221, 1.80808, 1.92879, 2.15379, 2.15784, 2.16189, 1.64948, 1.63322, 1.49765, 1.60292, 1.60697, 1.72308, 1.54941, 1.74444, 2.04369, 2.04774, 1.92415, 1.92759, 1.76421, 1.79468, 1.88477, 1.9704, 2.03043, 2.06208, 1.85681, 1.88796, 1.78342, 1.85418, 2.16543, 2.16948, 2.25963, 2.26368, 2.17739, 1.87777, 2.23467, 1.93734, 2.37556, 2.57717, 2.58123, 2.61646, 2.66549, 2.26232, 2.10083, 2.47573, 2.31377, 2.07167, 2.07383, 2.17978, 1.8146, 1.58698, 1.59104, 1.5953, 1.87719, 1.87975, 2.88063, 3.88252, 3.88664, 3.50962, 3.51367, 2.52091, 1.72964, 1.73369, 1.88258, 1.88643, 2.59575, 2.64602, 2.92917, 2.75753, 2.7624, 2.32631, 2.12194, 2.04957, 2.41185, 2.41591, 2.15565, 2.31461, 2.10337, 1.74738, 2.42625, 2.42855, 2.30666, 2.66947, 2.672, 1.97161, 1.97559, 1.97965, 2.32734, 2.33139, 2.83492, 3.82699, 4.21108, 4.274, 4.27903, 3.38004, 2.38349, 2.24981, 2.0013, 2.36604, 2.03222, 2.03385, 2.03598, 2.2567, 1.90088, 1.90574, 1.9098, 1.91385, 1.69993, 1.87331, 1.87818, 2.53052, 2.75441, 2.75806, 2.64888, 2.93756, 2.83286, 2.61606, 2.62011, 3.03743, 2.42109, 2.35435, 2.3584, 2.62292, 2.45536, 2.24142, 2.24548, 2.70269, 2.4483, 2.24866, 2.48565, 2.48971, 2.02937, 2.31977, 2.32321, 2.09656, 2.4866, 3.19531, 3.2041, 3.58786, 3.88537, 4.42997, 4.43402, 4.21776, 4.38355, 3.38997, 2.39443, 2.39848, 2.40254, 1.86617, 1.87023, 2.87428, 2.87833, 2.88239, 2.98494, 2.98815, 2.43376, 2.56961, 2.57367, 2.56393, 2.56799, 2.54851, 2.37448, 2.37752, 2.47633, 2.48038, 2.33104, 3.117, 3.21939, 2.82691, 3.30163, 3.30569, 2.52945, 2.43497, 2.43902, 1.96957, 2.48928, 2.85483, 2.85889, 2.86233, 2.86551, 2.35471, 2.22945, 2.23351, 2.45186, 2.45592, 2.77055, 2.54168, 2.54499, 2.56081, 2.56486, 3.07217, 3.44965, 3.4537, 3.38054, 3.57247, 3.33052, 3.25015, 3.25501, 2.79748, 2.56962, 2.55806, 2.56131, 2.56536, 2.76219, 2.8711, 2.44889, 2.52617, 2.53022, 2.36653, 2.45024, 2.45348, 2.35659, 2.69932, 2.70196, 2.49598, 2.50003, 2.94215, 2.57388, 2.57793, 2.84214, 2.84619, 3.41171, 3.41576, 3.93275, 3.67734, 3.68139, 3.56479, 3.56884, 3.88564, 4.09731, 4.10058, 3.5869, 3.59197, 3.59602, 3.74398, 3.74803, 3.5531, 3.65201, 3.31042, 3.14775, 3.15262, 2.69306, 2.74986, 2.7533, 2.58584, 2.58989, 2.59395, 2.25745, 2.46937, 2.88757, 2.89081, 2.89385, 3.60297, 3.39828, 3.3226, 3.57414, 3.57739, 2.87618, 3.24946, 2.92, 2.67656, 2.68061, 2.76004, 2.39568, 2.65939, 2.66344, 3.08987, 3.25381, 3.25786, 3.01473, 3.23926, 2.93182, 2.76689, 2.89811, 3.035, 2.95596, 2.91618, 3.152, 3.07679, 3.62751, 3.63156, 3.43713, 3.24716, 3.24878, 2.78238, 3.25223, 3.25476, 3.11092, 3.33067, 3.61069, 2.9105, 3.27291, 3.37358, 3.16173, 3.02678, 3.03083, 3.06261, 3.02379, 3.02785, 3.31108, 3.31462, 3.07607, 2.96575, 2.96906, 2.80116, 2.58715, 2.59121, 2.87471, 3.08593, 2.98222, 2.98567, 2.98898, 2.92021, 2.56623, 2.84994, 3.08138, 3.08523, 3.3137, 3.31782, 3.05414, 2.85644, 2.98536, 2.75199, 3.19499, 3.41725, 3.42111, 3.22075, 3.27465, 2.85791, 2.63111, 2.99218,
0, 0, 0, 0, 0, 0, 0, 0, 0, 0, 0, 0, 0, 0, 0, 0, 0, 0, 0, 0.852691, 0.811721, 0.811753, 0.708441, 0, 0, 0.788803, 0.788834, 0.716218, 0, 0, 0, 0, 0, 0, 0, 0, 0, 0, 0.815337, 0.722823, 0.722854, 0, 0, 0, 0, 0, 0, 0, 0, 0, 0, 0, 0, 0, 0, 0, 0, 0, 0, 0, 0, 0, 0, 0, 0, 0, 0, 0, 0, 0, 0, 0, 0, 0, 0, 0, 0, 0, 0, 0, 0, 0, 0, 0, 0, 0, 0, 0, 0, 0, 0, 0, 0.891265, 0.891296, 0.719434, 0.719466, 0.870935, 0, 0, 1.03633, 1.03637, 0.873483, 0, 0.915253, 0, 0, 0, 0, 0, 0, 0, 0, 0, 0, 0, 0, 0, 0, 0, 0, 0, 0, 0, 0, 0, 0, 0, 0, 0, 0, 0, 0, 0, 0, 0, 0, 0, 0, 0, 0, 0, 0, 0, 0, 0, 0, 0, 0, 0, 0, 0, 0, 0, 0, 0, 0, 0, 0, 0, 0, 0, 0, 0, 0, 0, 0, 0, 0, 0, 0, 0, 0, 0, 0, 0, 0, 0, 0, 0, 0, 0, 0, 0, 0, 0, 0, 0, 0, 0, 0, 0, 0, 0, 0, 0, 0, 0, 0, 0, 0, 0, 0.808575, 0.808606, 0, 0, 0, 0, 0, 0, 0, 0, 0, 0, 0, 0, 0, 1.37433, 1.53467, 1.85467, 1.8547, 1.85473, 0.97752, 0.728237, 0, 0, 0, 0, 0, 0, 0, 0, 0.750674, 0.750706, 0, 0, 0, 0, 0, 0, 0, 0, 0, 0, 0, 0, 0, 0, 0, 0, 0.733832, 0.733856, 0.767427, 0, 0, 0, 0, 0, 0, 0, 0, 0, 0, 0, 0, 0, 0, 0, 0, 0, 1.03406, 1.09114, 1.76098, 1.76101, 1.76105, 1.26419, 1.20289, 0, 0, 0, 0, 0, 0, 0, 0, 0, 0, 0, 0, 0, 0, 0, 0, 0, 0, 0, 0, 0, 0, 0.737233, 1.60186, 2.0702, 2.07023, 3.00893, 3.00896, 2.00902, 1.14437, 1.32028, 0, 0, 0, 0, 0, 0, 0, 0, 0, 0.842686, 0.842718, 0.842744, 0, 0, 0, 0, 0, 0, 0, 0, 0, 0, 0.866428, 0, 0, 0.763851, 0.763883, 0.737895, 0.702542, 0.702574, 0, 0, 0, 0, 0, 0, 0, 0, 0, 0, 0, 0, 0, 0, 0, 0, 0, 0, 0, 0, 0, 0, 0, 0, 0, 0, 0, 0, 0, 0, 0, 0, 0, 0, 0, 0.738466, 0, 0, 0.770975, 0.771007, 0.801412, 0.801436, 0.711701, 0, 0.72641, 0, 0, 0, 0, 0, 0, 0, 0, 0, 0, 0, 1.52218, 1.52221, 1.14113, 1.14116, 1.01186, 0, 0, 0, 0, 0, 0, 0.706984, 0.707022, 0.707056, 0, 0, 0, 0, 0, 0, 0.713439, 0, 0, 0, 0, 0, 0, 0, 0, 0, 0, 0, 0, 0, 1.26886, 1.58868, 1.64745, 1.64748, 1.67136, 0.727958, 0, 0, 0.712097, 0, 0, 0, 0, 0, 0, 0, 0, 0, 0, 0, 0, 0, 0, 0, 0, 0, 0, 0, 0.761403, 0, 0, 0, 0, 0, 0, 0, 0.741945, 0, 0, 0, 0, 0, 0, 0, 0, 0, 0.895285, 0.888458, 1.07349, 1.13057, 1.61437, 1.6144, 1.45547, 1.68527, 1.55597, 0, 0, 0, 0, 0, 1.01466, 1.01469, 1.01472, 1.11345, 1.11347, 0, 0, 0, 0, 0, 0, 0, 0, 0, 0, 0, 0, 0.745637, 0, 0.820429, 0.820461, 0, 0, 0, 0, 0, 0, 0, 0, 0, 0, 0, 0, 0, 0, 0, 0, 0, 0, 0, 0, 0.929772, 0.929803, 0.852415, 0.938144, 0.935456, 0.850455, 0.850493, 0.74727, 0, 0, 0, 0, 0, 0, 0, 0, 0, 0, 0, 0, 0, 0, 0, 0, 0, 0.828206, 0, 0, 0.717027, 0.717059, 1.27789, 1.27792, 1.7918, 1.53074, 1.53077, 1.40971, 1.40974, 1.22368, 1.41953, 1.41956, 0.902955, 0.902994, 0.903026, 1.05909, 1.05912, 0.860027, 0.860051, 0.749343, 0, 0, 0, 0, 0, 0, 0, 0, 0, 0, 0, 0, 0, 0.847673, 0, 0, 0.806847, 0.806872, 0, 0, 0, 0, 0, 0, 0, 0, 0, 0, 0.738291, 0.738323, 0, 0.807941, 0, 0, 0, 0, 0, 0, 0.717072, 0.717104, 0.763591, 0.763623, 0, 0, 0, 0, 0, 0, 0, 0, 0, 0, 0.872345, 0.872369, 0.731475, 0, 0, 0, 0, 0, 0, 0, 0, 0, 0, 0, 0, 0, 0, 0, 0, 0, 0, 0, 0, 0, 0, 0, 0, 0, 0, 0, 0, 0, 0, 0, 0, 0, 0, 0, 0, 0,
0, 0, 0, 0, 0, 0, 0, 0, 0, 0, 0, 0, 0, 0, 0, 0, 0, 0, 0, 0.72084, 0, 0, 0, 0, 0, 0, 0, 0, 0, 0, 0, 0, 0, 0, 0, 0, 0.833725, 0.837057, 0.870514, 0.874129, 0.877461, 0, 0.740029, 0, 0, 0, 0, 0, 0, 0, 0, 0, 0, 0, 0, 0, 0, 0, 0, 0, 0, 0, 0, 0, 0, 0, 0.799126, 0.803379, 0.807632, 0, 0, 0, 0, 0, 0, 0, 0, 0, 0, 0, 0, 0.744344, 0.747675, 0.750333, 0.752496, 0, 0, 0, 0, 0.835092, 0.839416, 0.84374, 1.03711, 1.04136, 0.971997, 0.97625, 1.23944, 0.909779, 0.914032, 0.918285, 0.922538, 0.763378, 0, 0.812748, 0.817002, 0.820617, 0.814126, 0.81838, 0.736309, 0.740562, 0.812153, 0.825248, 0.829572, 0.833897, 0.983332, 0.987585, 0.729474, 0.873309, 0.875436, 0, 0.712701, 0.760467, 0.764082, 0.768336, 0.771667, 0.73071, 0.791287, 0.79554, 0.799156, 0.746952, 0.917846, 0.816894, 0.849614, 0.853867, 0.943125, 0.813465, 0.817718, 0.821334, 0.825587, 0.703863, 0, 0, 0, 0.705349, 0.702618, 0.965583, 1.01148, 1.01573, 1.01934, 1.0236, 0.832564, 0.740872, 0.745126, 0, 0.736177, 0, 0, 0.741208, 0.95382, 0.90929, 1.03227, 1.03589, 1.07534, 0.906898, 1.0746, 1.07886, 1.08247, 1.02026, 1.02274, 0.845388, 1.07595, 1.07787, 1.08127, 1.04919, 1.1612, 1.10293, 0.89864, 1.08946, 1.21444, 1.21869, 1.22294, 1.22656, 1.04531, 0.826805, 1.02322, 1.02567, 0.984994, 0.989247, 1.16006, 1.04982, 1.05344, 1.2264, 1.23066, 1.00215, 1.00555, 1.16669, 0.996063, 1.00032, 1.12927, 1.13373, 1.33215, 1.3878, 1.39206, 1.39631, 1.40056, 1.1892, 1.00738, 1.01163, 1.14082, 1.14507, 0.955349, 0.959814, 0.963997, 1.04397, 1.21481, 1.21906, 1.22332, 1.38809, 1.7108, 1.71484, 1.71824, 1.72165, 1.60037, 1.20866, 1.21292, 1.01004, 1.13555, 1.13863, 1.34502, 1.34928, 1.35353, 1.45291, 1.45716, 1.33727, 1.34061, 1.36521, 1.36946, 1.37212, 1.3752, 1.36112, 1.11473, 1.31114, 1.31359, 1.39896, 1.40321, 1.40662, 1.26132, 1.60349, 1.49625, 1.49987, 1.5032, 1.50653, 1.21575, 1.21681, 1.22015, 1.21437, 1.23903, 1.24233, 1.30176, 1.35411, 1.35836, 1.44974, 1.454, 1.43537, 1.42565, 1.42991, 1.37151, 1.4704, 1.47465, 1.88209, 1.88719, 1.82449, 1.82874, 1.83384, 1.34285, 1.285, 1.2884, 1.40271, 1.40604, 1.25271, 1.54096, 1.54606, 1.66797, 1.67222, 1.67584, 1.52088, 1.52354, 1.50473, 1.50888, 1.34644, 1.3507, 1.35431, 1.21228, 1.3928, 1.39705, 1.66955, 1.67381, 1.67806, 1.77594, 1.78019, 2.25459, 2.25884, 3.20078, 3.2044, 3.20865, 2.32127, 2.39527, 1.69096, 1.69521, 1.69946, 1.70372, 1.6999, 1.41279, 1.41491, 1.53552, 1.68571, 1.88656, 1.89081, 1.89506, 1.89932, 1.85517, 1.77144, 1.77484, 1.77845, 1.78271, 1.7163, 1.78144, 1.78655, 1.79005, 1.96222, 1.96583, 1.78563, 2.0447, 2.04895, 2.02613, 2.03038, 2.03463, 1.61108, 1.61533, 1.52389, 1.64593, 1.70195, 1.70621, 1.71046, 1.71471, 1.69933, 1.56236, 1.66929, 1.67354, 1.70452, 1.60535, 1.71109, 1.95307, 1.95733, 1.96243, 1.96604, 1.79795, 1.51776, 1.53603, 1.55918, 1.58679, 1.59012, 1.55041, 1.55403, 1.55828, 1.65386, 1.77994, 1.78419, 1.78908, 1.79334, 1.70725, 1.66154, 1.94603, 1.92611, 2.02664, 2.13221, 2.13646, 2.17013, 2.17374, 2.17885, 2.17322, 2.17684, 2.01504, 1.95419, 1.95684, 1.95972, 1.88635, 1.6587, 1.66295, 1.66635, 1.95053, 1.95319, 2.08349, 2.08594, 2.09041, 1.71355, 1.7178, 1.6243, 1.80517, 1.80943, 1.95587, 1.96097, 1.98334, 2.03396, 2.1093, 2.11355, 2.11866, 2.10855, 2.1012, 1.81302, 2.10339, 2.10764, 2.0181, 2.1482, 2.15309, 1.79575, 1.99216, 1.99461, 1.8728, 2.13975, 2.14308, 2.04842, 2.05182, 2.05607, 1.89449, 1.89874, 1.9651, 1.9702, 2.29347, 2.35787, 2.36191, 2.38875, 2.39208, 2.33194, 2.08282, 2.44614, 2.11307, 2.11604, 2.11817, 2.33965, 1.98335, 1.98846, 1.99271, 1.99696, 1.78314, 1.89973, 1.90484, 2.06588, 2.21259, 2.21593, 2.2211, 2.22528, 2.13584, 2.01584, 2.02009, 2.34085, 2.43759, 2.44184, 2.44609, 2.45035, 2.2831, 2.17894, 2.1832, 2.53079, 2.53504, 2.33615, 2.55212, 2.55637, 2.09609, 2.38673, 2.39035, 2.18522, 2.57466, 2.57891, 2.57362, 2.76455, 2.76965, 2.52325, 2.5275, 2.37202, 2.60364, 2.51014, 2.48524, 2.48949, 2.49375, 1.95752, 1.96178, 2.96589, 2.97014, 2.9744, 3.07658, 3.08176, 2.39944, 2.44826, 2.45251, 2.21551, 2.21976, 2.2238, 2.18256, 2.18618, 2.47703, 2.48128, 2.42582, 2.5106, 2.53279, 2.23701, 2.61518, 2.61943, 2.62305, 2.53118, 2.53543, 2.06598, 2.23843, 2.60239, 2.60664, 2.61025, 2.61359, 2.4495, 2.328, 2.33226, 2.47615, 2.48041, 2.65479, 2.52001, 2.52335, 2.66115, 2.66541, 2.65957, 2.84461, 2.84886, 2.82212, 2.8651, 2.97031, 2.88858, 2.89284, 2.89709, 2.67109, 2.65973, 2.66313, 2.66739, 2.86622, 2.86984, 2.55254, 2.55615, 2.5604, 2.47015, 2.39629, 2.40001, 2.30291, 2.36109, 2.36418, 2.28935, 2.2936, 2.72328, 2.67848, 2.68274, 2.94871, 2.95297, 2.51825, 2.52251, 3.03955, 2.81229, 2.81655, 3.67062, 3.67487, 3.48009, 3.48435, 3.48768, 2.97439, 2.97949, 2.98374, 3.14738, 3.15163, 3.00281, 3.00643, 2.96308, 2.80047, 2.80557, 2.80354, 2.84921, 2.85282, 2.69584, 2.70009, 2.70435, 2.36796, 2.58094, 2.99957, 3.00361, 3.00585, 3.00999, 2.99768, 2.83112, 2.98104, 2.98529, 2.98954, 2.9938, 2.71977, 2.61523, 2.61948, 2.63391, 2.50931, 2.62409, 2.62835, 3.04516, 3.11002, 3.11427, 3.11852, 3.16337, 2.86893, 2.86109, 2.8647, 2.99241, 2.9149, 2.95514, 3.11574, 3.12, 3.04003, 3.04429, 3.04204, 2.78649, 2.78819, 2.66141, 2.79181, 2.79447, 2.71643, 2.72062, 2.90761, 2.8138, 3.17735, 3.18097, 3.18522, 3.14722, 3.15147, 2.86486, 2.79003, 2.79428, 3.0002, 3.00381, 2.97798, 2.98159, 2.98492, 2.79444, 2.70962, 2.71387, 2.99781, 3.08045, 3.06015, 3.06376, 3.0671, 3.04373, 2.68999, 2.97386, 3.11015, 3.11448, 3.11873, 3.12383, 2.96162, 2.76401, 2.89318, 2.79805, 3.15025, 3.33704, 3.34214, 3.34725, 3.35065, 2.98548, 2.75804, 3.12015,
0, 0, 0, 0, 0, 0, 0, 0, 0, 0, 0, 0, 0, 0, 0, 0, 0, 1.2698, 1.27037, 1.28685, 1.28757, 1.28817, 0.871637, 0.872212, 0.736651, 0.73766, 0.73826, 0, 0, 0, 0, 0, 0, 0, 0.802003, 0.802963, 0.822371, 0.823101, 0.823591, 0, 0, 0, 0, 0, 0, 0, 0, 0, 0, 0, 0, 0, 0, 0, 0, 0, 0, 0, 0, 0, 0, 0, 0, 0, 0, 0, 0, 0, 0, 0.801324, 0.810369, 0.810833, 0.811433, 0.812506, 0, 0, 0, 0, 0, 0, 0, 0, 0, 0, 0, 0, 0, 0, 0, 0, 0, 1.31026, 1.37456, 1.37516, 1.3755, 1.3761, 0, 0, 0, 0, 0, 0, 0, 0.711184, 0.711784, 0.712475, 0, 0, 0, 0, 0, 0, 0, 0, 0, 0, 0, 0, 0, 0, 0.962694, 0.963197, 0.946932, 0.947532, 0.948283, 0, 0, 0, 0, 0, 0, 0, 0, 0, 0, 0, 0, 0, 0, 0, 0, 0, 0, 0, 0, 0, 0, 0, 0, 0, 0, 0, 0, 0, 0, 0, 0, 0, 0, 0, 0, 0, 0, 0, 0, 0, 0, 0, 0, 0, 0, 0, 0, 0, 1.01426, 0.952005, 0.743509, 0.866899, 0.913198, 0, 0, 0, 0, 0, 1.21111, 1.21166, 1.16733, 1.16793, 1.33574, 0, 0, 0, 0, 0, 0, 0, 0, 0, 1.26776, 1.26848, 1.46334, 1.46386, 1.46446, 0, 0, 0, 0, 0, 0.73033, 0.73093, 0, 0, 0, 0, 0, 1.02899, 1.02959, 1.16687, 1.16711, 1.16752, 0.751601, 0.752321, 0.738746, 0, 0, 0, 0.721579, 0.722294, 0.829031, 0.829631, 1.35316, 1.35376, 1.35436, 1.35061, 1.35107, 0, 0, 0, 0, 0, 0, 1.29993, 1.30048, 1.38219, 1.38279, 1.38328, 0, 0, 0, 0, 0, 0, 0, 0, 0, 0, 0, 0, 0, 0, 0, 0.742742, 0.743342, 0.744062, 0, 0, 1.27437, 1.36958, 1.37018, 1.77387, 1.77439, 1.48199, 1.48271, 1.48331, 1.21469, 1.15403, 1.15464, 1.26533, 1.26591, 0.739474, 1.02416, 1.02475, 0, 0, 0, 0, 0, 0.951117, 0.951577, 0.786371, 0.78697, 0.78781, 0, 0, 0, 0.706603, 0.707203, 0.707803, 1.33772, 1.33832, 1.21003, 1.21063, 1.87648, 1.37694, 1.36562, 1.92633, 1.92685, 1.21982, 1.22042, 1.22102, 0.83712, 0.837774, 0, 0, 1.26764, 1.3798, 1.38067, 1.38127, 1.38187, 0, 0, 0, 0, 0, 0, 1.40901, 1.47059, 1.47118, 1.47148, 1.47623, 0.740427, 0.720737, 0.824331, 0.824931, 0.801733, 0, 0, 0, 0, 0.946253, 1.05137, 1.1685, 1.1691, 1.1697, 0, 0, 0, 0, 0, 0, 0, 0, 0.813087, 0.813687, 0.814397, 0.815237, 0, 0, 0, 0, 0, 0, 0, 0, 0, 0, 0.942632, 0.943232, 0.943087, 0.943687, 0.853942, 0, 0.903615, 0, 1.32015, 1.32102, 1.32162, 1.24513, 1.24581, 0, 0, 1.05817, 1.04242, 1.01498, 1.01542, 1.01573, 0, 0, 0, 0, 0, 0, 1.31012, 1.31066, 1.31138, 0.930863, 0.931463, 0, 0, 0, 0, 0, 1.40202, 1.44884, 1.52148, 1.52213, 1.52273, 0.893754, 0.894714, 0, 0.890879, 0.891479, 0, 0, 0, 0, 1.36172, 1.36227, 1.23683, 1.41732, 1.41798, 0, 0, 0, 1.24014, 1.24074, 1.3026, 1.30319, 1.62364, 1.33103, 1.33149, 0.831722, 0.736708, 0, 0, 0.735159, 0, 0, 0, 0, 0, 0, 0, 0, 0, 0, 0, 1.33115, 1.4743, 1.47479, 1.47542, 1.47646, 0.9806, 0.8361, 0.8367, 1.17654, 0.779965, 0.780565, 0.781165, 0.79894, 0, 0, 0, 0.850819, 0.74122, 0.727801, 0.91193, 0.91253, 0, 0.737532, 0.738262, 0, 0.754709, 1.74061, 1.74121, 1.74181, 1.74229, 1.49149, 1.19902, 1.18149, 1.52148, 1.02186, 0.815763, 0.816363, 0.816963, 0, 0, 1.27725, 1.27785, 1.27845, 1.40443, 1.40494, 0.927892, 0.92897, 0.92957, 0.740024, 0.740624, 0.741174, 0, 0, 0.8154, 0.816, 0, 1.18801, 1.18851, 0.8673, 1.26455, 1.26515, 0.807979, 0.76233, 0.76293, 0, 1.04705, 1.22766, 1.22826, 1.2291, 1.22968, 0, 0, 0, 0, 0, 0.886688, 0.887648, 0.888228, 0.724169, 0.724769, 1.6345, 1.78511, 1.78571, 1.78609, 1.78658, 1.38587, 1.38667, 1.38727, 0.908322, 0.805438, 0.79042, 0.7909, 0.7915, 0.874962, 0.926189, 0, 0, 0, 0, 0, 0, 0, 0.767615, 0.768315, 0, 0, 1.12274, 0.755107, 0.755707, 0.903685, 0.904285, 0, 0, 1.03995, 1.04079, 1.04139, 1.45692, 1.45752, 2.32258, 2.32318, 2.32375, 1.8077, 1.80817, 1.80877, 1.81572, 1.81632, 1.81701, 1.81785, 1.40148, 1.23531, 1.2359, 0.806223, 0.821133, 0.821973, 0, 0, 0, 0, 0, 1.02685, 1.02733, 1.02777, 1.75093, 1.7516, 1.58138, 1.5861, 1.5867, 0.857022, 1.1536, 1.1542, 0.907214, 0.907814, 0.984811, 0, 0, 0, 0.958857, 0.99965, 1.00025, 1.00049, 1.0205, 0.722909, 0.71042, 0.711434, 0.836437, 0.823918, 0.739613, 0.796738, 0.797338, 1.69305, 1.69365, 1.69373, 1.43636, 1.43666, 0.92687, 1.43711, 1.43777, 1.35609, 1.35698, 1.46796, 0, 0.805084, 0.8068, 0.806985, 0.807705, 0.808305, 1.10235, 1.0229, 1.0235, 1.22584, 1.22695, 0.895683, 0.89644, 0.89702, 0.703817, 0, 0, 0, 0.857326, 0.857587, 0.858427, 0.859007, 0.803571, 0, 0.726389, 0.994277, 0.994757, 1.00192, 1.00264, 0.925066, 0.723806, 0.850296, 0, 1.05248, 1.05308, 1.05356, 0.88277, 0.894383, 0, 0, 0.814281,
0, 0, 0, 0, 0, 0.719907, 0, 0, 0, 0, 0, 0, 0, 0, 0, 0, 0, 1.26062, 1.36348, 1.37946, 1.37949, 1.37952, 0.96258, 1.04132, 0.765301, 0.77749, 0.777521, 0.713387, 0, 0, 0, 0.833672, 0, 0, 0.994848, 0.784039, 0.80317, 0.803196, 0.978946, 0, 0, 0, 0, 0, 0, 0, 0.759173, 0, 0, 0, 0, 0, 0, 0, 0, 0, 0, 0, 0, 0, 0, 0, 0, 0, 0, 0, 0, 0, 0, 0.765218, 0.958502, 0.778358, 0.778389, 0.920332, 0, 0, 0, 0, 0, 0, 0, 0, 0, 0, 0, 0, 0, 0, 0, 0, 0, 1.30129, 1.36484, 1.36487, 1.32634, 1.32637, 0, 0, 0, 0, 0, 0, 0, 0.711316, 0, 0, 0, 0, 0, 0, 0, 0, 0, 0, 0, 0, 0, 0, 0, 0, 0.900572, 1.02093, 0.883464, 0.883496, 0.928726, 0, 0, 0, 0, 0, 0, 0, 0, 0, 0, 0, 0, 0, 0, 0, 0, 0, 0, 0, 0, 0.756408, 0.756435, 0.721758, 0, 0, 0, 0, 0, 0, 0, 0, 0, 0, 0, 0, 0, 0, 0, 0, 0, 0, 0, 0, 0, 0, 0.739324, 0, 0, 0, 0.990945, 0.966067, 0, 0.879638, 0.925331, 0, 0, 0, 0, 0, 1.11505, 1.11508, 1.10472, 1.10475, 1.33653, 0, 0, 0, 0, 0, 0, 0, 0, 0, 1.28043, 1.28047, 1.35757, 1.55701, 1.55704, 0, 0, 0, 0, 0, 0, 0, 0, 0, 0, 0, 0, 1.12609, 1.12612, 1.28617, 1.20778, 1.20782, 0.791471, 0.755619, 0, 0, 0, 0, 0, 0, 0.708825, 0.708856, 1.35214, 1.33468, 1.33471, 1.22683, 1.54151, 0.725682, 0, 0, 0.802602, 0, 0, 1.2275, 1.22753, 1.25432, 1.25435, 1.35976, 0, 0.840182, 0.728711, 0.72874, 0, 0, 0, 0, 0, 0, 0, 0, 0, 0, 0, 0, 0, 0, 0, 0, 1.13373, 1.34106, 1.34109, 1.73431, 1.74294, 1.49494, 1.49497, 1.49501, 1.22603, 1.16457, 1.00812, 1.11804, 1.11806, 0, 0.874919, 0.87495, 0, 0, 0.716555, 0, 0, 0.799026, 0.799053, 0, 0, 0, 0, 0, 0, 0, 0, 0, 1.17968, 1.3362, 1.20711, 1.20714, 1.87228, 1.36017, 1.20372, 1.76401, 2.07426, 1.36627, 1.3663, 1.36633, 0.981862, 0, 0, 0, 1.24239, 1.21241, 1.28429, 1.28432, 1.28435, 0, 0, 0, 0, 0, 0, 1.23536, 1.29679, 1.29682, 1.29684, 1.46885, 0.754753, 0, 0.837737, 0.837769, 0, 0, 0, 0, 0, 0.765097, 0.913466, 1.13455, 1.13458, 1.13462, 0, 0, 0, 0, 0, 0, 0, 0.733253, 0.853475, 0.853506, 0, 0, 0, 0, 0, 0, 0, 0, 0, 0, 0, 0, 0.780398, 0.78043, 0.818386, 0.818418, 0.727901, 0, 0.704061, 0, 1.11947, 1.16425, 1.16429, 1.0871, 1.22636, 0, 0, 1.03712, 0.992836, 0.808884, 0.808903, 1.18653, 0, 0, 0, 0, 0, 0, 1.09962, 1.25613, 1.25616, 0.875164, 0.875195, 0, 0, 0, 0, 0, 1.4961, 1.54223, 1.61419, 1.40684, 1.40687, 0.777452, 0, 0, 0.704897, 0.704928, 0, 0, 0, 0, 1.13831, 1.13834, 1.01244, 1.19219, 1.19222, 0, 0, 0, 1.01261, 1.01264, 1.12411, 1.23068, 1.55025, 1.26361, 1.26365, 0.763456, 0, 0, 0, 0, 0, 0, 0, 0, 0, 0, 0, 0, 0, 0, 0, 1.13048, 1.3505, 1.35053, 1.23339, 1.31108, 0.829468, 0, 0, 1.02434, 0, 0, 0, 0, 0, 0, 0, 0, 0, 0, 0, 0, 0, 0, 0, 0, 0, 1.56042, 1.58886, 1.9069, 1.90693, 1.65509, 1.36204, 1.14208, 1.41943, 0.762752, 0, 0, 0, 0, 0, 1.01451, 1.01454, 1.01457, 1.18986, 1.1899, 0, 0.759862, 0.759893, 0, 0, 0, 0, 0, 0, 0, 0, 0.916475, 1.00839, 0, 1.08306, 1.08309, 0, 0, 0, 0, 0.770391, 0.950153, 0.950184, 0.950211, 0.950237, 0, 0, 0, 0, 0, 0.805701, 0, 0, 0, 0, 1.34965, 1.58893, 1.58896, 1.58336, 1.68565, 1.28456, 1.28459, 1.28462, 0.701614, 0, 0, 0, 0, 0.700379, 0.833925, 0, 0.702651, 0.702682, 0, 0, 0, 0, 0, 0, 0, 0, 0.823932, 0, 0, 0, 0, 0, 0, 0.981165, 0.737621, 0.737653, 1.17544, 1.17547, 2.01689, 2.11976, 2.11979, 1.60315, 1.60318, 1.60321, 1.66997, 1.67, 1.59062, 1.60947, 1.19253, 1.02632, 1.02635, 0, 0, 0, 0, 0, 0, 0, 0, 0.776788, 0.776826, 0.776846, 1.77687, 1.43247, 1.26117, 1.48403, 1.48406, 0, 1.04983, 0.831405, 0, 0, 0, 0, 0, 0, 0.706155, 0.908557, 0.908588, 0.784398, 0.968091, 0, 0, 0, 0.708127, 0, 0, 0, 0, 1.54153, 1.54156, 1.35853, 1.19465, 1.19467, 0, 1.19469, 1.19473, 1.0187, 1.05371, 1.16402, 0, 0, 0, 0, 0, 0, 0.76028, 0.719226, 0.719258, 0.999128, 0.999157, 0, 0, 0, 0, 0, 0, 0, 0, 0, 0, 0, 0, 0, 0, 0.816463, 0.816501, 0.882465, 0.882496, 0, 0, 0, 0, 0, 0.83499, 0.83502, 0, 0, 0, 0, 0,
0, 0, 0, 0, 0, 0, 0, 0, 0, 0, 0, 0, 0, 0, 0, 0, 0, 1.06196, 1.11708, 1.11779, 1.11876, 1.1196, 0.703295, 0.782633, 0.783473, 0.784886, 0.785726, 0.734393, 0, 0, 0, 0, 0, 0, 0.715216, 0, 0, 0, 0, 0, 0, 0, 0, 0, 0, 0, 0, 0, 0, 0, 0, 0, 0, 0, 0, 0.739648, 0.74032, 0.74116, 0, 0, 0, 0, 0, 0, 0, 0, 0, 0, 0, 0.744255, 0.830645, 0.831294, 0.832134, 0.833637, 0, 0, 0, 0, 0, 0, 0, 0, 0, 0, 0, 0, 0, 0, 0, 0, 0, 1.11861, 1.1915, 1.19234, 1.19282, 1.19366, 0, 0, 0, 0, 0, 0, 0, 0, 0, 0, 0, 0, 0, 0, 0, 0, 0, 0, 0, 0, 0, 0, 0, 0, 0.959453, 0.967391, 0.968735, 0.969575, 0.970738, 0, 0, 0, 0, 0, 0, 0, 0, 0, 0, 0, 0, 0, 0, 0, 0, 0, 0, 0, 0, 0, 0, 0, 0, 0, 0, 0, 0, 0, 0, 0, 0, 0, 0, 0, 0, 0, 0, 0, 0, 0, 0, 0, 0, 0, 0, 0, 0, 0, 0.785172, 0.823607, 0.824259, 0.825204, 0.861006, 0, 0, 0, 0, 0, 1.24541, 1.24617, 1.24295, 1.24379, 1.28576, 0, 0, 0, 0, 0, 0, 0.768447, 0, 0, 1.42836, 1.42937, 1.32025, 1.35547, 1.35631, 0, 0, 0, 0, 0, 0, 0, 0, 0, 0, 0, 0, 1.11006, 1.1109, 1.11174, 1.03419, 1.03476, 0, 0, 0, 0, 0, 0, 0.750611, 0.751577, 0.754777, 0.755617, 1.30065, 1.28399, 1.28483, 1.28522, 1.49775, 0, 0, 0, 0, 0, 0, 1.40826, 1.40901, 1.25897, 1.25981, 1.297, 0, 0.783745, 0.77905, 0.779701, 0.737571, 0.739029, 0, 0, 0, 0, 0, 0, 0, 0, 0, 0, 0, 0, 0, 0, 1.32112, 1.32179, 1.32263, 1.3133, 1.32278, 1.07556, 1.0764, 1.07726, 1.37122, 1.37215, 1.21649, 1.30151, 1.30233, 0.802043, 0.98912, 0.989918, 0, 0, 0, 0, 0, 0.895918, 0.896548, 0.909814, 0.910654, 0.91183, 0, 0, 0, 0, 0, 0, 0.985445, 1.09872, 1.09926, 1.1001, 1.10083, 0, 0, 1.07754, 1.30571, 1.30647, 1.30731, 1.30815, 0.924486, 0, 0, 0, 1.48002, 1.33892, 1.34017, 1.34101, 1.34183, 0, 0, 0, 0, 0, 0, 1.32948, 1.34602, 1.34682, 1.34728, 1.43127, 0.717817, 0.718455, 0.719966, 0.720806, 0, 0, 0, 0, 0, 1.02275, 1.17172, 1.17249, 1.17333, 1.17417, 0, 0, 0, 0.767481, 0.768321, 0.778074, 0.779082, 0.898521, 0.750809, 0.751649, 0, 0, 0, 0, 0, 0, 0, 0, 0, 0, 0, 0, 0.936752, 0.937592, 0.937388, 0.938228, 0.938459, 0, 0.732734, 0, 1.14972, 1.15093, 1.15177, 1.09892, 1.23915, 0, 0, 1.05218, 1.05298, 1.01046, 1.01109, 1.2487, 0.747784, 0, 0, 0, 0, 0, 1.13766, 1.17512, 1.17605, 1.17689, 1.17773, 0, 0, 0, 0.725187, 0.725985, 1.6293, 1.63008, 1.63078, 1.4244, 1.42525, 0.796492, 0.760803, 0.730545, 0.786202, 0.787042, 0, 0, 0, 0, 1.44342, 1.44418, 1.33158, 1.36273, 1.36365, 0, 0, 0, 1.33619, 1.33703, 1.44932, 1.49512, 1.49605, 1.20999, 1.21074, 0.711362, 0, 0, 0, 0, 0, 0, 0, 0, 0, 0, 0, 0, 0, 0, 0, 1.4718, 1.47231, 1.47347, 1.45999, 1.46153, 0.965694, 0.955657, 0.956497, 0.957857, 0, 0, 0, 0, 0, 0, 0, 0, 0, 0, 0, 0, 0, 0, 0, 0, 0, 1.5466, 1.54744, 1.79911, 1.79993, 1.80023, 1.50808, 1.50926, 1.24593, 0, 0, 0, 0, 0, 0, 0, 0, 0, 0, 0, 0.868121, 0.869631, 0.870471, 0.891652, 0.892492, 0.832985, 0.736896, 0.738072, 0, 0, 0, 1.03418, 1.03489, 0.999337, 1.07848, 1.07932, 0, 0, 0, 0, 1.16387, 1.1952, 1.19604, 1.19722, 1.19814, 0, 0, 0, 0.893637, 0.894477, 0.895521, 0.732971, 0.733895, 0, 0, 1.51106, 1.52547, 1.52631, 1.52684, 1.61108, 1.19525, 1.19596, 1.19681, 0, 0, 0, 0, 0, 0.732793, 0.767099, 0.76806, 0.896098, 0.896938, 0.897552, 1.0378, 1.03843, 0.711072, 0.913496, 0.914462, 0.808144, 0.808984, 0.89313, 0, 0, 0, 0, 0.895852, 0.896692, 0.898004, 0.813579, 0.814419, 0.706714, 0.707554, 1.53442, 1.55528, 1.55617, 1.55707, 1.55776, 1.5586, 1.62597, 1.62681, 1.62777, 1.62893, 1.21282, 1.24484, 1.24564, 0.816111, 0.76121, 0.762386, 0, 0, 0, 0, 0.812723, 0.968054, 0.968726, 0.969356, 1.8161, 1.52125, 1.69136, 1.69235, 1.69318, 0.793941, 1.26055, 1.0916, 1.04383, 1.04467, 1.04539, 0, 0, 0, 0.776671, 0.884839, 0.885679, 0.886017, 0.946612, 0.948077, 0.874715, 0.876136, 0.876904, 0.727013, 0.779359, 0.791101, 0.791941, 1.6771, 1.67794, 1.49537, 1.67172, 1.67214, 1.0687, 1.67277, 1.67369, 1.49852, 1.53429, 1.5804, 0, 0.745348, 0.77565, 0.775908, 0.776916, 0.777756, 1.19851, 1.20706, 1.2079, 1.26792, 1.26947, 0.938278, 0.939338, 0.940262, 0.853925, 0, 0, 0.735208, 0.850614, 0.850979, 0.852155, 0.853079, 0.852331, 0, 0.826705, 1.04029, 1.04096, 1.10668, 1.10752, 1.10815, 0.874119, 0.963541, 0.762702, 0.867372, 0.904721, 0.905393, 0.745976, 0.781392, 0.771216, 0.708797, 0.867241,
0, 0, 0, 0, 0, 0, 0, 0, 0, 0, 0, 0, 0, 0, 0, 0, 0, 1.06375, 1.11899, 1.1198, 1.12089, 1.12187, 0.705816, 0.785274, 0.786234, 0.787849, 0.788809, 0.737572, 0, 0, 0, 0, 0, 0, 0.718949, 0, 0, 0, 0, 0, 0, 0, 0, 0, 0, 0, 0, 0, 0, 0, 0, 0, 0, 0, 0, 0.745673, 0.746441, 0.747401, 0, 0, 0, 0, 0, 0, 0, 0, 0, 0, 0, 0.751936, 0.838473, 0.839215, 0.840175, 0.841893, 0, 0, 0, 0, 0, 0, 0, 0, 0, 0, 0, 0, 0, 0, 0, 0, 0, 1.12853, 1.20153, 1.20249, 1.20304, 1.204, 0, 0, 0, 0, 0, 0, 0, 0, 0, 0, 0, 0, 0, 0, 0, 0, 0, 0, 0, 0, 0, 0, 0, 0, 0.97258, 0.980598, 0.982134, 0.983094, 0.984264, 0, 0, 0, 0, 0, 0, 0, 0, 0, 0, 0, 0, 0, 0, 0, 0, 0, 0, 0, 0, 0, 0, 0, 0, 0, 0, 0, 0, 0, 0, 0, 0, 0, 0, 0, 0, 0, 0, 0, 0, 0, 0, 0, 0, 0, 0, 0, 0, 0, 0.80444, 0.842985, 0.84373, 0.84481, 0.880618, 0, 0, 0, 0, 0, 1.26574, 1.26653, 1.26343, 1.26439, 1.30645, 0, 0, 0, 0, 0, 0, 0.790012, 0, 0, 1.45029, 1.45144, 1.34241, 1.37773, 1.37869, 0, 0, 0, 0, 0, 0, 0, 0, 0, 0, 0, 0, 1.13403, 1.13499, 1.13595, 1.05845, 1.05911, 0, 0, 0, 0, 0, 0, 0.775848, 0.776976, 0.780272, 0.781232, 1.32632, 1.30978, 1.31074, 1.31134, 1.52388, 0, 0, 0, 0, 0, 0, 1.43512, 1.43592, 1.28599, 1.28695, 1.32431, 0, 0.811292, 0.806569, 0.807273, 0.765444, 0.76707, 0, 0, 0, 0, 0, 0, 0, 0, 0, 0, 0, 0, 0, 0, 1.35078, 1.35155, 1.35251, 1.34333, 1.3529, 1.10573, 1.10669, 1.10772, 1.40199, 1.40289, 1.24734, 1.33246, 1.33336, 0.83325, 1.02046, 1.02147, 0, 0, 0, 0, 0, 0.928065, 0.928833, 0.942185, 0.943145, 0.944489, 0, 0, 0, 0, 0, 0, 1.01883, 1.13224, 1.13286, 1.13382, 1.13461, 0, 0, 1.11189, 1.34012, 1.34082, 1.34178, 1.34274, 0.959205, 0.716098, 0, 0, 1.51536, 1.37438, 1.3757, 1.37666, 1.37758, 0, 0, 0, 0, 0, 0, 1.36607, 1.3827, 1.38371, 1.38421, 1.46837, 0.755017, 0.755746, 0.757473, 0.758433, 0, 0, 0, 0, 0, 1.06105, 1.21011, 1.211, 1.21196, 1.21292, 0, 0, 0, 0.806692, 0.807652, 0.817535, 0.818687, 0.93804, 0.790499, 0.791459, 0, 0, 0, 0, 0.707701, 0.708795, 0.709636, 0.710401, 0, 0, 0, 0, 0.978408, 0.979368, 0.979135, 0.980095, 0.980382, 0, 0.774831, 0, 1.19214, 1.19353, 1.19449, 1.14171, 1.28209, 0, 0, 1.09548, 1.0964, 1.05403, 1.0547, 1.29242, 0.791663, 0.729155, 0.730115, 0.731123, 0, 0, 1.18206, 1.21951, 1.22058, 1.22154, 1.2225, 0, 0, 0, 0.770578, 0.771554, 1.67485, 1.67574, 1.67644, 1.47021, 1.47121, 0.842585, 0.807202, 0.77704, 0.832834, 0.833794, 0, 0, 0, 0, 1.49063, 1.49142, 1.37893, 1.41018, 1.41116, 0, 0, 0, 1.38414, 1.3851, 1.49752, 1.54359, 1.54449, 1.25852, 1.25942, 0.760154, 0, 0, 0, 0, 0, 0, 0, 0, 0, 0, 0, 0, 0, 0, 0, 1.52243, 1.52301, 1.5243, 1.51097, 1.51268, 1.01697, 1.0071, 1.00806, 1.00945, 0, 0, 0, 0, 0, 0, 0, 0, 0, 0, 0, 0, 0, 0, 0, 0, 0, 1.60029, 1.60125, 1.85303, 1.85405, 1.85439, 1.56235, 1.5637, 1.30044, 0.750363, 0, 0, 0, 0, 0, 0, 0, 0, 0.719885, 0.720701, 0.924226, 0.925951, 0.926911, 0.948203, 0.949163, 0.889542, 0.793573, 0.794917, 0.71791, 0.71887, 0, 1.0916, 1.0924, 1.05702, 1.13617, 1.13713, 0, 0, 0, 0, 1.22233, 1.25377, 1.25473, 1.25607, 1.25697, 0, 0, 0, 0.953042, 0.954002, 0.955195, 0.792784, 0.79368, 0, 0, 1.5712, 1.58578, 1.58674, 1.58735, 1.67168, 1.25595, 1.25675, 1.25776, 0.737132, 0, 0, 0, 0, 0.794564, 0.829007, 0.830105, 0.958231, 0.959191, 0.959869, 1.10018, 1.10095, 0.77363, 0.976113, 0.977241, 0.871035, 0.871995, 0.956245, 0, 0, 0.750841, 0.751801, 0.959443, 0.960403, 0.961902, 0.877554, 0.878514, 0.770962, 0.771923, 1.59888, 1.61998, 1.62089, 1.62186, 1.62268, 1.62364, 1.69114, 1.6921, 1.69319, 1.69449, 1.27854, 1.31065, 1.31166, 0.882202, 0.827455, 0.828799, 0, 0, 0, 0, 0.879636, 1.03513, 1.0359, 1.03659, 1.88345, 1.58865, 1.75889, 1.76002, 1.76093, 0.861892, 1.32866, 1.15979, 1.11219, 1.11315, 1.11385, 0, 0.748917, 0.749877, 0.845622, 0.954061, 0.955021, 0.955408, 1.01601, 1.01778, 0.9445, 0.946124, 0.946842, 0.797183, 0.849625, 0.861499, 0.862459, 1.74765, 1.74861, 1.56611, 1.74257, 1.74298, 1.13963, 1.74377, 1.74475, 1.56966, 1.60559, 1.65182, 0, 0.817166, 0.84753, 0.847825, 0.848977, 0.849937, 1.27084, 1.27956, 1.28052, 1.34059, 1.34237, 1.01123, 1.01244, 1.01334, 0.92712, 0, 0, 0.808853, 0.924423, 0.92484, 0.926184, 0.92708, 0.926486, 0.76968, 0.9011, 1.11471, 1.11548, 1.18151, 1.18249, 1.18326, 0.949316, 1.03884, 0.838139, 0.942913, 0.980268, 0.981165, 0.821911, 0.857423, 0.847356, 0.78504, 0.943622,
0, 0, 0, 0, 0, 0, 0, 0, 0, 0, 0, 0, 0, 0, 0, 0, 0, 1.05824, 1.16008, 1.28384, 1.28292, 1.28192, 0.863053, 0.96763, 0.948114, 1.00098, 1.00003, 0.927022, 0, 0, 0, 0, 0, 0, 0, 0, 0, 0, 0.779419, 0, 0, 0, 0, 0, 0, 0, 0.843723, 0.811997, 0.945751, 0, 0, 0, 0, 0, 0, 0.80493, 0.804167, 0.803213, 0, 0, 0, 0, 0, 0, 0, 0, 0, 0, 0, 0, 0.847874, 0.713236, 0.712282, 0.859877, 0, 0, 0, 0, 0, 0, 0, 0, 0, 0, 0, 0, 0, 0, 0, 0, 0, 1.03258, 1.10721, 1.10626, 1.06687, 1.06591, 0, 0, 0, 0, 0, 0, 0, 0, 0, 0, 0, 0, 0, 0, 0, 0, 0, 0, 0, 0, 0, 0, 0, 0, 0.763341, 1.14535, 1.03182, 1.03087, 1.06255, 0, 0, 0, 0, 0, 0, 0, 0, 0, 0, 0, 0, 0, 0, 0, 0, 0, 0, 0, 0, 0, 0, 0, 0, 0, 0, 0, 0, 0, 0, 0, 0, 0, 0, 0, 0, 0, 0, 0, 0, 0, 0, 0, 0, 0, 0, 0, 0, 0, 0, 0, 0, 0, 0.709929, 0, 0, 0, 0, 0, 0.942, 0.941452, 0.93644, 0.935486, 1.03026, 0, 0, 0, 0, 0, 0, 0, 0, 0, 1.10032, 1.09942, 0.988625, 1.26939, 1.26843, 0, 0, 0, 0, 0, 0, 0, 0, 0, 0, 0, 0, 0.784134, 0.990601, 0.989647, 0.874431, 0.873477, 0, 0, 0, 0, 0, 0, 0, 0, 0, 0, 1.27846, 1.06813, 1.06718, 0.895925, 1.18659, 0, 0, 0, 0, 0, 0, 1.00708, 1.00653, 0.9858, 0.984846, 1.08936, 0, 0, 0, 0, 0, 0, 0, 0, 0, 0, 0, 0, 0, 0, 0, 0, 0, 0, 0, 0, 0.877374, 0.956372, 0.955418, 0.937908, 1.15941, 0.809404, 0.802533, 0.801404, 1.20907, 0.995107, 0.754739, 1.15104, 1.15023, 0, 0, 0, 0, 0, 0, 0, 0, 0, 0, 0, 0, 0, 0, 0, 0, 0, 0, 0, 0, 0.725196, 0.80761, 0.806656, 0.805925, 0, 0, 0, 0.872524, 0.918369, 0.917415, 0.916461, 0, 0, 0, 0, 1.18649, 0.809821, 0.973751, 0.972797, 0.972034, 0, 0, 0, 0, 0, 0, 0.782464, 0.821067, 0.819922, 0.819063, 0.99034, 0, 0, 0, 0, 0, 0, 0, 0, 0, 0, 0, 0, 0, 0, 0, 0, 0, 0, 0, 0, 0, 0, 0, 0, 0, 0, 0, 0, 0, 0, 0, 0, 0, 0, 0, 0, 0, 0, 0, 0, 0, 0, 0, 0, 0, 0, 0, 0, 0.795254, 0, 0, 0, 0, 0, 0, 0, 0, 0, 0, 0, 0, 0, 0, 0.713356, 0.712449, 0, 0, 0, 0, 0, 0, 0, 1.08294, 1.02668, 1.07377, 0.865425, 0.86428, 0, 0, 0, 0, 0, 0, 0, 0, 0, 0.738174, 0.737626, 0, 0.902056, 0.901571, 0, 0, 0, 0, 0, 0.913107, 1.06837, 1.06764, 0.723949, 0.72282, 0, 0, 0, 0, 0, 0, 0, 0, 0, 0, 0, 0, 0, 0, 0, 0, 0.787906, 0.889703, 0.888979, 0, 0.992612, 0, 0, 0, 0, 0, 0, 0, 0, 0, 0, 0, 0, 0, 0, 0, 0, 0, 0, 0, 0, 0, 0.74338, 0.822068, 1.07175, 1.28731, 1.28612, 0.936109, 0.935202, 0, 0, 0, 0, 0, 0, 0, 0, 0, 0, 0, 0, 0, 0, 0, 0, 0, 0, 0, 0, 0, 0, 0, 0, 0, 0, 0, 0, 0, 0, 0, 0, 0, 0, 0, 0, 0, 0, 0, 0, 0, 0, 0, 0, 0, 0, 0, 0, 0.751295, 0.750341, 1.01934, 1.10197, 0, 0, 0, 0, 0, 0, 0, 0, 0, 0, 0, 0, 0, 0, 0, 0, 0, 0, 0, 0, 0, 0, 0, 0, 0, 0, 0, 0, 0, 0, 0, 0, 0, 0, 0, 0, 0.728303, 0.727111, 0.726157, 0.791886, 0.790932, 1.04671, 1.04598, 0, 0, 0, 0, 0, 0, 0, 0, 0, 0, 0, 0, 0, 0, 0.916401, 0, 0, 0.755316, 0.754553, 0, 0, 0, 0, 0, 0, 0, 0, 0, 0, 0, 0, 0, 0, 0, 0, 0, 0, 0, 0, 0, 0, 0, 0, 0, 0.928807, 0.928426, 0, 0.927615, 0.92713, 0, 0, 0, 0, 0, 0, 0, 0, 0, 0, 0, 0, 0, 0, 0, 0, 0, 0, 0, 0, 0, 0, 0, 0, 0, 0, 0, 0, 0, 0, 0, 0, 0, 0, 0, 0, 0, 0, 0, 0, 0, 0, 0, 0,
0, 0, 0, 0, 0, 0, 0, 0, 0, 0, 0, 0, 0, 0, 0, 0, 0, 0, 0, 0, 0, 0, 0, 0, 0, 0, 0, 0, 0, 0, 0, 0, 0, 0, 0, 0, 0, 0, 0, 0, 0, 0, 0, 0, 0, 0, 0.823594, 0, 0.750761, 0, 0, 0, 0, 0, 0, 0, 0, 0, 0, 0, 0, 0, 0, 0, 0, 0, 0, 0, 0, 0, 0.746953, 0, 0, 0.702999, 0, 0, 0, 0, 0, 0, 0, 0, 0, 0, 0, 0, 0, 0, 0, 0, 0, 0, 0.745473, 0.745684, 0, 0, 0, 0, 0, 0, 0, 0.739024, 0, 0, 0, 0, 0, 0, 0, 0, 0, 0, 0, 0, 0, 0, 0, 0, 0, 0, 0, 0.700864, 0, 0, 0.724363, 0, 0, 0, 0, 0, 0, 0, 0, 0, 0, 0, 0, 0, 0, 0, 0, 0, 0, 0, 0, 0.922938, 0.986863, 0.987074, 0.907751, 0.907962, 0, 0, 0, 0, 0, 0, 0, 0, 0, 0, 0, 0, 0, 0, 0, 0, 0, 0, 0, 0, 0, 0, 0, 0, 0.765694, 0.711216, 0, 0.710375, 0.793293, 0, 0, 0, 0, 0, 0, 0, 0, 0, 0.809389, 0, 0, 0, 0, 0, 0, 0, 0, 0, 0.729513, 0.729682, 0.857021, 1.05629, 1.0565, 0.722259, 0.72247, 0, 0, 0, 0, 0, 0, 0, 0, 0, 0, 0.852652, 0.852863, 1.11925, 1.03976, 1.03996, 1.00256, 0.921513, 0, 0, 0, 0, 0, 0, 0, 0, 0.882519, 0.78432, 0.784531, 0, 0.906165, 0, 0, 0, 0, 0, 0, 0, 0, 0, 0, 0, 0, 0.740882, 0, 0, 0, 0, 0, 0, 0, 0, 0, 0, 0, 0.720665, 0.720876, 0.783777, 0.783988, 0.71115, 0, 0, 0.74116, 0.843739, 0.84395, 0.787446, 0.799796, 0.721286, 0.721497, 0.721746, 0, 0, 0, 0, 0, 0, 0.80695, 0.80715, 0, 0, 0, 0, 0, 0.710187, 0.710346, 0, 0, 0, 0, 0, 0, 0, 0, 0, 0, 0.711423, 0.828065, 0.828276, 0.828452, 0.726797, 0, 0.784608, 1.09475, 1.00886, 1.00907, 1.00928, 1.05148, 0.741773, 0, 0, 0.76386, 0.764725, 0.837119, 0.83733, 0.837545, 0, 0, 0, 0, 0, 0, 0.793795, 0.706777, 0.706977, 0.707093, 0.929248, 0.771517, 0, 0.795784, 0.795994, 0, 0, 0, 0, 0, 0, 0.721698, 0.834457, 0.834668, 0.834879, 0, 0, 0, 0, 0, 0.839361, 0, 0.955146, 0, 0, 0, 0, 0, 0, 0, 0, 0, 0, 0, 0, 0, 0, 0, 0, 0.729906, 0.730117, 0.734978, 0, 0, 0, 0, 0.750671, 0.750881, 0, 0.837154, 0, 0, 0.721947, 0.754252, 0, 0, 0.947556, 0.710517, 0, 0, 0, 0, 0, 0, 0.823047, 0.823268, 0, 0, 0, 0, 0, 0, 0, 1.0552, 0.936471, 1.02105, 0.813747, 0.813955, 0.863862, 0.761789, 0, 0.809668, 0.809879, 0, 0, 0, 0, 0.771871, 0.77206, 0, 0, 0, 0, 0, 0, 0, 0, 0, 0.719426, 0.950603, 0.837512, 0.837762, 1.03169, 0.841598, 0.792483, 0, 0.909809, 0, 0, 0, 0, 0, 0, 0, 0, 0, 0, 0, 0, 0.758747, 0.75893, 0, 0.7499, 0, 0, 0, 0.847142, 0, 0, 0, 0, 0, 0, 0, 0, 0, 0, 0, 0, 0, 0.712359, 0.712622, 0, 0, 1.0258, 0.949186, 1.26769, 1.26794, 1.06217, 0.941811, 0.846406, 0.787122, 0, 0, 0, 0, 0, 0, 0, 0, 0, 0, 0, 0, 0, 0, 0, 0, 0, 0, 0, 0, 0, 0, 0, 0, 0, 0.824102, 0.824312, 0, 0, 0, 0, 0, 0, 0, 0, 0, 0, 0, 0, 0, 0, 0.706415, 0, 0, 0, 0, 0.773279, 0.876445, 0.876656, 0.987652, 1.09344, 0.961553, 0.923227, 0.923434, 0, 0, 0, 0, 0, 0, 0.729343, 0, 0.824812, 0.825023, 0.71582, 0, 0, 0, 0, 0, 0, 0, 0.980756, 0, 0, 0.904422, 0.904633, 0, 0, 0.983911, 0.741145, 0.741356, 0, 0, 0.830068, 0.932605, 0.932823, 0.882253, 0.882502, 0.882713, 0.949421, 0.949632, 1.01824, 1.01842, 0.951641, 0.983919, 0.984119, 0, 0, 0, 0, 0, 0, 0, 0, 0.830906, 0.831106, 0.831219, 1.24843, 0.904531, 0.782184, 0.956614, 0.956828, 0, 0.777497, 0, 0, 0, 0, 0, 0, 0, 0, 0.815219, 0.81543, 0, 0.943968, 0.86184, 0, 0, 0.800225, 0, 0, 0, 0, 1.00522, 1.00543, 0.821965, 0.851302, 0.851384, 0, 0.851565, 0.851695, 0, 0, 0.805432, 0, 0, 0, 0, 0, 0, 0, 0, 0, 0.894719, 0.894908, 0, 0, 0, 0, 0, 0, 0, 0, 0, 0, 0, 0, 0, 0, 0, 0, 0.809373, 0.809626, 0, 0, 0, 0, 0, 0, 0, 0, 0, 0, 0, 0,
0, 0, 0, 0, 0, 0, 0, 0, 0, 0, 0, 0, 0, 0, 0, 0, 0, 0, 0, 0, 0, 0, 0, 0, 0, 0, 0, 0, 0, 0, 0, 0, 0, 0, 0, 0, 0, 0, 0, 0, 0, 0, 0, 0, 0, 0, 0, 0, 0, 0, 0, 0, 0, 0, 0, 0, 0, 0, 0, 0, 0, 0, 0, 0, 0, 0, 0, 0, 0, 0, 0, 0, 0, 0, 0, 0, 0, 0, 0, 0, 0, 0, 0, 0, 0, 0, 0, 0, 0, 0, 0, 0.716952, 0.718272, 0.719592, 0.716966, 0.718286, 0, 0, 0, 0, 0.70073, 0.701992, 0, 0, 0, 0, 0, 0, 0, 0, 0, 0, 0, 0, 0, 0, 0, 0, 0, 0, 0, 0.709741, 0.711853, 0.713173, 0.715001, 0, 0, 0, 0, 0, 0, 0, 0, 0, 0, 0, 0, 0, 0, 0, 0, 0, 0, 0, 0, 0.878903, 0.943723, 0.944889, 0.947163, 0.948483, 0, 0, 0, 0, 0, 0, 0, 0, 0, 0, 0, 0, 0, 0, 0, 0, 0, 0, 0, 0, 0, 0, 0, 0, 0.87559, 0.78454, 0, 0.785894, 0.870117, 0, 0, 0, 0, 0, 0.704682, 0.70587, 0.719519, 0.720839, 0.90208, 0, 0, 0.764549, 0.765869, 0, 0, 0.786767, 0, 0, 0.932183, 0.933767, 1.06218, 1.06332, 1.06464, 0.930486, 0.931806, 0, 0, 0, 0.718888, 0.720208, 0, 0, 0, 0, 0, 0.839628, 0.840948, 1.1085, 1.10889, 1.10979, 1.05413, 1.02992, 0, 0, 0, 0, 0.815434, 0.816952, 0.882083, 0.883403, 0.919104, 0.920424, 0.921744, 0.832806, 0.833994, 0, 0, 0, 0, 0, 0, 0.844659, 0.845847, 0.837751, 0.839071, 0.840105, 0, 0.800698, 0.744451, 0.745474, 0, 0, 0, 0, 0, 0, 0, 0, 0, 0.913806, 0.915126, 0.979136, 0.980456, 0.98204, 0.81546, 0.81678, 1.01563, 1.01669, 1.01801, 0.962615, 0.963757, 0.844644, 0.846229, 0.847571, 0.815522, 0.766518, 0.757209, 0.905074, 0.906361, 0.74144, 1.09695, 1.09821, 0.727761, 0.72908, 0.810936, 0, 0, 1.00686, 1.00785, 0.900138, 0.901458, 0.903306, 0, 0, 0, 0, 0, 0, 0.863654, 0.864974, 0.982979, 0.984299, 0.9856, 0.930177, 0.886439, 1.10119, 1.10246, 1.01738, 1.0187, 1.02002, 1.06333, 1.06477, 0.85285, 0.853675, 1.02102, 1.09182, 1.09378, 1.0951, 1.0964, 0.844232, 0, 0.816227, 0.818038, 0.8196, 0.795329, 1.13226, 1.04613, 1.04739, 1.04811, 1.18235, 1.02553, 1.02653, 1.0289, 1.03022, 0.94944, 0.815957, 0.817277, 0, 0, 0.845441, 1.07597, 1.07719, 1.07851, 1.07983, 0, 0.765732, 0, 0.784909, 0.786229, 0.826376, 0.766822, 0.944379, 0.945765, 0.947085, 0.792978, 0.794826, 0, 0, 0, 0.778728, 0.791487, 0.792999, 0.794319, 0.796794, 0.758276, 0.723835, 1.03757, 1.03889, 1.04174, 1.04306, 1.04941, 0.760289, 0.808919, 0.700502, 1.03516, 1.04564, 1.04696, 1.04774, 1.0745, 0.84847, 0.849732, 0.890725, 0.971134, 0.972181, 0.973172, 0.973964, 0.792502, 0, 0, 0, 0.779054, 0.77989, 1.07694, 1.0781, 1.07968, 0.799654, 0.800974, 0.734903, 0.744453, 0.745773, 0.924939, 0.926193, 1.16648, 1.06255, 1.1344, 1.13584, 1.13719, 1.18792, 1.19004, 1.00495, 1.2053, 1.20662, 0.804523, 0.901769, 0.901647, 0.790199, 1.20783, 1.20901, 0.938071, 1.10358, 1.10503, 0.803316, 0.804614, 0.805934, 0.945309, 0.946629, 1.00897, 1.01022, 1.24246, 1.13027, 1.13146, 1.3209, 1.13208, 1.10876, 1.08557, 1.36578, 0.82305, 0.823578, 0.824271, 0.987128, 0.709821, 0.711405, 0.712725, 0.714045, 0, 0.744812, 0.746066, 1.12444, 1.12523, 1.12706, 1.10743, 1.10986, 0.996982, 0.99883, 1.00015, 1.23237, 0.991509, 0.986857, 0.988177, 1.08842, 0.98363, 0.983148, 0.984469, 0.985936, 0.848804, 0.780741, 1.05661, 1.05793, 0.859941, 1.20471, 1.20636, 0.932754, 0.996418, 1.35259, 1.34483, 1.34615, 1.34724, 1.31103, 1.19191, 1.19376, 1.13533, 1.07986, 0.841572, 0.842892, 0.844212, 0, 0, 0.909789, 0.911109, 0.912429, 0.989902, 0.990969, 1.02018, 1.02255, 1.02387, 1.02154, 1.02286, 0.979151, 0.921989, 0.923837, 0.858227, 0.859547, 0.766337, 1.06341, 1.06653, 1.06747, 1.2659, 1.26722, 1.02677, 0.974304, 0.975624, 0, 1.0672, 1.233, 1.23432, 1.23617, 1.23762, 0.928034, 0.838026, 0.839346, 1.013, 1.01432, 1.03292, 1.00913, 1.01058, 0.954742, 0.956062, 1.32946, 1.33085, 1.33217, 1.33184, 1.43881, 1.42087, 1.42198, 1.42332, 1.17722, 0.873997, 0.924329, 0.925385, 0.926705, 1.06079, 1.1001, 1.06994, 1.07113, 1.07245, 1.04687, 1.10625, 1.10724, 0.893602, 1.10792, 1.10944, 1.01131, 1.01263, 1.5635, 1.24484, 1.24616, 1.29205, 1.29337, 1.14371, 1.14503, 1.33116, 1.33301, 1.33433, 1.17696, 1.17828, 1.42647, 1.42779, 1.42908, 1.37934, 1.38041, 1.38173, 1.40507, 1.40639, 1.4079, 1.40973, 1.39134, 1.39152, 1.39277, 0.996877, 1.0431, 1.04476, 1.04608, 1.0474, 1.04872, 0.734899, 0.977085, 1.33881, 1.33987, 1.34086, 1.52634, 1.52781, 1.40657, 1.40813, 1.40943, 1.0678, 1.23229, 1.1891, 0.988606, 0.989926, 1.18598, 0.950098, 1.09815, 1.09947, 1.17647, 1.17775, 1.17907, 1.17448, 1.30957, 1.22853, 1.23005, 1.25001, 1.3579, 1.1317, 1.12761, 1.15485, 1.15617, 1.47434, 1.47566, 1.47585, 1.43689, 1.43755, 1.27173, 1.43854, 1.44, 1.2004, 1.2291, 1.43045, 1.0789, 1.17828, 1.22669, 1.22801, 1.18669, 1.18801, 1.26377, 1.34392, 1.34524, 1.44853, 1.45097, 1.2451, 1.1088, 1.11025, 0.946999, 0.875515, 0.876835, 1.08552, 1.21172, 1.21229, 1.21414, 1.21559, 1.13415, 0.987441, 1.07128, 1.21189, 1.21295, 1.26509, 1.26668, 1.21198, 1.01613, 1.15983, 1.03555, 1.24735, 1.29474, 1.2958, 1.19471, 1.19583, 1.10244, 1.00856, 1.15758,
0, 0, 0, 0, 0, 0, 0, 0, 0, 0, 0, 0, 0, 0, 0, 0, 0, 0, 0, 0, 0, 0, 0, 0, 0, 0, 0, 0, 0, 0, 0, 0, 0, 0, 0, 0, 0, 0, 0, 0, 0, 0, 0, 0, 0.700868, 0.702308, 0.704104, 0, 0, 0, 0, 0, 0, 0, 0, 0, 0, 0, 0, 0, 0, 0, 0, 0, 0, 0, 0, 0, 0, 0, 0, 0, 0, 0, 0, 0, 0, 0, 0, 0, 0, 0, 0, 0, 0, 0, 0, 0, 0, 0, 0, 0.726831, 0.728271, 0.729711, 0.727139, 0.728579, 0, 0, 0, 0.710374, 0.711814, 0.71319, 0, 0, 0, 0, 0, 0, 0, 0, 0, 0, 0, 0, 0, 0, 0, 0, 0, 0, 0, 0.72303, 0.725334, 0.726774, 0.728528, 0, 0, 0, 0, 0, 0, 0, 0, 0, 0, 0, 0, 0, 0, 0, 0, 0, 0, 0, 0, 0.8948, 0.959907, 0.961178, 0.963658, 0.965098, 0, 0, 0, 0, 0, 0, 0, 0, 0, 0, 0, 0, 0, 0, 0, 0, 0, 0, 0, 0, 0, 0, 0, 0, 0.894904, 0.803845, 0.701564, 0.805355, 0.889713, 0, 0, 0, 0, 0, 0.72503, 0.726219, 0.739988, 0.741428, 0.92274, 0, 0, 0.785806, 0.787246, 0, 0, 0.808316, 0, 0, 0.954092, 0.95582, 1.08433, 1.08557, 1.08701, 0.953159, 0.954599, 0, 0, 0, 0.742111, 0.743551, 0, 0, 0, 0, 0.703569, 0.863644, 0.865084, 1.13267, 1.13318, 1.13417, 1.07861, 1.05472, 0, 0, 0, 0, 0.840691, 0.842383, 0.90761, 0.90905, 0.944733, 0.946173, 0.947613, 0.858957, 0.860013, 0, 0, 0, 0, 0, 0, 0.871548, 0.872736, 0.86476, 0.8662, 0.86728, 0, 0.828277, 0.771923, 0.772979, 0.707847, 0.710287, 0, 0, 0, 0, 0, 0, 0, 0.942755, 0.944195, 1.00833, 1.00977, 1.01149, 0.844983, 0.846423, 1.04528, 1.04644, 1.04788, 0.9926, 0.993846, 0.87482, 0.876548, 0.87806, 0.846253, 0.797231, 0.788016, 0.936027, 0.937371, 0.772608, 1.12828, 1.12979, 0.759493, 0.760934, 0.842795, 0, 0, 1.03903, 1.04019, 0.93254, 0.93398, 0.935997, 0, 0, 0, 0, 0, 0, 0.897023, 0.898463, 1.01661, 1.01805, 1.01933, 0.964017, 0.920552, 1.13559, 1.13687, 1.05193, 1.05337, 1.05481, 1.09824, 1.09981, 0.888021, 0.888885, 1.05643, 1.12731, 1.1293, 1.13074, 1.13211, 0.880201, 0.727278, 0.852395, 0.854227, 0.855883, 0.831782, 1.16884, 1.0828, 1.08431, 1.08507, 1.21949, 1.06281, 1.0639, 1.06649, 1.06793, 0.987198, 0.85381, 0.85525, 0, 0, 0.883756, 1.1144, 1.11573, 1.11717, 1.11861, 0.727773, 0.804785, 0, 0.824152, 0.825592, 0.865697, 0.806475, 0.98394, 0.985432, 0.986872, 0.833061, 0.835077, 0.720774, 0.722275, 0.724539, 0.819506, 0.832311, 0.83396, 0.8354, 0.83786, 0.79969, 0.765369, 1.07927, 1.08071, 1.0835, 1.08494, 1.09145, 0.802412, 0.851, 0.742865, 1.07762, 1.08828, 1.08972, 1.09056, 1.11747, 0.891559, 0.892936, 0.934079, 1.01465, 1.01579, 1.0168, 1.01764, 0.836463, 0.737861, 0.739301, 0.740813, 0.823355, 0.824255, 1.12133, 1.12251, 1.12424, 0.844234, 0.845674, 0.77976, 0.789594, 0.791034, 0.970248, 0.97176, 1.21201, 1.1082, 1.18011, 1.18168, 1.18319, 1.23416, 1.23647, 1.05147, 1.25191, 1.25335, 0.851436, 0.948933, 0.9488, 0.837324, 1.25506, 1.25624, 0.985404, 1.15105, 1.15253, 0.850913, 0.852281, 0.853721, 0.993216, 0.994656, 1.05714, 1.05865, 1.29106, 1.17877, 1.18012, 1.36958, 1.18095, 1.15797, 1.13482, 1.41521, 0.872585, 0.873161, 0.873881, 1.03687, 0.759642, 0.76137, 0.76281, 0.76425, 0, 0.795169, 0.796681, 1.17505, 1.17592, 1.17786, 1.1584, 1.16096, 1.04828, 1.0503, 1.05174, 1.28392, 1.04316, 1.03881, 1.04025, 1.14058, 1.03593, 1.03558, 1.03702, 1.03839, 0.901595, 0.833592, 1.10967, 1.11111, 0.913196, 1.25808, 1.25973, 0.986318, 1.05019, 1.4062, 1.39861, 1.40005, 1.40128, 1.36517, 1.24615, 1.24816, 1.18983, 1.13448, 0.896433, 0.897873, 0.899313, 0, 0, 0.965221, 0.966661, 0.968101, 1.04576, 1.04694, 1.07633, 1.07892, 1.08036, 1.07812, 1.07956, 1.03569, 0.978812, 0.980828, 0.915364, 0.916804, 0.823598, 1.12085, 1.12415, 1.12518, 1.32357, 1.32501, 1.0847, 1.03243, 1.03387, 0, 1.12568, 1.29161, 1.29305, 1.29507, 1.29641, 0.986921, 0.897147, 0.898587, 1.0724, 1.07384, 1.09248, 1.06894, 1.07028, 1.01463, 1.01607, 1.38959, 1.39111, 1.39255, 1.39233, 1.49938, 1.48151, 1.48271, 1.48422, 1.23852, 0.935302, 0.985754, 0.986906, 0.988346, 1.12259, 1.16205, 1.13204, 1.13309, 1.13453, 1.10921, 1.16866, 1.16982, 0.956172, 1.17058, 1.1723, 1.07423, 1.07567, 1.62665, 1.30804, 1.30948, 1.35558, 1.35702, 1.20727, 1.20871, 1.39494, 1.39696, 1.3984, 1.24119, 1.24264, 1.49091, 1.49235, 1.49369, 1.44409, 1.44532, 1.44676, 1.47022, 1.47166, 1.47331, 1.47526, 1.45704, 1.45731, 1.45882, 1.06298, 1.10929, 1.11103, 1.11254, 1.11398, 1.11542, 0.801708, 1.04401, 1.40597, 1.40712, 1.40813, 1.5936, 1.5952, 1.47408, 1.47578, 1.47715, 1.13583, 1.30044, 1.25732, 1.05698, 1.05842, 1.25459, 1.01876, 1.167, 1.16844, 1.2454, 1.2467, 1.24814, 1.24395, 1.37886, 1.29803, 1.29983, 1.31996, 1.42784, 1.2019, 1.19796, 1.22536, 1.2268, 1.5449, 1.54634, 1.54666, 1.50778, 1.50847, 1.34268, 1.50958, 1.51114, 1.2715, 1.30038, 1.50184, 1.15053, 1.25014, 1.29866, 1.3001, 1.25883, 1.26027, 1.33612, 1.41647, 1.41791, 1.52124, 1.5239, 1.31815, 1.18195, 1.1833, 1.02028, 0.948886, 0.950326, 1.15925, 1.28556, 1.28618, 1.2882, 1.28954, 1.20829, 1.06177, 1.14562, 1.28625, 1.2874, 1.34006, 1.34179, 1.28715, 1.09135, 1.23517, 1.11101, 1.32292, 1.37026, 1.3716, 1.27069, 1.27182, 1.17862, 1.08481, 1.23399,
0, 0, 0, 0, 0, 0, 0, 0, 0, 0, 0, 0, 0, 0, 0, 0, 0, 1.15368, 1.23322, 1.35256, 1.34264, 1.34356, 0.927225, 1.10338, 0.989368, 1.0189, 1.01977, 0.956378, 0, 0, 0, 0, 0, 0, 0, 0, 0, 0, 0.909542, 0, 0, 0, 0, 0, 0, 0, 1.05632, 0.892118, 0.984719, 0, 0.716726, 0, 0, 0, 0, 0.895089, 0.895938, 0.896809, 0, 0, 0, 0, 0, 0, 0, 0, 0, 0, 0, 0.781531, 0.916979, 0.78414, 0.785011, 0.935149, 0, 0, 0, 0, 0, 0, 0, 0, 0, 0, 0, 0, 0, 0, 0, 0, 0, 1.33518, 1.41123, 1.4121, 1.26132, 1.26219, 0, 0, 0, 0.817007, 0.817878, 0.978319, 0, 0.834968, 0, 0, 0, 0, 0, 0, 0.737663, 0.738534, 0, 0, 0.728613, 0, 0, 0, 0, 0, 0.926911, 1.29011, 1.23394, 1.23481, 1.3345, 0.810563, 0, 0, 0, 0, 0.729404, 0.730072, 0.730732, 0.704036, 0, 0.727771, 0.728642, 0.745047, 0.745918, 0, 0, 0, 0, 0, 0, 1.01943, 1.10627, 1.05937, 1.1284, 1.12927, 0, 0, 0, 0, 0, 0, 0, 0, 0, 0, 0.762594, 0.763436, 0.76596, 0, 0, 0, 0.752487, 0.785092, 0.785629, 0.755542, 0.85672, 0, 0, 0, 1.09135, 1.04068, 0.866279, 1.04103, 1.12448, 0.717942, 0, 0.73394, 0, 0, 1.21181, 1.2126, 1.2258, 1.22667, 1.44788, 0, 0, 0.752636, 0.753507, 0, 0, 0.773073, 0, 0, 1.43308, 1.43413, 1.56218, 1.84436, 1.84523, 0.846113, 0.846985, 0, 0, 0, 0.886014, 0.886885, 0, 0, 0, 0, 0.793001, 1.3, 1.39926, 1.66621, 1.66713, 1.66804, 1.25233, 1.1613, 0, 0, 0, 0, 0.815597, 0.816635, 0.881407, 0.882278, 1.78809, 1.48737, 1.48824, 1.3184, 1.40405, 0, 0, 0, 0, 0, 0, 1.32732, 1.32811, 1.39789, 1.39876, 1.47094, 0, 0.863929, 0.761577, 0.762245, 0, 0, 0, 0, 0, 0, 0, 0, 0, 0.940793, 0.941664, 1.00522, 1.0061, 0.873953, 0.704995, 0.705866, 1.48758, 1.5675, 1.56837, 1.51253, 1.73066, 1.38139, 1.38226, 1.3833, 1.5296, 1.4627, 1.22451, 1.62182, 1.62253, 0.810153, 1.16537, 1.16623, 0, 0, 0.817319, 0, 0, 0.967398, 0.968066, 0.880525, 0.881396, 0.882137, 0, 0, 0, 0, 0, 0, 1.14919, 1.38948, 1.50672, 1.5076, 1.50826, 0.980437, 0.758543, 1.30336, 1.48175, 1.39649, 1.39736, 1.39823, 1.12751, 0.93543, 0.722884, 0.72332, 1.72417, 1.54249, 1.70856, 1.70943, 1.71031, 0.954278, 0.800786, 0.796128, 0.796839, 0.7975, 0, 1.5783, 1.49181, 1.49267, 1.49311, 1.73961, 1.0228, 0.889408, 1.07523, 1.0761, 0.918385, 0, 0, 0, 0, 1.03264, 1.26294, 1.29615, 1.29702, 1.29789, 0, 0, 0, 0, 0, 0.826476, 0, 0.945946, 0.930214, 0.931085, 0, 0, 0, 0, 0.701768, 0.82099, 0.900593, 0.901254, 0.807957, 0.757791, 0, 0, 1.10638, 1.10725, 1.2226, 1.22347, 1.23254, 0.741751, 0.880443, 0, 1.29736, 1.33252, 1.33339, 1.41557, 1.44146, 0.801099, 0, 1.25485, 1.1581, 1.13803, 1.13866, 1.19219, 0.722656, 0, 0, 0, 0, 0, 1.32135, 1.56138, 1.5622, 1.27111, 1.27198, 0, 0, 0, 0.770614, 0.77147, 1.7566, 1.63866, 1.72377, 1.6263, 1.62717, 1.07381, 1.01753, 0.832299, 1.03074, 1.03161, 0, 0.797363, 0.731975, 0, 1.6144, 1.61519, 1.34384, 1.62213, 1.62283, 0, 0, 0, 1.34863, 1.34951, 1.64669, 1.65808, 1.94022, 1.59829, 1.59932, 1.24866, 1.05926, 1.0112, 0.901495, 1.17983, 0, 0, 0, 0.845019, 0, 0, 0, 0, 0, 0, 0, 1.55793, 1.68817, 1.68883, 1.4996, 1.79748, 1.09271, 1.01505, 1.01592, 1.30109, 0.904709, 0.852222, 0.853093, 1.00201, 0.894595, 0.788316, 0.789187, 0.807999, 0, 0, 0.859639, 0.86051, 0, 1.00611, 1.00676, 0.732514, 0.802049, 1.79703, 1.80505, 1.98913, 2.0244, 1.98792, 1.63865, 1.63947, 1.58091, 0.874684, 0, 0, 0, 0, 0, 0.702159, 0.703031, 0.703902, 0.830143, 0.830883, 0.877458, 1.02637, 1.02724, 1.13811, 1.13898, 0.99658, 0.848458, 0.849678, 0, 0, 0, 1.05727, 1.19433, 1.06034, 1.31172, 1.31259, 0.809101, 0.757006, 0.757877, 0, 1.17898, 1.45753, 1.4584, 1.45914, 1.45985, 0.70568, 0, 0, 0.895832, 0.896703, 1.0869, 0.908917, 0.909759, 0.7765, 0.777371, 1.68737, 1.82874, 1.82961, 2.08503, 2.19129, 1.52915, 1.52985, 1.53071, 0.948558, 0, 0, 0, 0, 0.829997, 0.964151, 0.838441, 0.943984, 0.944855, 0.836178, 0.940656, 0.941324, 0.727253, 1.048, 1.04871, 0.824398, 0.825269, 1.37591, 1.00855, 1.00943, 1.1576, 1.15847, 0.905091, 0.905963, 1.23943, 1.09274, 1.09361, 0.953757, 0.954628, 1.76796, 1.84771, 1.84855, 1.79865, 1.79969, 1.80056, 1.88463, 1.88551, 2.14268, 2.14334, 1.37261, 1.3307, 1.33139, 0.898884, 0.944961, 0.94618, 0.79758, 0.798451, 0.799322, 0, 0.762995, 1.13286, 1.13355, 1.13419, 2.09006, 1.85857, 1.73688, 1.81248, 1.81336, 0.965034, 1.38079, 1.26276, 1.0615, 1.06237, 1.2582, 0, 0.842126, 0.842997, 1.02104, 1.08441, 1.08528, 0.938284, 1.21484, 1.13346, 0.970378, 1.15973, 1.26682, 0.994381, 0.951273, 0.982434, 0.983305, 1.83583, 1.83671, 1.79421, 2.00545, 2.00589, 1.08705, 2.00654, 2.00724, 1.51697, 1.58358, 1.8114, 0.812267, 0.976357, 1.12177, 1.12264, 0.918425, 0.919297, 1.31794, 1.29866, 1.29953, 1.5529, 1.55357, 1.22327, 1.03418, 1.03502, 0.852005, 0, 0, 0.820255, 0.969428, 0.94608, 0.947299, 0.948142, 0.881428, 0.709515, 0.86731, 1.13549, 1.13619, 1.32692, 1.32778, 1.08993, 0.89356, 1.10099, 0.782205, 0.993778, 1.14373, 1.14464, 0.910598, 0.986005, 0.883629, 0.723453, 0.896976,
0, 0, 0, 0, 0, 0, 0, 0, 0, 0, 0, 0, 0, 0, 0, 0, 0, 1.09762, 1.09545, 1.09274, 1.07902, 1.07576, 0, 0, 0, 0, 0, 0, 0, 0, 0, 0, 0, 0, 0, 0, 0, 0, 0, 0, 0, 0, 0, 0, 0, 0, 0, 0, 0, 0, 0, 0, 0, 0, 0, 0, 0, 0, 0, 0, 0, 0, 0, 0, 0, 0, 0, 0, 0, 0, 0, 0, 0, 0, 0, 0, 0, 0, 0, 0, 0, 0, 0, 0, 0, 0, 0, 0, 0, 0, 0, 0.966981, 0.96427, 0.961559, 0.954246, 0.951535, 0, 0, 0, 0, 0, 0, 0, 0, 0, 0, 0, 0, 0, 0, 0, 0, 0, 0, 0, 0, 0, 0, 0, 0, 0, 0, 0, 0, 0, 0, 0, 0, 0, 0, 0, 0, 0, 0, 0, 0, 0, 0, 0, 0, 0, 0, 0, 0, 0, 0, 0, 0, 0, 0, 0, 0, 0, 0, 0, 0, 0, 0, 0, 0, 0, 0, 0, 0, 0, 0, 0, 0, 0, 0, 0, 0, 0, 0, 0, 0, 0, 0, 0, 0, 0, 0, 0, 0, 0, 0, 0, 0, 0.787659, 0, 0, 0, 0, 0, 0, 0, 0, 0, 0.776288, 0.774119, 0.897966, 0.895798, 0.893087, 0, 0, 0, 0, 0, 0, 0, 0, 0, 0, 0, 0, 0, 0, 0.703844, 0.700592, 0, 0, 0, 0, 0, 0, 0, 0, 0, 0, 0, 0, 0, 0, 0, 0, 0, 0, 0, 0, 0, 0, 0, 0, 0, 0, 0, 0, 0, 0, 0, 0, 0, 0, 0, 0, 0, 0, 0, 0, 0, 0, 0, 0, 0, 0, 0, 0, 0, 0, 0, 0, 0, 0, 0, 0, 0, 0, 0, 0, 0, 0, 0, 0, 0, 0, 0, 0, 0, 0, 0, 0, 0, 0, 0, 0, 0, 0, 0, 0, 0, 0, 0, 0, 0, 0, 0, 0, 0, 0, 0, 0, 0, 0, 0, 0, 0, 0, 0, 0, 0, 0, 0, 0, 0, 0, 0, 0, 0, 0, 0, 0, 0, 0, 0, 0, 0, 0, 0, 0, 0, 0, 0, 0, 0, 0, 0, 0, 0, 0, 0, 0, 0, 0, 0, 0, 0, 0, 0, 0, 0, 0, 0, 0, 0, 0, 0, 0, 0, 0, 0, 0, 0, 0, 0, 0, 0, 0, 0, 0, 0, 0, 0, 0, 0, 0, 0, 0, 0, 0, 0, 0, 0, 0, 0, 0, 0, 0, 0, 0, 0, 0, 0, 0, 0, 0, 0, 0, 0, 0, 0, 0, 0, 0, 0, 0, 0, 0, 0, 0, 0, 0, 0, 0, 0, 0, 0, 0, 0, 0, 0, 0, 0, 0, 0, 0, 0, 0, 0, 0, 0, 0, 0, 0, 0, 0, 0, 0, 0, 0, 0, 0, 0, 0, 0, 0, 0, 0, 0, 0, 0, 0, 0, 0, 0, 0, 0, 0, 0, 0, 0, 0, 0, 0, 0, 0, 0, 0, 0, 0, 0, 0, 0, 0, 0, 0, 0, 0, 0, 0, 0, 0, 0, 0, 0, 0, 0, 0, 0, 0, 0, 0, 0, 0, 0, 0, 0, 0, 0, 0, 0, 0, 0, 0, 0, 0, 0, 0, 0, 0, 0, 0, 0, 0, 0, 0, 0, 0, 0, 0, 0, 0, 0, 0, 0, 0, 0, 0, 0, 0, 0, 0, 0, 0, 0, 0, 0, 0, 0, 0, 0, 0, 0, 0, 0, 0, 0, 0, 0, 0, 0, 0, 0, 0, 0, 0, 0, 0, 0, 0, 0, 0, 0, 0, 0, 0, 0, 0, 0, 0, 0, 0, 0, 0, 0, 0, 0, 0, 0, 0, 0, 0, 0, 0, 0, 0, 0, 0, 0, 0, 0, 0, 0, 0, 0, 0, 0, 0, 0, 0, 0, 0, 0, 0, 0, 0, 0, 0, 0, 0, 0, 0, 0, 0, 0, 0, 0, 0, 0, 0, 0, 0, 0, 0, 0, 0, 0, 0, 0, 0, 0, 0, 0, 0, 0, 0, 0, 0, 0, 0, 0, 0, 0, 0, 0, 0, 0, 0, 0, 0, 0, 0, 0, 0, 0, 0, 0, 0, 0,
0, 0, 0, 0, 0, 0, 0, 0, 0, 0, 0, 0, 0, 0, 0, 0, 0, 1.1266, 1.14044, 1.19317, 1.19533, 1.19713, 0.781578, 0.805124, 0.806924, 0.809952, 0.811752, 0.803433, 0, 0, 0, 0, 0, 0, 0, 0, 0.727326, 0.729576, 0.731182, 0, 0, 0, 0, 0, 0, 0, 0.715584, 0.717744, 0.719995, 0, 0, 0, 0, 0, 0, 0.770541, 0.771981, 0.773781, 0, 0, 0, 0, 0, 0, 0, 0, 0, 0, 0, 0.867369, 0.869296, 0.854946, 0.856746, 0.864375, 0, 0, 0, 0, 0, 0, 0, 0, 0, 0, 0, 0, 0, 0, 0, 0, 0, 1.24801, 1.34107, 1.34287, 1.34389, 1.34569, 0, 0, 0, 0, 0, 0, 0, 0, 0, 0, 0, 0, 0, 0, 0, 0, 0, 0, 0, 0, 0, 0, 0, 0, 1.0223, 1.06964, 1.07252, 1.07432, 1.07681, 0.73534, 0, 0, 0, 0, 0, 0, 0, 0, 0, 0, 0, 0, 0, 0, 0, 0, 0, 0, 0, 0, 0, 0, 0, 0, 0, 0, 0, 0, 0, 0, 0, 0, 0, 0, 0, 0, 0, 0, 0, 0, 0, 0, 0, 0, 0, 0, 0, 0, 0.941142, 0.977277, 0.978675, 1.10143, 1.1039, 0, 0, 0.716035, 0, 0, 1.44323, 1.44485, 1.33151, 1.33331, 1.39882, 0, 0, 0.746782, 0.748582, 0, 0, 0.808153, 0, 0, 1.47095, 1.47311, 1.46938, 1.47093, 1.47273, 0, 0, 0, 0, 0, 0.871079, 0.872879, 0.828424, 0.830314, 0.832084, 0, 0.783656, 1.3124, 1.32688, 1.32868, 1.32929, 1.33052, 0.915794, 0.850567, 0.852622, 0.756985, 0.758785, 0, 0.947217, 0.949287, 0.954812, 0.956612, 1.50383, 1.4981, 1.4999, 1.50074, 1.53035, 0.730969, 0.732769, 0.734119, 0.736045, 0, 0, 1.5293, 1.53092, 1.60343, 1.60523, 1.60664, 0.773272, 0.913759, 0.905925, 0.907545, 0.910905, 0.91406, 0.717181, 0, 0.709974, 0, 0.74413, 0.74548, 0.749203, 0.987542, 0.989342, 0.906648, 0.908448, 0.901114, 0, 0, 1.47078, 1.5577, 1.5595, 1.56089, 1.65888, 1.41795, 1.41975, 1.42156, 1.71652, 1.7185, 1.4639, 1.5747, 1.57648, 1.05234, 1.0621, 1.06381, 0, 0, 0.713756, 0.715916, 0.717266, 1.13916, 1.14051, 1.14873, 1.15053, 1.15305, 0, 0.801199, 0, 0.708776, 0.710576, 0.712376, 1.34382, 1.46753, 1.46871, 1.47051, 1.47209, 0.961873, 0.835631, 1.39728, 1.40823, 1.42281, 1.42461, 1.42641, 1.04371, 1.04568, 0.897039, 0.898164, 1.78902, 1.68949, 1.90623, 1.90803, 1.9098, 1.13453, 1.13497, 0.942189, 0.944169, 0.946251, 0.819291, 1.60156, 1.68597, 1.68768, 1.68867, 1.91227, 1.15735, 1.15871, 1.16195, 1.16375, 1.00507, 0.80992, 0.811719, 0, 0, 1.3287, 1.37023, 1.45239, 1.45419, 1.45599, 0.702828, 0.826122, 0.785732, 0.934929, 0.93673, 0.938349, 0.930327, 1.02765, 1.02954, 1.03133, 0.933716, 0.936237, 0.73626, 0.977987, 1.10643, 1.10848, 1.11036, 1.1119, 0.881599, 0.836053, 0.785182, 0.82524, 1.29606, 1.29786, 1.38718, 1.38898, 1.39078, 0.974096, 1.1625, 0.958204, 1.58136, 1.58395, 1.58575, 1.55803, 1.5603, 0.945098, 0.946819, 1.37582, 1.3038, 1.30523, 1.30658, 1.30766, 0.892554, 0.806962, 0.808762, 0.810652, 0.844444, 0.845584, 1.55336, 1.63128, 1.63328, 1.63508, 1.63688, 0.93182, 0.774232, 0.776032, 0.956837, 0.958547, 1.8217, 1.82336, 1.83792, 1.83988, 1.84171, 1.21362, 1.2165, 1.13099, 1.20573, 1.20753, 0.838772, 1.00592, 1.00575, 0.872149, 1.73286, 1.73448, 1.71053, 1.82291, 1.82489, 0.86529, 0.86706, 0.86886, 1.7204, 1.7222, 1.93, 1.98202, 1.984, 1.69232, 1.69393, 1.1188, 1.0254, 0.988368, 0.879775, 1.03174, 0.8922, 0.89292, 0.893865, 1.06308, 0.95355, 0.95571, 0.95751, 0.95931, 0.754635, 0.992113, 0.993823, 1.78508, 1.87187, 1.87349, 1.87523, 1.93825, 1.38272, 1.3323, 1.3341, 1.49045, 1.09481, 1.09661, 1.09841, 1.11743, 1.05234, 1.05507, 1.05687, 1.05887, 0.954367, 0.928049, 1.113, 1.1148, 0.981409, 1.02239, 1.02464, 0.842773, 0.976166, 1.96331, 1.96511, 2.0916, 2.09334, 2.09398, 1.80291, 1.80543, 1.78303, 1.23328, 1.0083, 1.0101, 1.0119, 0.828435, 0.830235, 0.960483, 0.962283, 0.964083, 1.09119, 1.09261, 1.28289, 1.28613, 1.28793, 1.37238, 1.37418, 1.28073, 1.1946, 1.19712, 1.20857, 1.21037, 1.07892, 1.58478, 1.58629, 1.4259, 1.52689, 1.52869, 1.07296, 1.0285, 1.0303, 0.874335, 1.6311, 1.74386, 1.74566, 1.74818, 1.75016, 1.03536, 1.14403, 1.14583, 1.43449, 1.43629, 1.43853, 1.40609, 1.40807, 1.09807, 1.09987, 2.0108, 2.02196, 2.02376, 2.02491, 2.02632, 1.61217, 1.5936, 1.59543, 1.11761, 1.016, 1.03787, 1.03931, 1.04111, 1.19071, 1.22585, 1.22791, 1.22953, 1.23133, 1.18407, 1.29272, 1.29407, 1.21134, 1.53246, 1.53453, 1.31089, 1.31269, 1.41825, 1.0519, 1.0537, 1.20262, 1.20442, 1.35881, 1.36061, 1.37264, 1.37516, 1.37696, 1.27023, 1.27203, 2.09637, 2.09817, 2.09995, 2.08968, 2.09115, 2.09295, 2.09484, 2.09664, 2.09094, 2.09345, 1.67728, 1.73917, 1.74088, 1.31192, 1.28715, 1.28967, 1.14206, 1.14386, 1.14566, 1.00213, 1.28088, 1.49494, 1.49638, 1.49773, 2.2219, 2.2239, 2.17958, 2.18171, 2.18348, 1.30181, 1.75273, 1.60139, 1.59026, 1.59206, 1.60025, 1.13123, 1.22512, 1.22692, 1.26702, 1.30962, 1.31142, 1.31214, 1.33325, 1.38212, 1.38419, 1.38723, 1.38888, 1.36464, 1.30143, 1.41283, 1.41463, 2.31163, 2.31343, 2.31369, 2.34784, 2.34874, 1.63598, 2.35009, 2.35207, 2.06825, 2.13394, 2.14539, 1.22326, 1.35021, 1.35294, 1.35403, 1.35566, 1.35746, 1.76855, 1.6943, 1.69611, 1.84923, 1.85256, 1.52153, 1.5238, 1.52578, 1.42831, 1.17841, 1.18021, 1.31434, 1.44098, 1.44176, 1.44428, 1.44626, 1.36787, 1.21185, 1.36803, 1.63711, 1.63855, 1.71529, 1.71708, 1.71841, 1.47531, 1.53716, 1.36581, 1.52851, 1.53031, 1.53175, 1.3624, 1.37497, 1.30327, 1.24065, 1.39982,
0, 0, 0, 0, 0, 0, 0, 0, 0, 0, 0, 0, 0, 0, 0, 0, 0, 1.12831, 1.14226, 1.19515, 1.19746, 1.19938, 0.784236, 0.807812, 0.809732, 0.812961, 0.814881, 0.806659, 0, 0, 0, 0, 0, 0, 0, 0, 0.731418, 0.733626, 0.735211, 0, 0, 0, 0, 0, 0, 0, 0.720894, 0.723198, 0.725599, 0, 0, 0, 0, 0, 0, 0.776613, 0.778149, 0.780069, 0, 0, 0, 0, 0, 0, 0, 0, 0, 0, 0, 0.875097, 0.877152, 0.862914, 0.864834, 0.872567, 0, 0, 0, 0, 0, 0, 0, 0, 0, 0, 0, 0, 0, 0, 0, 0, 0, 1.25787, 1.35105, 1.35297, 1.35407, 1.35599, 0, 0, 0, 0, 0, 0, 0, 0.701691, 0.703611, 0.705696, 0, 0, 0, 0, 0, 0, 0, 0, 0, 0, 0, 0, 0, 0, 1.03548, 1.08289, 1.08596, 1.08788, 1.09029, 0.74897, 0, 0, 0, 0, 0, 0, 0, 0, 0, 0, 0, 0, 0.700199, 0, 0, 0, 0, 0, 0, 0, 0, 0, 0, 0, 0, 0, 0, 0, 0, 0, 0, 0, 0, 0, 0, 0, 0, 0, 0, 0, 0, 0, 0, 0, 0, 0, 0, 0, 0.960458, 0.996702, 0.998193, 1.12085, 1.12349, 0.707368, 0, 0.736216, 0, 0, 1.4636, 1.46517, 1.35194, 1.35386, 1.41944, 0, 0, 0.76807, 0.76999, 0, 0, 0.829669, 0, 0, 1.49282, 1.49513, 1.4915, 1.49315, 1.49507, 0, 0, 0, 0, 0, 0.894317, 0.896237, 0.851943, 0.853767, 0.855591, 0.722084, 0.807614, 1.33629, 1.35087, 1.35279, 1.35345, 1.35476, 0.940465, 0.87518, 0.877596, 0.782047, 0.783967, 0, 0.972493, 0.974733, 0.980354, 0.982274, 1.52945, 1.52384, 1.52576, 1.5269, 1.55643, 0.757327, 0.759247, 0.760655, 0.762742, 0.702645, 0, 1.55621, 1.55777, 1.6304, 1.63232, 1.63376, 0.80077, 0.94142, 0.933639, 0.935111, 0.938695, 0.941964, 0.745555, 0, 0.738345, 0.720682, 0.772764, 0.774284, 0.778064, 1.01652, 1.01844, 0.93581, 0.93773, 0.930598, 0.727402, 0.729322, 1.5004, 1.58747, 1.58939, 1.59088, 1.68896, 1.44802, 1.44994, 1.45197, 1.74738, 1.74923, 1.49467, 1.6056, 1.60741, 1.08347, 1.0934, 1.09541, 0, 0, 0.745736, 0.74804, 0.7494, 1.17135, 1.17287, 1.18115, 1.18307, 1.18576, 0, 0.834121, 0, 0.741915, 0.743834, 0.745754, 1.37715, 1.50101, 1.50225, 1.50417, 1.50577, 0.995744, 0.869711, 1.43171, 1.44268, 1.45738, 1.4593, 1.46122, 1.07864, 1.08074, 0.932234, 0.933386, 1.82441, 1.72499, 1.94172, 1.94364, 1.94546, 1.17063, 1.1711, 0.978481, 0.980337, 0.982462, 0.855905, 1.6381, 1.7226, 1.72462, 1.72564, 1.94942, 1.19466, 1.19612, 1.19957, 1.20149, 1.04284, 0.847804, 0.849724, 0, 0, 1.36704, 1.40868, 1.49093, 1.49285, 1.49477, 0.741638, 0.86514, 0.824804, 0.974254, 0.976174, 0.977646, 0.969945, 1.06717, 1.06916, 1.07108, 0.973881, 0.976569, 0.776497, 1.01845, 1.14712, 1.14931, 1.15105, 1.1526, 0.922517, 0.877059, 0.826487, 0.866855, 1.33779, 1.33971, 1.42896, 1.43088, 1.43278, 1.01623, 1.20455, 1.00058, 1.62383, 1.6266, 1.62852, 1.60098, 1.60315, 0.988268, 0.990103, 1.41925, 1.34735, 1.34887, 1.35023, 1.3514, 0.936546, 0.851001, 0.852921, 0.854745, 0.888736, 0.889952, 1.59773, 1.67557, 1.6777, 1.67962, 1.68154, 0.976833, 0.819447, 0.821367, 1.00211, 1.00413, 1.8672, 1.86898, 1.88357, 1.88567, 1.88769, 1.25987, 1.26294, 1.17753, 1.25231, 1.25423, 0.885691, 1.05305, 1.05287, 0.919311, 1.78011, 1.78168, 1.75786, 1.8704, 1.87235, 0.912863, 0.914687, 0.916607, 1.76827, 1.77019, 1.97818, 2.03058, 2.03243, 1.74068, 1.7425, 1.16744, 1.07453, 1.03762, 0.929011, 1.08119, 0.941759, 0.942527, 0.943487, 1.1129, 1.00345, 1.00575, 1.00767, 1.00959, 0.804944, 1.04245, 1.04446, 1.83566, 1.92259, 1.92418, 1.92617, 1.98929, 1.43407, 1.38378, 1.3857, 1.54197, 1.14667, 1.14859, 1.15051, 1.1696, 1.10461, 1.10751, 1.10943, 1.11131, 1.00717, 0.980891, 1.16609, 1.16801, 1.03469, 1.07577, 1.07798, 0.896329, 1.02991, 2.01692, 2.01884, 2.14543, 2.14741, 2.1481, 1.8571, 1.85979, 1.83744, 1.28808, 1.06315, 1.06507, 1.06699, 0.883664, 0.885584, 1.01594, 1.01786, 1.01978, 1.14709, 1.14864, 1.33907, 1.34253, 1.34445, 1.42898, 1.4309, 1.33723, 1.25143, 1.25412, 1.26567, 1.26759, 1.13617, 1.64224, 1.64385, 1.48362, 1.58453, 1.58645, 1.13086, 1.08662, 1.08854, 0.932624, 1.6896, 1.80251, 1.80443, 1.80712, 1.80897, 1.09421, 1.20315, 1.20507, 1.49391, 1.49583, 1.49822, 1.46598, 1.46783, 1.15792, 1.15984, 2.07089, 2.08222, 2.08414, 2.08536, 2.0868, 1.67284, 1.65438, 1.65639, 1.17887, 1.07729, 1.09928, 1.10082, 1.10274, 1.25252, 1.28784, 1.29003, 1.29151, 1.29343, 1.24644, 1.35515, 1.35668, 1.27393, 1.59512, 1.59736, 1.37383, 1.37575, 1.48141, 1.11509, 1.11701, 1.26618, 1.2681, 1.42255, 1.42447, 1.43637, 1.43905, 1.44097, 1.33443, 1.33635, 2.16082, 2.16274, 2.16454, 2.15439, 2.15602, 2.15794, 2.15989, 2.16181, 2.15626, 2.15884, 1.74294, 1.80493, 1.80695, 1.37806, 1.35341, 1.35609, 1.20852, 1.21044, 1.21236, 1.06894, 1.34788, 1.56213, 1.56366, 1.56502, 2.28912, 2.29126, 2.24706, 2.24933, 2.25115, 1.36981, 1.8209, 1.66963, 1.65866, 1.66058, 1.66887, 1.19996, 1.29405, 1.29597, 1.33592, 1.37895, 1.38087, 1.38164, 1.40254, 1.45159, 1.45399, 1.45723, 1.45873, 1.43486, 1.37188, 1.48331, 1.48523, 2.38216, 2.38408, 2.38452, 2.41873, 2.41953, 1.70694, 2.42113, 2.42308, 2.13931, 2.20519, 2.21673, 1.29497, 1.42204, 1.42494, 1.42612, 1.42783, 1.42975, 1.84092, 1.76689, 1.76881, 1.92196, 1.92551, 1.59456, 1.59699, 1.59884, 1.50146, 1.25177, 1.25369, 1.3881, 1.51484, 1.51567, 1.51836, 1.52022, 1.44197, 1.28617, 1.44257, 1.71145, 1.71298, 1.79019, 1.79212, 1.79361, 1.55056, 1.61251, 1.4413, 1.6041, 1.60602, 1.60755, 1.43834, 1.45101, 1.37952, 1.31689, 1.47624,
0, 0, 0, 0, 0, 0, 0, 0, 0, 0, 0, 0, 0, 0, 0, 0, 0, 1.0977, 1.10974, 1.16113, 1.16114, 1.16114, 0.743834, 0.765975, 0.765981, 0.765987, 0.765993, 0.756492, 0, 0, 0, 0, 0, 0, 0, 0, 0, 0, 0, 0, 0, 0, 0, 0, 0, 0, 0, 0, 0, 0, 0, 0, 0, 0, 0, 0, 0, 0, 0, 0, 0, 0, 0, 0, 0, 0, 0, 0, 0, 0.752876, 0.752882, 0.736865, 0.736871, 0.742938, 0, 0, 0, 0, 0, 0, 0, 0, 0, 0, 0, 0, 0, 0, 0, 0, 0, 1.09811, 1.18937, 1.18938, 1.18939, 1.18939, 0, 0, 0, 0, 0, 0, 0, 0, 0, 0, 0, 0, 0, 0, 0, 0, 0, 0, 0, 0, 0, 0, 0, 0, 0.826104, 0.872483, 0.872489, 0.872495, 0.872499, 0, 0, 0, 0, 0, 0, 0, 0, 0, 0, 0, 0, 0, 0, 0, 0, 0, 0, 0, 0, 0, 0, 0, 0, 0, 0, 0, 0, 0, 0, 0, 0, 0, 0, 0, 0, 0, 0, 0, 0, 0, 0, 0, 0, 0, 0, 0, 0, 0, 0, 0, 0, 0.809156, 0.809161, 0, 0, 0, 0, 0, 1.13965, 1.13966, 1.02452, 1.02452, 1.08826, 0, 0, 0, 0, 0, 0, 0, 0, 0, 1.14243, 1.14244, 1.13728, 1.13728, 1.13729, 0, 0, 0, 0, 0, 0, 0, 0, 0, 0, 0, 0, 0.953676, 0.965064, 0.96507, 0.965076, 0.965082, 0, 0, 0, 0, 0, 0, 0, 0, 0, 0, 1.11847, 1.11094, 1.11095, 1.11096, 1.13905, 0, 0, 0, 0, 0, 0, 1.12795, 1.12795, 1.19867, 1.19867, 1.19868, 0, 0, 0, 0, 0, 0, 0, 0, 0, 0, 0, 0, 0, 0, 0, 0, 0, 0, 0, 0, 1.02656, 1.11115, 1.11115, 1.11116, 1.20722, 0.965378, 0.965384, 0.965391, 1.25765, 1.25766, 1.00128, 1.11029, 1.1103, 0, 0, 0, 0, 0, 0, 0, 0, 0, 0, 0, 0, 0, 0, 0, 0, 0, 0, 0, 0.844811, 0.965543, 0.965549, 0.965555, 0.96556, 0, 0, 0.884546, 0.894086, 0.907042, 0.907048, 0.907054, 0, 0, 0, 0, 1.26147, 1.16014, 1.37422, 1.37422, 1.37423, 0, 0, 0, 0, 0, 0, 1.05383, 1.1368, 1.1368, 1.13681, 1.35828, 0, 0, 0, 0, 0, 0, 0, 0, 0, 0.756298, 0.796532, 0.877231, 0.877238, 0.877244, 0, 0, 0, 0, 0, 0, 0, 0, 0, 0, 0, 0, 0, 0, 0, 0, 0, 0, 0, 0, 0, 0, 0, 0, 0.764019, 0.764025, 0.764031, 0, 0, 0, 0.947383, 0.947388, 0.947394, 0.917843, 0.917848, 0, 0, 0.729008, 0, 0, 0, 0, 0, 0, 0, 0, 0, 0, 0.890014, 0.966099, 0.966105, 0.966111, 0.966117, 0, 0, 0, 0, 0, 1.14001, 1.14001, 1.15297, 1.15297, 1.15298, 0, 0, 0, 0, 0, 0, 0, 0, 0, 1.02744, 1.02745, 1.00211, 1.11391, 1.11391, 0, 0, 0, 1.00214, 1.00215, 1.20813, 1.25855, 1.25856, 0.966306, 0.966313, 0, 0, 0, 0, 0, 0, 0, 0, 0, 0, 0, 0, 0, 0, 0, 0, 1.02746, 1.11221, 1.11221, 1.11222, 1.17382, 0, 0, 0, 0.720744, 0, 0, 0, 0, 0, 0, 0, 0, 0, 0, 0, 0, 0, 0, 0, 0, 0, 1.15944, 1.15944, 1.28349, 1.2835, 1.28351, 0.991257, 0.991263, 0.96661, 0, 0, 0, 0, 0, 0, 0, 0, 0, 0, 0, 0, 0, 0, 0, 0, 0, 0, 0, 0, 0, 0, 0.729054, 0.72906, 0, 0, 0, 0, 0, 0, 0, 0.75732, 0.869118, 0.869124, 0.869129, 0.869134, 0, 0, 0, 0, 0, 0, 0, 0, 0, 0, 1.11092, 1.11964, 1.11964, 1.11965, 1.11965, 0.702341, 0, 0, 0, 0, 0, 0, 0, 0, 0, 0, 0, 0, 0, 0, 0, 0, 0, 0, 0, 0, 0, 0, 0, 0, 0, 0, 0, 0, 0, 0, 0, 0, 1.13143, 1.13144, 1.13144, 1.11987, 1.11987, 1.11988, 1.11989, 1.11989, 1.11204, 1.11204, 0, 0.754257, 0.754265, 0, 0, 0, 0, 0, 0, 0, 0, 0, 0, 0, 1.21549, 1.21549, 1.16938, 1.16938, 1.16939, 0, 0.735189, 0, 0, 0, 0, 0, 0, 0, 0, 0, 0, 0, 0, 0, 0, 0, 0, 0, 0, 0, 0, 1.25576, 1.25577, 1.25577, 1.28903, 1.28903, 0, 1.28904, 1.28904, 1.00332, 1.06731, 1.07647, 0, 0, 0, 0, 0, 0, 0, 0, 0, 0.763089, 0.763094, 0, 0, 0, 0, 0, 0, 0, 0, 0, 0, 0, 0, 0, 0, 0, 0, 0, 0, 0, 0, 0, 0, 0, 0, 0, 0, 0, 0, 0, 0,
0, 0, 0, 0, 0, 0, 0, 0, 0, 0, 0, 0, 0, 0, 0, 0, 0, 0, 0, 0, 0, 0, 0, 0, 0, 0, 0, 0, 0, 0, 0, 0, 0, 0, 0, 0, 0, 0, 0, 0, 0, 0, 0, 0, 0, 0, 0, 0, 0, 0, 0, 0, 0, 0, 0, 0, 0, 0, 0, 0, 0, 0, 0, 0, 0, 0, 0, 0, 0, 0, 0, 0, 0, 0, 0, 0, 0, 0, 0, 0, 0, 0, 0, 0, 0, 0, 0, 0, 0, 0, 0, 0, 0, 0, 0, 0, 0, 0, 0, 0, 0, 0, 0, 0, 0, 0, 0, 0, 0, 0, 0, 0, 0, 0, 0, 0, 0, 0, 0, 0, 0, 0, 0, 0, 0, 0, 0, 0, 0, 0, 0, 0, 0, 0, 0, 0, 0, 0, 0, 0, 0, 0, 0, 0, 0, 0, 0, 0, 0, 0, 0, 0, 0, 0, 0, 0, 0, 0, 0, 0, 0, 0.70591, 0.708389, 0, 0, 0, 0, 0, 0, 0, 0, 0, 0, 0, 0, 0, 0, 0.751054, 0.754021, 0.72498, 0, 0, 0, 0, 0.783942, 0.785706, 0.885832, 0.887991, 0.889611, 0, 0, 0, 0, 0, 0, 0.853077, 0, 0, 0.993045, 0.995637, 0.816248, 0.869003, 0.871163, 0, 0, 0, 0, 0, 0, 0, 0, 0, 0, 0, 0.77666, 0.845202, 0.89788, 0.90004, 0.818373, 0.819851, 0.818831, 0.754066, 0.720181, 0, 0, 0, 0, 0.70104, 0.706852, 0.709012, 0.942465, 0.959611, 0.961771, 0.963058, 0.964714, 0.782252, 0.725722, 0.727306, 0.896924, 0.899516, 0.759343, 1.0868, 1.08857, 0.947801, 0.949961, 0.961753, 0.833581, 0.92063, 0.920854, 0.922492, 0.981341, 0.987017, 0.896224, 0.845471, 0.889874, 0.79697, 0.80848, 0.810136, 0.811134, 0.895451, 0.897611, 0.864695, 0.866855, 0.829743, 0.812016, 0.814176, 1.0521, 1.05383, 1.05599, 1.03848, 1.04035, 0.972809, 0.975401, 0.977669, 1.00171, 0.951316, 0.882885, 1.05902, 1.06109, 0.737178, 0.796075, 0.798343, 0.729049, 0.731209, 0.809974, 0.812566, 0.814096, 1.05214, 1.05385, 1.03588, 1.03804, 1.04107, 0.757503, 0.913904, 0.747576, 0.859506, 0.861666, 0.863826, 0.91772, 0.984342, 1.01786, 1.02002, 1.022, 1.02418, 0.964144, 1.01843, 1.02641, 1.02806, 1.03022, 1.03238, 1.03123, 0.989189, 0.891865, 0.893161, 1.10377, 1.06274, 1.46326, 1.46542, 1.46747, 2.01953, 2.02005, 1.87429, 1.87637, 1.8788, 0.992361, 1.09689, 1.0931, 1.09537, 1.09652, 1.16421, 1.18309, 1.18473, 1.19425, 1.19641, 1.04306, 0.996131, 0.998291, 0.804331, 0.806491, 0.951771, 0.980116, 1.25479, 1.25695, 1.25911, 1.03818, 1.20011, 0.903062, 1.00406, 1.00622, 1.21346, 1.06185, 1.22053, 1.22276, 1.22492, 0.968247, 0.971271, 0.771701, 1.05946, 1.11469, 1.11715, 1.11911, 1.12557, 0.906965, 0.864431, 0.864203, 0.904857, 1.11568, 1.11784, 1.12637, 1.12853, 1.24447, 1.15123, 1.15438, 1.15643, 1.23199, 1.32143, 1.32359, 1.32486, 1.32823, 1.22841, 0.995408, 1.08666, 1.015, 1.01672, 1.0183, 1.05998, 0.975691, 0.890355, 0.892515, 0.894783, 0.977434, 0.97873, 1.12113, 1.18076, 1.18316, 1.18532, 1.18748, 1.06658, 0.895596, 0.897756, 1.04468, 1.04681, 1.29152, 1.31656, 1.31822, 1.32057, 1.32284, 1.25827, 1.19417, 1.0978, 1.20575, 1.20791, 1.01193, 1.17305, 1.17285, 1.03932, 1.36678, 1.36854, 1.17897, 1.31693, 1.31913, 0.995128, 0.997324, 0.999484, 1.19068, 1.19284, 1.31805, 1.32031, 1.32238, 1.30744, 1.30947, 1.31152, 1.23795, 1.20128, 1.0276, 1.16684, 1.02742, 1.02828, 1.02944, 1.19409, 1.08489, 1.08748, 1.08964, 1.0918, 0.905562, 0.965004, 0.967056, 1.29549, 1.40821, 1.41, 1.41223, 1.41614, 1.4077, 1.41073, 1.41289, 1.45646, 1.45752, 1.17929, 1.18145, 1.27408, 1.33392, 1.33719, 1.33935, 1.38532, 1.38713, 1.08647, 1.2716, 1.27375, 1.14069, 1.1822, 1.18482, 1.00355, 1.15131, 1.43449, 1.46425, 1.46641, 1.46866, 1.47024, 1.42673, 1.38516, 1.42845, 1.4305, 1.17649, 1.17865, 1.18081, 0.994122, 0.996282, 1.13687, 1.13903, 1.14119, 1.28532, 1.28703, 1.30672, 1.32118, 1.32334, 1.34087, 1.34303, 1.41625, 1.41583, 1.41885, 1.45097, 1.45313, 1.25079, 1.35096, 1.57071, 1.52305, 1.52537, 1.52753, 1.51516, 1.20296, 1.20512, 1.0492, 1.31465, 1.45303, 1.45519, 1.45822, 1.4603, 1.19928, 1.59862, 1.60078, 2.02209, 2.02425, 2.02694, 1.74069, 1.74277, 1.33883, 1.34099, 1.49576, 1.63148, 1.63364, 1.63502, 1.63664, 1.42264, 1.36751, 1.36966, 1.32019, 1.20649, 1.3243, 1.32603, 1.32819, 1.49519, 1.49796, 1.44979, 1.45145, 1.45361, 1.3749, 1.40395, 1.40566, 1.3287, 1.6175, 1.62008, 1.45177, 1.45393, 1.59643, 1.27811, 1.28027, 1.36842, 1.37058, 1.52508, 1.52724, 1.57667, 1.57969, 1.58185, 1.5035, 1.50566, 1.6262, 1.6575, 1.65955, 1.71267, 1.7145, 1.71666, 1.71886, 1.72102, 1.67851, 1.68145, 1.46562, 1.5278, 1.52992, 1.38909, 1.4984, 1.50142, 1.34155, 1.34371, 1.34587, 1.20256, 1.35638, 1.54386, 1.54559, 1.54717, 1.66429, 1.59946, 1.65225, 1.6548, 1.65686, 1.46005, 1.53811, 1.47326, 1.40469, 1.40685, 1.52526, 1.35229, 1.44665, 1.44881, 1.47438, 1.47625, 1.47841, 1.46418, 1.54126, 1.59069, 1.59325, 1.5969, 1.59859, 1.55591, 1.54038, 1.65792, 1.65265, 1.7291, 1.73126, 1.66667, 1.7633, 1.7642, 1.56216, 1.766, 1.7682, 1.6081, 1.61133, 1.65542, 1.39434, 1.52197, 1.62118, 1.62184, 1.62443, 1.62659, 1.57651, 1.50256, 1.50472, 1.65825, 1.66224, 1.55352, 1.55625, 1.55834, 1.46149, 1.41205, 1.41421, 1.59338, 1.72548, 1.72642, 1.72944, 1.73153, 1.65362, 1.5309, 1.70996, 1.78003, 1.78262, 1.74174, 1.74401, 1.74583, 1.52167, 1.65249, 1.4862, 1.65566, 1.68525, 1.68752, 1.68909, 1.72177, 1.65036, 1.56546, 1.69203,
0, 0, 0, 0, 0, 0, 0, 0, 0, 0, 0, 0, 0, 0, 0, 0, 0, 0, 0, 0.841004, 0.843963, 0.846691, 0, 0.717695, 0, 0, 0, 0, 0, 0, 0, 0, 0, 0, 0, 0, 0, 0, 0, 0, 0, 0, 0, 0, 0, 0, 0, 0, 0, 0, 0, 0, 0, 0, 0, 0, 0, 0, 0, 0, 0, 0, 0, 0, 0, 0, 0, 0, 0, 0, 0, 0, 0, 0, 0, 0, 0, 0, 0, 0, 0, 0.700843, 0.703247, 0, 0, 0, 0, 0, 0, 0, 0, 0.877874, 0.88832, 0.891094, 0.744909, 0.747683, 0, 0, 0, 0, 0, 0, 0, 0.708716, 0, 0.741256, 0, 0, 0, 0, 0, 0, 0, 0, 0.710507, 0, 0, 0, 0, 0, 0, 0.830554, 0.751046, 0.75382, 0.909141, 0.709734, 0, 0, 0.700016, 0.739974, 0.858487, 0.860983, 0.86416, 0.866934, 0.926333, 0.777645, 0.780419, 0.814, 0.816774, 0.827178, 0, 0, 0, 0.715077, 0, 0.711017, 0.74141, 0.744184, 0.80736, 0.810134, 0.77166, 0.719755, 0.722529, 0, 0.768309, 0, 0.736155, 0.830439, 0.982866, 0.877497, 0.935056, 0.97975, 0.982246, 0.846068, 0.874935, 0.862839, 0.867736, 0.826018, 0.827683, 0.78025, 0.781637, 0.781624, 0.763546, 0, 0.784802, 0.763504, 0.727146, 0.918816, 0.921313, 0.884612, 0.744741, 0.839106, 0, 0, 0.887165, 0.888737, 0.989476, 0.99225, 1.05352, 0.75983, 0.762188, 0.742414, 0.745188, 0, 0, 0.962066, 0.773561, 0.776335, 1.10406, 1.10697, 0.961574, 1.10566, 1.10844, 0.797445, 0.800219, 0.715765, 0, 0, 0.817456, 0.820229, 0.722507, 0.72542, 0.72824, 0.797117, 0.901473, 1.05624, 1.12336, 1.12613, 1.12337, 1.12614, 1.12549, 1.01746, 0.900708, 0.840558, 0.843332, 0.705905, 0.888023, 0.891213, 0.996481, 0.999255, 1.32711, 1.34487, 1.34765, 1.09509, 1.18212, 1.04779, 0.883007, 0.884764, 1.1639, 1.03694, 0.896312, 1.22348, 1.22505, 1.0849, 1.08767, 1.18477, 0.975779, 1.19655, 1.18755, 1.19004, 1.249, 1.2514, 1.10005, 1.04193, 1.06285, 0.94155, 0.991145, 0.993503, 1.11786, 1.20451, 1.20729, 1.21253, 1.2153, 1.13655, 1.06773, 1.07051, 1.2027, 1.24347, 1.24625, 1.3015, 1.30483, 1.23733, 1.23365, 1.23693, 1.22875, 1.10811, 1.03932, 1.21609, 1.21829, 0.897247, 0.954876, 0.958205, 0.915037, 0.917811, 1.0392, 1.03534, 1.03742, 1.21627, 1.21895, 1.20115, 1.20393, 1.20628, 0.924897, 1.08346, 0.917742, 1.03014, 1.03291, 1.03569, 1.08828, 1.24501, 1.42232, 1.42509, 1.44267, 1.44507, 1.19355, 1.20943, 1.35627, 1.43812, 1.44089, 1.44367, 1.44555, 1.30428, 1.07363, 1.07502, 1.28336, 1.40836, 1.90718, 1.90995, 1.91217, 2.46755, 3.20566, 2.88708, 2.89013, 2.89245, 1.95514, 1.28747, 1.29154, 1.29487, 1.29718, 1.4699, 1.4894, 1.37447, 1.58076, 1.58354, 1.42196, 1.25538, 1.25815, 1.06346, 1.06624, 1.14609, 1.17491, 1.45059, 1.45337, 1.45614, 1.23676, 1.39923, 1.1025, 1.20397, 1.20674, 1.43719, 1.26296, 1.44894, 1.45993, 1.4627, 1.1759, 1.17826, 0.976441, 1.26518, 1.32087, 1.32813, 1.37973, 1.38671, 1.17017, 1.12892, 1.1317, 1.23865, 1.4022, 1.40497, 1.49881, 1.50158, 1.58298, 1.36647, 1.59768, 1.41069, 1.67653, 1.76659, 1.76936, 1.84341, 1.84591, 1.67075, 1.38132, 1.53315, 1.35496, 1.2401, 1.24158, 1.34353, 1.19838, 1.11514, 1.11792, 1.12083, 1.25466, 1.25641, 1.46355, 1.63838, 1.64129, 1.41291, 1.41568, 1.29497, 1.23119, 1.23397, 1.38148, 1.38411, 1.71183, 1.61934, 1.78564, 1.78827, 1.7916, 1.73104, 1.56599, 1.33465, 1.45469, 1.45746, 1.26571, 1.4596, 1.4149, 1.28033, 1.6075, 1.60907, 1.42045, 1.55888, 1.56059, 1.23898, 1.2418, 1.24457, 1.43459, 1.43737, 1.56365, 1.63789, 1.80033, 1.78615, 1.78934, 1.79156, 1.67901, 1.49479, 1.27826, 1.41813, 1.28044, 1.28155, 1.28303, 1.46326, 1.33963, 1.34296, 1.34574, 1.34851, 1.16291, 1.22455, 1.22718, 1.55449, 1.72454, 1.72703, 1.67149, 1.7401, 1.69608, 1.67441, 1.67719, 1.89002, 1.84491, 1.53336, 1.53613, 1.66321, 1.72431, 1.60579, 1.60857, 1.73731, 1.6567, 1.35665, 1.54268, 1.54546, 1.41274, 1.6076, 1.61106, 1.43043, 1.5906, 1.90052, 1.82074, 1.95907, 1.9623, 1.96535, 1.89785, 1.8563, 1.93863, 1.81789, 1.566, 1.56877, 1.57155, 1.27663, 1.27941, 1.43657, 1.43935, 1.44212, 1.58672, 1.59003, 1.61628, 1.74336, 1.74613, 1.73628, 1.73906, 1.78616, 1.70626, 1.70862, 1.74377, 1.74655, 1.54482, 1.69995, 2.01692, 1.81865, 1.90405, 1.90682, 1.8115, 1.4999, 1.50267, 1.34737, 1.6121, 1.75238, 1.75515, 1.75751, 1.75978, 1.50115, 1.90093, 1.90371, 2.32562, 2.3284, 2.4292, 2.06018, 2.06323, 1.64687, 1.64964, 1.80227, 1.93783, 1.9406, 2.03572, 2.03798, 1.81409, 1.71976, 1.72248, 1.63291, 1.51997, 1.6384, 1.64062, 1.64339, 1.87805, 2.02665, 1.83401, 1.92039, 1.92317, 1.69218, 1.72312, 1.7258, 1.64863, 1.93841, 1.94067, 1.77297, 1.77574, 1.91871, 1.60129, 1.60406, 1.82585, 1.82863, 1.94587, 1.94865, 2.12206, 1.95903, 1.96181, 1.84871, 1.85148, 1.97092, 2.14122, 2.14349, 2.09143, 2.09462, 2.09739, 2.13606, 2.13883, 2.09664, 2.09905, 1.80261, 1.86768, 1.87031, 1.72775, 1.83722, 1.83958, 1.67907, 1.68184, 1.68461, 1.54431, 1.69846, 1.91198, 1.91462, 1.9161, 2.21684, 2.09457, 2.11195, 2.18631, 2.18853, 1.86636, 2.04402, 1.86546, 1.75331, 1.75609, 1.87496, 1.7034, 1.79964, 1.80241, 1.90177, 1.92035, 1.92312, 1.81813, 1.98749, 2.05743, 1.96026, 2.1169, 2.1194, 2.06185, 2.05548, 2.17444, 2.10927, 2.15684, 2.15961, 2.02996, 2.12494, 2.12603, 1.92444, 2.12841, 2.13012, 1.97064, 1.97341, 2.01797, 1.76136, 2.0716, 2.17892, 2.18169, 2.11197, 2.11474, 1.96865, 1.90655, 1.90932, 2.08958, 2.1212, 2.00732, 1.95252, 1.95479, 1.87279, 1.78725, 1.79003, 1.96974, 2.13512, 2.10544, 2.10779, 2.11006, 2.07044, 1.91102, 2.09017, 2.28151, 2.28414, 2.24388, 2.24721, 2.1313, 1.90663, 2.03792, 1.87185, 2.04251, 2.13102, 2.13435, 2.0771, 2.16963, 2.0396, 1.9554, 2.11967,
0, 0, 0, 0, 0, 0, 0, 0, 0, 0, 0, 0, 0, 0, 0, 0, 0, 0, 0, 0, 0, 0, 0, 0, 0, 0, 0, 0, 0, 0, 0, 0, 0, 0, 0, 0, 0, 0, 0, 0, 0, 0, 0, 0, 0, 0, 0, 0, 0, 0, 0, 0, 0, 0, 0, 0, 0, 0, 0, 0, 0, 0, 0, 0, 0, 0, 0, 0, 0, 0, 0, 0, 0, 0, 0, 0, 0, 0, 0, 0, 0, 0, 0, 0, 0, 0, 0, 0, 0, 0, 0, 0, 0, 0, 0, 0, 0, 0, 0, 0, 0, 0, 0, 0, 0, 0, 0, 0, 0, 0, 0, 0, 0, 0, 0, 0, 0, 0, 0, 0, 0, 0, 0, 0, 0, 0, 0, 0, 0, 0, 0, 0, 0, 0, 0, 0, 0, 0, 0, 0, 0, 0, 0, 0, 0, 0, 0, 0, 0, 0, 0, 0, 0, 0, 0, 0, 0, 0, 0.822423, 0.730517, 0.773867, 0.809051, 0.811886, 0, 0.70392, 0.70632, 0, 0, 0, 0, 0, 0, 0, 0, 0, 0, 0, 0.735713, 0.739009, 0.710125, 0, 0, 0, 0, 0, 0, 0.707602, 0.710002, 0.711902, 0, 0, 0, 0, 0, 0, 0.81146, 0.705947, 0.708347, 0.817696, 0.820576, 0.708103, 0.710817, 0.713217, 0.715617, 0.718017, 0, 0, 0, 0.745495, 0.747895, 0, 0, 0, 0, 0.773771, 0.791245, 0.793645, 0.796045, 0.792943, 0.794585, 0.793894, 0.796612, 0.762927, 0.762915, 0.765315, 0, 0.809615, 0.812375, 0.917326, 0.919726, 0.922126, 0.939512, 0.941912, 0.795689, 0.797849, 0.828853, 0.725406, 0.727206, 0.944141, 0.947021, 0.812927, 0.921016, 0.923176, 0.782652, 0.785052, 0.797331, 0.777347, 0.91332, 0.913889, 0.915749, 0.97496, 0.981266, 0.852237, 0.831645, 0.797317, 0, 0.724495, 0.726535, 0.850534, 0.878082, 0.880482, 0.919593, 0.921993, 0.924873, 0.976148, 0.978548, 0.89223, 0.89415, 0.89655, 0.882529, 0.884605, 0.887329, 0.88369, 0.88611, 0.857958, 0.827815, 0.759143, 0.901924, 0.904264, 0.799734, 0.842379, 0.844659, 0.816722, 0.819122, 0.933007, 0.935887, 0.937687, 0.949266, 0.951066, 0.914759, 0.917159, 0.920519, 0.823003, 0.882365, 0.716342, 0.828546, 0.830946, 0.833346, 0.882439, 0.884839, 1.0621, 1.0645, 1.08182, 1.08482, 1.08721, 0.960144, 0.986274, 1.06783, 1.07023, 1.07263, 1.07723, 1.07555, 0.844405, 0.845905, 0.954834, 1.11309, 1.47121, 1.47361, 1.47601, 2.05989, 2.72085, 2.7223, 2.72494, 2.72768, 1.84151, 0.989482, 0.992834, 0.995114, 0.996434, 0.997994, 1.01758, 1.00567, 1.10861, 1.11101, 1.11539, 1.10219, 1.10459, 0.945179, 0.947579, 0.885553, 0.887627, 1.11631, 1.11871, 1.12111, 1.07562, 1.103, 0.806306, 0.907581, 0.909981, 1.11764, 1.11803, 1.24869, 1.25121, 1.25361, 0.996953, 1.00031, 0.852422, 0.932695, 0.935097, 0.942103, 0.993716, 0.996091, 0.932269, 0.937024, 0.939424, 1.046, 1.15217, 1.15457, 1.15399, 1.15639, 1.16661, 1.16868, 1.27633, 1.27909, 1.28115, 1.37126, 1.37366, 1.44693, 1.45076, 1.45304, 1.22017, 1.31172, 1.13255, 1.07534, 1.07714, 1.07858, 1.03501, 0.978295, 0.980695, 0.983215, 1.11674, 1.11826, 1.24236, 1.24446, 1.24734, 1.08966, 1.09206, 0.971592, 1.09066, 1.09306, 1.24025, 1.24253, 1.24445, 1.18871, 1.3177, 1.32032, 1.32272, 1.32733, 1.30331, 1.07347, 1.1936, 1.196, 1.05597, 1.24955, 1.24933, 1.13358, 1.24167, 1.24383, 1.08798, 1.21592, 1.21856, 1.09052, 1.09288, 1.09528, 1.10114, 1.10354, 1.20968, 1.21196, 1.34171, 1.3795, 1.38158, 1.38328, 1.3867, 1.32173, 1.1047, 1.23412, 1.1264, 1.12736, 1.12862, 1.30868, 1.18454, 1.18742, 1.18982, 1.19222, 1.00618, 1.06748, 1.06976, 1.21276, 1.29054, 1.29271, 1.29501, 1.29943, 1.4046, 1.40796, 1.41036, 1.55808, 1.55926, 1.28131, 1.28371, 1.37645, 1.46978, 1.43304, 1.43544, 1.44312, 1.4448, 1.16694, 1.3297, 1.3321, 1.24711, 1.44171, 1.44471, 1.26366, 1.40623, 1.40941, 1.35293, 1.46716, 1.46932, 1.47017, 1.4729, 1.43169, 1.5133, 1.45038, 1.39519, 1.39759, 1.39999, 1.10458, 1.10698, 1.26375, 1.26615, 1.26855, 1.391, 1.39296, 1.3903, 1.39461, 1.39701, 1.38724, 1.38964, 1.46315, 1.46268, 1.46604, 1.54576, 1.54816, 1.34613, 1.44647, 1.66661, 1.53276, 1.55305, 1.55545, 1.55738, 1.30278, 1.30518, 1.16578, 1.28875, 1.41721, 1.41961, 1.42297, 1.42561, 1.31728, 1.71687, 1.71927, 1.92415, 1.92655, 1.92954, 1.87422, 1.87686, 1.38389, 1.38629, 1.39685, 1.5329, 1.5353, 1.53683, 1.53873, 1.52792, 1.47255, 1.47499, 1.42568, 1.32911, 1.44716, 1.44908, 1.45148, 1.68589, 1.68896, 1.64112, 1.64328, 1.64568, 1.44676, 1.44903, 1.45083, 1.4212, 1.5256, 1.52836, 1.4518, 1.4542, 1.57051, 1.40452, 1.40692, 1.62846, 1.63086, 1.55051, 1.55291, 1.66796, 1.56289, 1.56529, 1.64853, 1.65093, 1.58557, 1.61485, 1.61723, 1.62321, 1.62515, 1.62755, 1.63007, 1.63247, 1.59024, 1.59356, 1.57362, 1.6068, 1.60908, 1.46839, 1.57863, 1.58199, 1.468, 1.4704, 1.4728, 1.33618, 1.46319, 1.67629, 1.67821, 1.68001, 1.69749, 1.70016, 1.71717, 1.72001, 1.72237, 1.65496, 1.73321, 1.6244, 1.51278, 1.51518, 1.5884, 1.48962, 1.57533, 1.57773, 1.58886, 1.59796, 1.60036, 1.59314, 1.66365, 1.74048, 1.74324, 1.7473, 1.7495, 1.70689, 1.70022, 1.70293, 1.6374, 1.65099, 1.65339, 1.62432, 1.68547, 1.68667, 1.58051, 1.68847, 1.69111, 1.56494, 1.56852, 1.58662, 1.47469, 1.7846, 1.88415, 1.88489, 1.88777, 1.89017, 1.74361, 1.68107, 1.68347, 1.74569, 1.75013, 1.6416, 1.64462, 1.64726, 1.64476, 1.5588, 1.5612, 1.68291, 1.81519, 1.81623, 1.81959, 1.82223, 1.83941, 1.67957, 1.8014, 1.85371, 1.85659, 1.82241, 1.82485, 1.82015, 1.65334, 1.71585, 1.63704, 1.80678, 1.80918, 1.8111, 1.81245, 1.81449, 1.7742, 1.71797, 1.88201,
0, 0, 0, 0, 0, 0, 0, 0, 0, 0, 0, 0, 0, 0, 0, 0, 0, 0, 0, 0, 0, 0, 0, 0, 0, 0, 0, 0, 0, 0, 0, 0, 0, 0, 0, 0, 0, 0, 0, 0, 0, 0, 0, 0, 0, 0, 0, 0, 0, 0, 0, 0, 0, 0, 0, 0, 0, 0, 0, 0, 0, 0, 0, 0, 0, 0, 0, 0, 0, 0, 0, 0, 0, 0, 0, 0, 0, 0, 0, 0, 0, 0, 0, 0, 0, 0, 0, 0, 0, 0, 0, 0, 0, 0, 0, 0, 0, 0, 0, 0, 0, 0, 0, 0, 0, 0, 0, 0, 0, 0, 0, 0, 0, 0, 0, 0, 0, 0, 0, 0, 0, 0, 0, 0, 0, 0, 0, 0, 0, 0, 0, 0, 0, 0, 0, 0, 0, 0, 0, 0, 0, 0, 0, 0, 0, 0, 0, 0, 0, 0, 0, 0, 0, 0, 0, 0, 0, 0, 0.839992, 0.748191, 0.791752, 0.827143, 0.829868, 0, 0.722364, 0.724884, 0.712102, 0, 0, 0, 0, 0, 0, 0, 0, 0, 0, 0.755138, 0.758599, 0.73008, 0, 0, 0, 0, 0, 0, 0.728205, 0.730725, 0.732699, 0, 0, 0, 0, 0, 0, 0.833143, 0.727792, 0.730312, 0.839739, 0.842763, 0.730216, 0.733358, 0.735878, 0.738398, 0.740918, 0, 0, 0, 0.768876, 0.771396, 0, 0, 0, 0.705897, 0.797786, 0.815344, 0.817864, 0.820384, 0.817006, 0.81873, 0.81856, 0.821393, 0.787874, 0.78812, 0.79064, 0, 0.83494, 0.837964, 0.942925, 0.945445, 0.947965, 0.965471, 0.967991, 0.821998, 0.823846, 0.855022, 0.752027, 0.753791, 0.970918, 0.973942, 0.839764, 0.947973, 0.950199, 0.809795, 0.812315, 0.824771, 0.804902, 0.941075, 0.941252, 0.9431, 1.00285, 1.00947, 0.880583, 0.859841, 0.825609, 0.726164, 0.753128, 0.755333, 0.879538, 0.907184, 0.909704, 0.94889, 0.95141, 0.954434, 1.00583, 1.00835, 0.922013, 0.924029, 0.926549, 0.912724, 0.914904, 0.917764, 0.914171, 0.916733, 0.888725, 0.858456, 0.78986, 0.932805, 0.935157, 0.830811, 0.873842, 0.876404, 0.848563, 0.851083, 0.964978, 0.968002, 0.969829, 0.981491, 0.983507, 0.94732, 0.94984, 0.953368, 0.855852, 0.915344, 0.749321, 0.861827, 0.864347, 0.866867, 0.915942, 0.918462, 1.0957, 1.09822, 1.11596, 1.11894, 1.12146, 0.994649, 1.02071, 1.10244, 1.10496, 1.10748, 1.11231, 1.11066, 0.87963, 0.881142, 0.990359, 1.14865, 1.50695, 1.50947, 1.51199, 2.09598, 2.75706, 2.75859, 2.76094, 2.76371, 1.8781, 1.02602, 1.02947, 1.03211, 1.03344, 1.03497, 1.05475, 1.04307, 1.1461, 1.14862, 1.15322, 1.14007, 1.14259, 0.983198, 0.985718, 0.923922, 0.925848, 1.15499, 1.15751, 1.16003, 1.11455, 1.14207, 0.845405, 0.946982, 0.949502, 1.15709, 1.15779, 1.28839, 1.29091, 1.29343, 1.03719, 1.04072, 0.892629, 0.973244, 0.975724, 0.982902, 1.03438, 1.03679, 0.973484, 0.978476, 0.980996, 1.0877, 1.19398, 1.1965, 1.19589, 1.19841, 1.20879, 1.21096, 1.31863, 1.32152, 1.32369, 1.414, 1.41652, 1.48991, 1.49377, 1.49633, 1.26354, 1.35522, 1.17612, 1.11906, 1.12082, 1.12229, 1.07908, 1.02236, 1.02488, 1.02728, 1.16106, 1.16264, 1.28672, 1.2888, 1.29183, 1.13409, 1.13661, 1.01656, 1.13582, 1.13834, 1.28552, 1.28817, 1.29018, 1.2345, 1.36367, 1.36642, 1.36894, 1.37377, 1.34981, 1.11989, 1.24018, 1.2427, 1.10292, 1.29674, 1.29651, 1.18076, 1.28897, 1.29119, 1.13529, 1.26343, 1.26602, 1.13806, 1.14046, 1.14298, 1.14896, 1.15148, 1.25778, 1.26042, 1.39037, 1.42834, 1.43052, 1.43232, 1.4359, 1.37097, 1.15405, 1.2837, 1.17599, 1.177, 1.17826, 1.35858, 1.23447, 1.23749, 1.24001, 1.24253, 1.05649, 1.11795, 1.12034, 1.26334, 1.34142, 1.34343, 1.34612, 1.35051, 1.45606, 1.45959, 1.46211, 1.60964, 1.61088, 1.33337, 1.33589, 1.42868, 1.52229, 1.48563, 1.48815, 1.49556, 1.49775, 1.21965, 1.38286, 1.38538, 1.30042, 1.49515, 1.49805, 1.31725, 1.46011, 1.46287, 1.40657, 1.52095, 1.52363, 1.52453, 1.52739, 1.48602, 1.56773, 1.50493, 1.45007, 1.45259, 1.45511, 1.15981, 1.16233, 1.31916, 1.32168, 1.3242, 1.44665, 1.44879, 1.44656, 1.45109, 1.45361, 1.44398, 1.44651, 1.52016, 1.51966, 1.52319, 1.60292, 1.60544, 1.40341, 1.50399, 1.72432, 1.59063, 1.61073, 1.61325, 1.61528, 1.36101, 1.36353, 1.22407, 1.34728, 1.47593, 1.47845, 1.48198, 1.48433, 1.37608, 1.77609, 1.77861, 1.98363, 1.98615, 1.98928, 1.93411, 1.93646, 1.44391, 1.44643, 1.45711, 1.59332, 1.59584, 1.59745, 1.59942, 1.58881, 1.5333, 1.53595, 1.48701, 1.39051, 1.50869, 1.5107, 1.51322, 1.74776, 1.75099, 1.70332, 1.70517, 1.70769, 1.50914, 1.51149, 1.51351, 1.4838, 1.58831, 1.59133, 1.51477, 1.51729, 1.63373, 1.46782, 1.47034, 1.69201, 1.69453, 1.61399, 1.61651, 1.73208, 1.62676, 1.62928, 1.71272, 1.71524, 1.64993, 1.67958, 1.68206, 1.68813, 1.69019, 1.69271, 1.6951, 1.69762, 1.65554, 1.65891, 1.63928, 1.67256, 1.6752, 1.53459, 1.64494, 1.64847, 1.53456, 1.53708, 1.53961, 1.40299, 1.53022, 1.74356, 1.74557, 1.74734, 1.76471, 1.76752, 1.78464, 1.78762, 1.79001, 1.7231, 1.80143, 1.69269, 1.58121, 1.58373, 1.65708, 1.55839, 1.64434, 1.64686, 1.65775, 1.66697, 1.66949, 1.66264, 1.73299, 1.80995, 1.8131, 1.81736, 1.81924, 1.77725, 1.77068, 1.77335, 1.70811, 1.72166, 1.72418, 1.69517, 1.75641, 1.75763, 1.65148, 1.75956, 1.76229, 1.63595, 1.63971, 1.65794, 1.54642, 1.85649, 1.95622, 1.95699, 1.96002, 1.96254, 1.81604, 1.75373, 1.75625, 1.81848, 1.82313, 1.7147, 1.71788, 1.72024, 1.71807, 1.63228, 1.6348, 1.75674, 1.8891, 1.8902, 1.89372, 1.89608, 1.91368, 1.75401, 1.87591, 1.92833, 1.93135, 1.89705, 1.8997, 1.89543, 1.72861, 1.79126, 1.71255, 1.88251, 1.88503, 1.88704, 1.88854, 1.89052, 1.85053, 1.79433, 1.95858,
Main Loop Time: 4.90727
Number of Graph Matching Computed: 14696
Number of Zero Entries Cells: 6733
Number of Pruned Cells: 0
Number of Estimated Cells Above Threshold: 0
Number of Cells Above Threshold: 0
Env Time: 0.000863102
Dataloader Time: 0.0401535
FaissIndex Time: 0.018326
Algorithm Time: 4.98871
