creating environment with lakes: /root/data/en/king_james_bible_para/2_0/, /root/data/en/esv_chapter/2/
1 text1_files listed
1 text2_files listed
Inverted Index Size: 530
Words: 255
Vector Size: 300
Normalized vector storage check
Index Trained: 1
Ntotal: 192
Sliding Window Computation time: 8.1014e-05
Out of dictionary words: 63
K: 192
NB: 192
Faiss Search Time: 0.0771968
size of I: 36864
Size of valid edges: 35115
Vector Size: 1500
Normalized vector storage check
Index Trained: 1
Ntotal: 88440
K: 88440
NB: 21
1, 1, 1, 0, 0, 0, 0, 0, 0, 0, 0, 0, 0, 0, 0, 0, 0, 0, 0, 0, 0, 0, 0, 0, 0, 0, 0, 0, 0, 0, 0, 0, 0, 0, 0, 0, 0, 0, 0, 0, 0, 0, 0, 0, 0, 0, 0, 0, 0, 0, 0, 0, 0, 0, 0, 0, 0, 0, 0, 0, 0, 0, 0, 0, 0, 0, 0, 0, 0, 0, 0, 0, 0, 0, 0, 0, 0, 0, 0, 0, 0, 0, 0, 0, 0, 0, 0, 0, 0, 0, 0, 0, 0, 0, 0, 0, 0, 0, 0, 0, 0, 0, 0, 0, 0, 0, 0, 0, 0, 0, 0, 0, 0, 0, 0, 0, 0, 0, 0, 0, 0, 0, 0, 0, 0, 0, 0, 0, 0, 0, 0, 0, 0, 0, 0, 0, 0, 0, 0, 0, 0, 0, 0, 0, 0, 0, 0, 0, 0, 0, 0, 0, 0, 0, 0, 0, 0, 0, 0, 0, 0, 0, 0, 0, 0, 0, 0, 0, 0, 0, 0, 0, 0, 0, 0, 0, 0, 0, 0, 0, 0, 0, 0, 0, 0, 0, 0, 0, 0, 0, 0, 0, 0, 0, 0, 0, 0, 0, 0, 0, 0, 0, 0, 0, 0, 0, 0, 0, 0, 0, 0, 0, 0, 0, 0, 0, 0, 0, 0, 0, 0, 0, 0, 0, 0, 0, 0, 0, 0, 0, 0, 0, 0, 0, 0, 0, 0, 0, 0, 0, 0, 0, 0, 0, 0, 0, 0, 0, 0, 0, 0, 0, 0, 0, 0, 0, 0, 0, 0, 0, 0, 0, 0, 0, 0, 0, 0, 0, 0, 0, 0, 0, 0, 0, 0, 0, 0, 0, 0, 0, 0, 0, 0, 0, 0, 0, 0, 0, 0, 0, 0, 0, 0, 0, 0, 0, 0, 0, 0, 0, 0, 0, 0, 0, 0, 0, 0, 0, 0, 0, 0, 0, 0, 0, 0, 0, 0, 0, 0, 0, 0, 0, 0, 0, 0, 0, 0, 0, 0, 0, 0, 0, 0, 0, 0, 0, 0, 0, 0, 0, 0, 0, 0, 0, 0, 0, 0, 0, 0, 0, 0, 0, 0, 0, 0, 0, 0, 0, 0, 0, 0, 0, 0, 0, 0, 0, 0, 0, 0, 0, 0, 0, 0, 0, 0, 0, 0, 0, 0, 0, 0, 0, 0, 0, 0, 0, 0, 0, 0, 0, 0, 0, 0, 0, 0, 0, 0, 0, 0, 0, 0, 0, 0, 0, 0, 0, 0, 0, 0, 0, 0, 0, 0, 0, 0, 0, 0, 0, 0, 0, 0, 0, 0, 0, 0, 0, 0, 0, 0, 0, 0, 0, 0, 0, 0, 0, 0, 0, 0, 0, 0, 0, 0, 0, 0, 0, 0, 0, 0, 0, 0, 0, 0, 0, 0, 0, 0, 0, 0, 0, 0, 0, 0, 0, 0, 0, 0, 0, 0, 0, 0, 0, 0, 0, 0, 0, 0, 0, 0, 0, 0, 0, 0, 0, 0, 0, 0, 0, 0, 0, 0, 0, 0, 0, 0, 0, 0, 0, 0, 0, 0, 0, 0, 0, 0, 0, 0, 0, 0, 0, 0, 0, 0, 0, 0, 0, 0, 0, 0, 0, 0, 0, 0, 0, 0, 0, 0, 0, 0, 0, 0, 0, 0, 0, 0, 0, 0, 0, 0, 0, 0, 0, 0, 0, 0, 0, 0, 0, 0, 0, 0, 0, 0, 0, 0, 0, 0, 0, 0, 0, 0, 0, 0, 0, 0, 0, 0, 0, 0, 0, 0, 0, 0, 0, 0, 0, 0, 0, 0, 0, 0, 0, 0, 0, 0, 0, 0, 0, 0, 0, 0, 0, 0, 0, 0, 0, 0, 0, 0, 0, 0, 0, 0, 0, 0, 0, 0, 0, 0, 0, 0, 0, 0, 0, 0, 0, 0, 0, 0, 0, 0, 0, 0, 0, 0, 0, 0, 0, 0, 0, 0, 0, 0, 0, 0, 0, 0, 0, 0, 0, 0, 0, 0, 0, 0, 0, 0, 0, 0, 0, 0, 0, 0, 0, 0, 0, 0, 0, 0, 0, 0, 0, 0, 0, 0, 0, 0, 0, 0, 0, 0, 0, 0, 0, 0, 0, 0, 0, 0, 0, 0, 0, 0, 0, 0, 0, 0, 0, 0, 0, 0, 0, 0, 0, 0, 0, 0, 0, 0, 0, 0, 0, 0, 0, 0, 0, 0, 0, 0, 0, 0, 0, 0, 0, 0, 0, 0, 0, 0, 0, 0, 0, 0, 0, 0, 0, 0, 0, 0, 0, 0, 0, 0, 0, 0, 0, 0, 0, 0, 0, 0, 0, 0, 0, 0, 0, 0, 0, 0, 0, 0, 0, 0, 0, 0, 0, 0, 0, 0, 0, 0, 0, 0, 0, 0, 0, 0, 0, 0, 0, 0,
1.00011, 1.58133, 1.58144, 0, 0.797921, 0.798082, 0, 0, 0, 0, 0, 0, 0, 0, 0, 0, 0, 0, 0, 0, 0, 0, 0, 0, 0, 0, 0, 0, 0, 0, 0, 0, 0, 0, 0, 0, 0, 0, 0, 0, 0, 0, 0, 0, 0, 0, 0, 0, 0, 0, 0, 0, 0, 0, 0, 0, 0, 0, 0, 0, 0, 0, 0, 0, 0, 0, 0, 0, 0, 0, 0, 0, 0, 0, 0, 0, 0, 0, 0, 0, 0, 0, 0, 0, 0, 0, 0, 0, 0, 0, 0, 0, 0, 0, 0, 0, 0, 0, 0, 0, 0, 0, 0, 0, 0, 0, 0, 0, 0, 0, 0, 0, 0, 0, 0, 0, 0, 0, 0, 0, 0, 0, 0, 0, 0, 0, 0, 0, 0, 0, 0, 0, 0, 0, 0, 0, 0, 0, 0, 0, 0, 0, 0, 0, 0, 0, 0, 0, 0, 0, 0, 0, 0, 0, 0, 0, 0, 0, 0, 0, 0, 0, 0, 0, 0, 0, 0, 0, 0, 0, 0, 0, 0, 0, 0, 0, 0, 0, 0, 0, 0, 0, 0, 0, 0, 0, 0, 0, 0, 0, 0, 0, 0, 0, 0, 0, 0, 0, 0, 0, 0, 0, 0, 0, 0, 0, 0, 0, 0, 0, 0, 0, 0, 0, 0, 0, 0, 0, 0, 0, 0, 0, 0, 0, 0, 0, 0, 0, 0, 0, 0, 0, 0, 0, 0, 0, 0, 0, 0, 0, 0, 0, 0, 0, 0, 0, 0, 0, 0, 0, 0, 0, 0, 0, 0, 0, 0, 0, 0, 0, 0, 0, 0, 0, 0, 0, 0, 0, 0, 0, 0, 0, 0, 0, 0, 0, 0, 0, 0, 0, 0, 0, 0, 0, 0, 0, 0, 0, 0, 0, 0, 0, 0, 0, 0, 0, 0, 0, 0, 0, 0, 0, 0, 0, 0, 0, 0, 0, 0.708602, 0.708722, 0.708842, 0, 0, 0, 0, 0, 0, 0, 0, 0, 0, 0, 0, 0, 0, 0, 0, 0, 0, 0, 0, 0, 0, 0, 0, 0, 0, 0, 0, 0, 0, 0, 0, 0, 0, 0, 0, 0, 0, 0, 0, 0, 0, 0, 0, 0, 0, 0, 0, 0, 0, 0, 0, 0, 0, 0, 0, 0, 0, 0, 0, 0, 0, 0, 0, 0, 0, 0, 0, 0, 0, 0, 0, 0, 0, 0, 0, 0, 0, 0, 0, 0, 0, 0, 0, 0, 0, 0, 0, 0, 0, 0, 0, 0.819407, 0.819528, 0, 0, 0.713325, 0, 0, 0, 0, 0, 0, 0, 0, 0, 0, 0, 0, 0, 0, 0, 0, 0, 0, 0, 0, 0, 0, 0, 0, 0, 0, 0, 0, 0, 0, 0, 0, 0, 0, 0, 0, 0, 0, 0, 0, 0, 0, 0, 0, 0, 0, 0, 0, 0, 0, 0, 0, 0, 0, 0, 0, 0, 0, 0, 0, 0, 0, 0, 0, 0, 0, 0, 0, 0, 0, 0, 0, 0, 0, 0, 0, 0, 0, 0, 0, 0, 0, 0, 0, 0, 0, 0, 0, 0, 0, 0, 0, 0, 0, 0, 0, 0, 0.831761, 0, 0, 0, 0, 0, 0, 0, 0, 0, 0, 0, 0, 0, 0, 0, 0, 0, 0, 0, 0, 0, 0, 0, 0, 0, 0, 0, 0, 0, 0, 0, 0, 0, 0, 0, 0, 0, 0, 0, 0, 0, 0, 0, 0, 0, 0, 0, 0, 0, 0, 0, 0, 0, 0, 0, 0, 0, 0, 0, 0, 0, 0, 0, 0, 0, 0, 0, 0, 0, 0, 0, 0, 0, 0, 0, 0, 0, 0, 0, 0, 0, 0, 0, 0, 0, 0, 0, 0, 0, 0, 0, 0, 0, 0, 0, 0, 0, 0, 0, 0, 0, 0, 0, 0, 0, 0, 0, 0, 0, 0, 0, 0, 0, 0, 0, 0, 0, 0, 0, 0, 0, 0, 0, 0, 0, 0, 0, 0, 0, 0, 0, 0, 0, 0, 0, 0, 0, 0, 0, 0, 0, 0, 0, 0, 0, 0, 0, 0, 0, 0, 0, 0, 0, 0, 0.749148, 0.749252, 0.71971, 0.719804, 0.795849, 0, 0, 0, 0, 0, 0, 0, 0, 0, 0, 0, 0, 0, 0, 0, 0, 0, 0, 0, 0, 0, 0, 0, 0, 0, 0, 0, 0, 0, 0, 0, 0, 0, 0, 0, 0, 0, 0, 0, 0, 0, 0, 0, 0, 0, 0, 0, 0, 0, 0, 0, 0, 0, 0, 0, 0, 0, 0, 0, 0, 0, 0, 0, 0, 0, 0, 0, 0, 0, 0, 0, 0, 0, 0, 0, 0, 0, 0, 0, 0, 0, 0, 0, 0, 0, 0, 0, 0, 0, 0, 0, 0, 0, 0, 0, 0, 0, 0, 0, 0, 0, 0, 0, 0, 0, 0,
0.99762, 1.57414, 1.56958, 0, 0.771019, 0.766456, 0, 0, 0, 0, 0, 0, 0, 0, 0, 0, 0, 0, 0, 0, 0, 0, 0, 0, 0, 0, 0, 0, 0, 0, 0, 0, 0, 0, 0, 0, 0, 0, 0, 0, 0, 0, 0, 0, 0, 0, 0, 0, 0, 0, 0, 0, 0, 0, 0, 0, 0, 0, 0, 0, 0, 0, 0, 0, 0, 0, 0, 0, 0, 0, 0, 0, 0, 0, 0, 0, 0, 0, 0, 0, 0, 0, 0, 0, 0, 0, 0, 0, 0, 0, 0, 0, 0, 0, 0, 0, 0, 0, 0, 0, 0, 0, 0, 0, 0, 0, 0, 0, 0, 0, 0, 0, 0, 0, 0, 0, 0, 0, 0, 0, 0, 0, 0, 0, 0, 0, 0, 0, 0, 0, 0, 0, 0, 0, 0, 0, 0, 0, 0, 0, 0, 0, 0, 0, 0, 0, 0, 0, 0, 0, 0, 0, 0, 0, 0, 0, 0, 0, 0, 0, 0, 0, 0, 0, 0, 0, 0, 0, 0, 0, 0, 0, 0, 0, 0, 0, 0, 0, 0, 0, 0, 0, 0, 0, 0, 0, 0, 0, 0, 0, 0, 0, 0, 0, 0, 0, 0, 0, 0, 0, 0, 0, 0, 0, 0, 0, 0, 0, 0, 0, 0, 0, 0, 0, 0, 0, 0, 0, 0, 0, 0, 0, 0, 0, 0, 0, 0, 0, 0, 0, 0, 0, 0, 0, 0, 0, 0, 0, 0, 0, 0, 0, 0, 0, 0, 0, 0, 0, 0, 0, 0, 0, 0, 0, 0, 0, 0, 0, 0, 0, 0, 0, 0, 0, 0, 0, 0, 0, 0, 0, 0, 0, 0, 0, 0, 0, 0, 0, 0, 0, 0, 0, 0, 0, 0, 0, 0, 0, 0, 0, 0, 0, 0, 0, 0, 0, 0, 0, 0, 0, 0, 0, 0, 0, 0, 0, 0, 0, 0, 0, 0, 0, 0, 0, 0, 0, 0, 0, 0, 0, 0, 0, 0, 0, 0, 0, 0, 0, 0, 0, 0, 0, 0, 0, 0, 0, 0, 0, 0, 0, 0, 0, 0, 0, 0, 0, 0, 0, 0, 0, 0, 0, 0, 0, 0, 0, 0, 0, 0, 0, 0, 0, 0, 0, 0, 0, 0, 0, 0, 0, 0, 0, 0, 0, 0, 0, 0, 0, 0, 0, 0, 0, 0, 0, 0, 0, 0, 0, 0, 0, 0, 0, 0, 0, 0, 0, 0, 0, 0, 0, 0, 0, 0, 0, 0, 0, 0, 0, 0, 0, 0, 0, 0, 0, 0, 0, 0, 0, 0, 0, 0, 0, 0, 0, 0, 0, 0, 0, 0, 0, 0, 0, 0, 0, 0, 0, 0, 0, 0, 0, 0, 0, 0, 0, 0, 0, 0, 0, 0, 0, 0, 0, 0, 0, 0, 0, 0, 0, 0, 0, 0, 0, 0, 0, 0, 0, 0, 0, 0, 0, 0, 0, 0, 0, 0, 0, 0, 0, 0, 0, 0, 0, 0, 0, 0, 0, 0, 0, 0, 0, 0, 0, 0, 0, 0, 0, 0, 0, 0, 0, 0, 0, 0, 0, 0, 0, 0, 0, 0, 0, 0, 0, 0, 0, 0, 0, 0, 0, 0, 0, 0, 0, 0, 0, 0, 0, 0, 0, 0, 0, 0, 0, 0, 0, 0, 0, 0, 0, 0, 0, 0, 0, 0, 0, 0, 0, 0, 0, 0, 0, 0, 0, 0, 0, 0, 0, 0, 0, 0, 0, 0, 0, 0, 0, 0, 0, 0, 0, 0, 0, 0, 0, 0, 0, 0, 0, 0, 0, 0, 0, 0, 0, 0, 0, 0, 0, 0, 0, 0, 0, 0, 0, 0, 0, 0, 0, 0, 0, 0, 0, 0, 0, 0, 0, 0, 0, 0, 0, 0, 0, 0, 0, 0, 0, 0, 0, 0, 0, 0, 0, 0, 0, 0, 0, 0, 0, 0, 0, 0, 0, 0, 0, 0, 0, 0, 0, 0, 0, 0, 0, 0, 0, 0, 0, 0, 0, 0, 0, 0, 0, 0, 0, 0, 0, 0, 0, 0, 0, 0, 0, 0, 0, 0, 0, 0, 0, 0, 0, 0, 0, 0, 0, 0, 0, 0, 0, 0, 0, 0, 0, 0, 0, 0, 0, 0, 0, 0, 0, 0, 0, 0, 0, 0, 0, 0, 0, 0, 0, 0, 0, 0, 0, 0, 0, 0, 0, 0, 0, 0, 0, 0, 0, 0, 0, 0, 0, 0, 0, 0, 0, 0, 0, 0, 0, 0, 0, 0, 0, 0, 0, 0, 0, 0, 0, 0, 0, 0, 0, 0, 0, 0, 0, 0, 0, 0, 0, 0, 0, 0, 0, 0, 0, 0, 0, 0, 0, 0, 0, 0, 0, 0, 0, 0, 0, 0, 0, 0, 0, 0, 0, 0,
0, 0, 0, 1.58238, 1.58269, 1.58319, 1.2921, 1.29246, 0, 0, 0, 0, 0, 0, 0, 0, 0, 0, 0, 0, 0, 0, 0, 0, 0.763771, 0.864444, 0.912176, 0.912527, 0.912836, 0, 0, 0, 0, 0, 0, 0, 0, 0, 0, 0, 1.09759, 1.01493, 1.17212, 1.17226, 1.29295, 1.17272, 1.17322, 1.12685, 1.12721, 0, 0, 0, 0, 0, 0, 0, 0, 0, 0, 0, 0, 0, 0, 0, 0, 0, 0, 0, 0, 0, 0, 0, 0, 0.919334, 0.977367, 0.977745, 0.97799, 0.978353, 0, 0, 0, 0, 0, 0, 0, 0, 0, 0, 0, 0, 0, 0, 0, 0, 0, 0, 0, 0, 0.978389, 0.916509, 0.916869, 0.917229, 0.917733, 0, 0, 1.10336, 1.08851, 1.08887, 1.03851, 1.03888, 0, 0, 0, 0, 0, 0, 0, 0, 0, 0, 0, 0, 0, 0, 0, 0, 0, 0, 0, 0, 0, 0, 0, 0, 0, 0, 0, 0, 0, 0, 0, 0, 0, 0, 0, 0, 0, 0, 0, 1.29007, 1.29043, 1.26324, 1.26354, 1.26375, 1.26411, 1.26447, 1.30333, 1.30369, 1.30428, 0, 0, 0, 0, 0, 0, 0, 0, 0, 0, 0, 0, 0, 0, 0, 0, 0, 0, 0, 0, 0, 0, 0, 0, 0, 0, 0, 0, 0, 0, 0, 0, 0, 0, 0, 0, 0, 0, 0, 0, 0, 0, 0, 0, 0, 0, 0, 0, 0, 0, 0, 0, 1.00886, 0.918257, 0.918545, 0.918977, 1.08903, 0, 0, 0, 0, 0, 0, 0, 0, 0, 0, 0, 0, 0, 0, 0, 0, 0, 0, 0, 0, 0, 0, 0, 0.941411, 1.00488, 1.00517, 1.00552, 1.0059, 0, 0, 0, 0, 0, 0, 0, 0, 0, 0, 0, 0, 0, 0, 0, 0, 0, 0, 0, 0, 0, 0, 0, 0, 0, 0, 0, 0, 0, 0, 0, 0, 0, 0, 0, 0, 0, 0, 0, 0, 0.954119, 1.0198, 1.01993, 1.02029, 1.02065, 0, 0, 0, 0, 0, 0, 0, 0, 0, 0, 0, 0, 0, 0, 0, 0, 0, 0, 0, 0, 0, 0, 0, 0, 0, 0, 0, 0, 0, 0, 0, 0, 0, 0, 0, 0, 0, 0, 0, 0, 0, 0, 0, 0, 0, 0, 0, 0, 0, 0, 0, 0, 0, 0, 0, 0, 0, 0, 0, 0, 0, 0, 0, 0, 0, 0, 0, 1.19878, 1.23864, 1.23895, 1.23931, 1.2396, 0, 0, 0, 0, 0, 0, 0, 0, 0, 0, 0, 0, 0, 0, 0, 0, 0, 0, 0, 0, 0, 0, 0, 0, 0, 0, 0, 0, 0, 0, 0, 0, 0, 0, 0, 0, 0, 0, 0, 1.18691, 1.13769, 1.13805, 1.27065, 1.27101, 0, 0, 0, 0, 0, 0, 0, 0, 0, 0, 0, 0, 0, 0, 1.00623, 1.06493, 1.06513, 1.06534, 1.06561, 0.735268, 0, 0, 0, 0, 0, 0, 0, 0, 0, 0, 0, 0, 0, 0, 0, 0, 0, 0, 0, 1.01441, 1.10336, 1.10374, 1.1039, 1.10428, 0.755103, 0, 0, 0.733764, 0.734124, 0, 0, 0, 0, 0, 0, 1.23439, 1.15803, 1.23928, 1.23949, 1.43605, 1.24014, 1.2405, 1.2307, 1.23107, 0, 0, 0, 0, 0, 0, 0, 0, 0, 0, 0, 0, 0, 0, 0, 0, 0.721485, 0, 0, 0, 0, 0, 0, 0, 0, 0, 0, 0, 0, 0, 0, 0, 1.24807, 1.17171, 1.1973, 1.19766, 1.34946, 0, 0, 0, 0, 1.06823, 1.12605, 1.12643, 1.12658, 1.1269, 0.777783, 0, 0, 0, 0, 0, 0, 0, 0, 0, 0, 0, 0, 0, 0, 0, 0, 0, 0, 0, 0, 0, 0, 1.3356, 1.30135, 1.30164, 1.30195, 1.40971, 0.935133, 0.935493, 0.935853, 0.936177, 0.795369, 0, 0, 0, 0, 0, 0, 0, 0, 0, 0, 0, 0, 0.821672, 0.733458, 1.48786, 1.48853, 1.48889, 1.34517, 1.34546, 0, 0, 0, 0, 0, 0, 0, 0, 0, 0, 0, 0, 0, 0, 0, 0, 0, 0, 0, 0, 0, 0, 0.785668, 0.786062, 0.786419, 0.786782, 0.950181, 0, 0, 0, 1.07549, 1.0873, 1.08766, 1.08769, 1.08805, 0, 1.27343, 1.28783, 1.28819, 1.38369, 1.40224, 0, 0, 0, 0, 0, 0.719974, 0.720334, 0.720694, 0.715075, 0.861916, 0, 0, 0, 0, 0, 0, 0, 0, 0, 0, 0, 0, 0, 0, 0.917645, 0.98158, 0.981954, 0.982368, 0.982728, 0, 0, 0, 0, 0, 0, 0, 0, 0, 0, 0, 0, 1.08267, 1.11747, 1.13085, 1.13117, 1.13157, 0, 0, 0, 0, 0, 0, 0, 0, 0, 0, 0.754293, 0.754674, 0.754962, 0.722389, 0.772554, 0.776529, 0.776988, 0.777351, 0.777708, 0, 0, 0, 0, 0, 0, 0, 0, 0, 0, 0, 0, 0, 0, 0, 1.09635, 1.13115, 1.13186, 1.1322, 1.13253, 0, 0, 0, 1.04295, 1.18951, 1.18991, 1.19031, 1.19067, 0.775204, 0, 0.873996, 0.874356, 0.874716, 0.87481, 0.871563, 0, 0, 1.46491, 1.46527, 1.4657, 1.36297, 1.36338, 0, 0, 0, 0, 0, 0, 0, 0, 0, 0, 1.00449, 1.10918, 1.10951, 1.10969, 1.1099, 0, 1.4035, 1.40386, 1.29979, 1.38319, 1.38349, 0, 0, 0, 0.735444, 0.735804, 0, 0, 0, 0, 0, 0, 0, 0, 0, 0, 0, 0, 0, 0, 0, 0, 0, 0, 0, 0, 0, 0, 0, 0, 0, 0, 0, 0, 0, 1.4781,
0, 0.798252, 0.798736, 1.58285, 2.58322, 2.58389, 2.29291, 2.29341, 1.38933, 0, 0, 0, 0, 0, 0, 0, 0, 0, 0, 0, 0, 0, 0, 0, 0.766681, 0.867486, 0.974564, 0.975332, 0.99767, 0, 0, 0, 0, 0, 0, 0, 0, 0, 0, 0, 1.14378, 1.01992, 1.17724, 1.17743, 1.36556, 1.1987, 1.21136, 1.16536, 1.16583, 0, 0, 0, 0, 0.704208, 0.70476, 0, 0, 0, 0, 0, 0, 0, 0, 0, 0, 0, 0, 0.84073, 0, 0.715426, 0, 0, 0, 1.02947, 1.11856, 1.11913, 0.98701, 0.987486, 0, 0, 0, 0, 0, 0, 0, 0, 0, 0, 0, 0, 0, 0, 0, 0, 0, 0, 0, 0, 0.990017, 0.928251, 0.928731, 1.13702, 1.13769, 0, 0, 1.30842, 1.1637, 1.16418, 1.05136, 1.05183, 0, 0, 0, 0, 0, 0, 0, 0, 0.799577, 0.794132, 0.794987, 0, 0.760314, 0, 0.709607, 0, 0.751318, 0, 0, 0.716638, 0.75857, 0.758814, 0, 0, 0.735719, 0, 0, 0, 0, 0, 0, 0, 0, 0, 0, 0, 0.710635, 0, 0.718292, 1.42921, 1.42968, 1.40263, 1.4033, 1.40026, 1.40074, 1.40122, 1.44022, 1.4407, 1.41731, 0, 0, 0, 0, 0, 0, 0, 0, 0, 0, 0, 0, 0, 0, 0, 0, 0, 0, 0, 0, 0.710214, 0.710694, 0.706636, 0, 0, 0, 0, 0, 0, 0, 0, 0, 0, 0, 0, 0, 0, 0, 0, 0, 0, 0.748729, 0.718689, 0.775561, 0.776041, 0, 0, 0, 0, 0, 0, 0, 1.03346, 0.942984, 0.943368, 0.943944, 1.12305, 0, 0, 0, 0, 0, 0.707881, 0, 0, 0, 0, 0, 0, 0.750132, 0, 0.789874, 0, 0, 0, 0.814007, 0.814583, 0.815522, 0.779982, 0, 1.05467, 1.22092, 1.03332, 1.1552, 1.15577, 0.819721, 0, 0, 0, 0, 0, 0, 0, 0, 0, 0, 0, 0, 0, 0, 0, 0, 0, 0, 0, 0, 0, 0, 0, 0, 0, 0, 0, 0, 0, 0, 0, 0, 0, 0, 0, 0, 0, 0, 0, 1.02975, 1.05765, 1.053, 1.1221, 1.12258, 0, 0, 0, 0, 0, 0, 0, 0, 0, 0, 0, 0.762857, 0.708654, 0.709326, 0.824325, 0.725229, 0, 0, 0, 0.738853, 0, 0.767911, 0, 0.767531, 0, 0, 0, 0, 0, 0, 0, 0, 0, 0.81104, 0, 0, 0.721324, 0.721621, 0, 0, 0, 0, 0, 0, 0, 0, 0.797257, 0, 0, 0, 0, 0, 0, 0, 0, 0, 0, 0, 0, 0, 0, 0, 0, 0, 0, 0, 0, 1.24992, 2.2399, 2.16366, 2.16414, 2.2315, 1.37059, 0, 0, 0, 0, 0, 0, 0, 0, 0, 0, 0, 0, 0, 0, 0, 0, 0, 0, 0, 0, 0, 0, 0.716628, 0, 0, 0, 0, 0, 0, 0, 0, 0, 0, 0, 0, 0, 0, 0, 1.29393, 1.1836, 1.18408, 1.31679, 1.31726, 0, 0, 0.709124, 0, 0.723654, 0.724134, 0, 0, 0, 0, 0, 0, 0, 0, 1.05411, 1.16284, 1.11324, 1.11353, 1.12268, 0.78367, 0, 0, 0, 0, 0, 0, 0, 0, 0, 0, 0, 0, 0.703983, 0.771879, 0, 0, 0, 0.814594, 0, 1.22558, 1.31464, 1.31522, 1.15491, 1.15539, 0.806325, 0, 0, 0.785328, 0.785808, 0.771043, 0.771523, 0.84871, 0, 0, 0, 1.29738, 1.21072, 1.29207, 1.29236, 1.56029, 1.43205, 1.43253, 1.35213, 1.35262, 0, 0, 0, 0, 0, 0, 0, 0, 0, 0, 0.809506, 0.809986, 0.835126, 0.721329, 0.820043, 0, 0.886644, 0.706958, 0.849133, 0.746805, 0.747285, 0.718963, 0.719443, 0, 0, 0, 0, 0, 0, 0, 0, 0, 1.31562, 1.22896, 1.40741, 1.40789, 1.58491, 0, 0, 0.735228, 0.735708, 1.19557, 1.3168, 1.31737, 1.18515, 1.21968, 0.836565, 0, 0, 0, 0, 0, 0, 0.703458, 0.724823, 0.725303, 0, 0, 0, 0, 0, 0, 0, 0, 0, 0, 0, 0.70763, 0.70811, 1.58492, 2.34931, 2.34989, 2.24767, 2.47174, 1.99726, 0.997737, 0.998217, 1.04382, 0.923118, 0, 0, 0, 0, 0, 0, 0, 0, 0, 0, 0, 0, 0.970977, 0.820527, 1.55225, 1.6282, 1.77935, 1.62803, 1.6285, 0, 0, 0, 0, 0, 0, 0.834254, 0.710475, 0.846158, 0.846638, 0.714394, 0, 0, 0, 0, 0, 0, 0, 0, 0, 0, 0, 0.853216, 0.853702, 0.85423, 0.854702, 1.01822, 0, 0, 0, 1.33311, 1.34494, 1.34542, 1.3643, 1.36478, 0, 1.48446, 1.56492, 1.4769, 1.65255, 1.7219, 0.94393, 0.820204, 0.820684, 0, 0, 0.790336, 0.790816, 0.791296, 0.844184, 1.13466, 0.776446, 0.940836, 0.987951, 0.988138, 0.961306, 0.961786, 0.790277, 0, 0, 0.717936, 0.718416, 0.724073, 0.841281, 0.841857, 1.1896, 1.25365, 1.18494, 1.05537, 1.05585, 0.736165, 0, 0.732387, 0.785829, 0.786309, 0, 0.732973, 0.83952, 0.78528, 0.811962, 0.798118, 0.7093, 1.15738, 1.26762, 1.4185, 1.41878, 1.41946, 0.903082, 0.887349, 0, 0.867781, 0.868453, 0.756862, 0, 0, 0.758522, 0.758882, 0.977146, 0.83118, 0.831564, 0.836381, 1.07507, 1.07909, 1.07986, 1.08035, 0.855068, 0, 0, 0, 0, 0, 0, 0, 0, 0, 0, 0.729997, 0.730477, 0.806357, 0.727068, 0.72754, 1.17562, 1.28586, 1.38223, 1.38261, 1.38311, 0.787558, 0, 0, 1.24844, 1.40885, 1.27038, 1.34893, 1.34941, 0.887712, 0, 1.03493, 0.987395, 1.08044, 1.08056, 1.07742, 0.843703, 0.844191, 1.55773, 2.54726, 2.54783, 2.32903, 2.43354, 1.46201, 0, 0, 0, 0.814864, 0.815344, 0.815824, 0.798422, 0.798998, 0, 1.19942, 1.35074, 1.26837, 1.41934, 1.4197, 0.919512, 1.64541, 1.64589, 1.49545, 1.46767, 1.4681, 0.775916, 0.776396, 0.776876, 0.820506, 0.820986, 0, 0, 0.705858, 0, 0, 0, 0, 0, 0, 0, 0.70589, 0.706366, 0, 0, 0, 0, 0, 0, 0, 0, 0, 0, 0, 0, 0, 0, 0.750013, 0.750393, 0, 1.56653,
0, 0.788031, 0.782765, 1.56165, 2.55668, 2.55179, 2.25552, 2.25, 1.3406, 0, 0, 0, 0, 0, 0, 0, 0, 0, 0, 0, 0, 0, 0, 0, 0, 0.72857, 0.830798, 0.826911, 0.844576, 0, 0, 0, 0, 0, 0, 0, 0, 0, 0, 0, 0.925768, 0.796643, 0.945626, 0.941531, 1.1285, 0.955165, 0.964512, 0.912712, 0.908198, 0, 0, 0, 0, 0, 0, 0, 0, 0, 0, 0, 0, 0, 0, 0, 0, 0, 0, 0, 0, 0, 0, 0, 0, 0, 0.719138, 0.714207, 0, 0, 0, 0, 0, 0, 0, 0, 0, 0, 0, 0, 0, 0, 0, 0, 0, 0, 0, 0, 0, 0, 0, 0, 0, 0, 0, 0, 0, 0.738057, 0, 0, 0, 0, 0, 0, 0, 0, 0, 0, 0, 0, 0, 0, 0, 0, 0, 0, 0, 0, 0, 0, 0, 0, 0, 0, 0, 0, 0, 0, 0, 0, 0, 0, 0, 0, 0, 0, 0, 0, 0, 0, 0, 0, 0, 0, 0, 0, 0, 0, 0, 0, 0, 0, 0, 0, 0, 0, 0, 0, 0, 0, 0, 0, 0, 0, 0, 0, 0, 0, 0, 0, 0, 0, 0, 0, 0, 0, 0, 0, 0, 0, 0, 0, 0, 0, 0, 0, 0, 0, 0, 0, 0, 0, 0, 0, 0, 0, 0, 0, 0, 0, 0, 0, 0, 0, 0, 0, 0, 0, 0, 0, 0, 0, 0, 0, 0, 0, 0, 0, 0, 0, 0, 0, 0, 0, 0, 0, 0, 0, 0, 0, 0, 0, 0, 0, 0, 0, 0, 0, 0, 0, 0, 0, 0, 0, 0, 0, 0, 0, 0, 0, 0, 0, 0, 0, 0, 0, 0, 0, 0, 0, 0, 0, 0, 0, 0, 0, 0, 0, 0, 0, 0, 0, 0, 0, 0, 0, 0, 0, 0, 0, 0, 0, 0, 0, 0, 0, 0, 0, 0, 0, 0, 0, 0, 0, 0, 0, 0, 0, 0, 0, 0, 0, 0, 0, 0, 0, 0, 0, 0, 0, 0, 0, 0, 0, 0, 0, 0, 0, 0, 0, 0, 0, 0, 0, 0, 0, 0, 0, 0, 0, 0, 0, 0, 0, 0, 0, 0, 0, 0, 0, 0, 0, 0, 0, 0, 0, 0, 0, 0, 0, 0, 0, 0, 0, 0, 0, 0, 0, 0, 0, 0, 0, 0, 0, 0, 0, 0, 0, 0, 0, 0, 0, 0, 0, 0, 0, 0, 0, 0, 0, 0, 0, 0, 0, 0, 0, 0, 0, 0, 0, 0, 0, 0, 0, 0, 0, 0, 0, 0, 0, 0, 0, 0, 0, 0, 0, 0, 0, 0, 0, 0, 0, 0, 0, 0, 0, 0, 0, 0, 0, 0, 0, 0, 0, 0, 0, 0, 0, 0, 0, 0, 0, 0, 0, 0, 0, 0, 0, 0, 0, 0, 0, 0, 0, 0, 0, 0, 0, 0, 0, 0, 0, 0, 0, 0, 0, 0, 0, 0, 0, 0, 0, 0, 0, 0, 0, 0, 0, 0, 0, 0, 0, 0, 0, 0, 0, 0, 0, 0, 0, 0, 0, 0, 0, 0, 0, 0, 0, 0, 0, 0, 0, 0, 0, 0, 0, 0, 0, 0, 0, 0, 0, 0, 0, 0, 0, 0, 0, 0, 0, 0, 0, 0, 0, 0, 0, 0, 0, 0, 0, 0, 0, 0, 0, 0, 0, 0, 0, 0, 0, 0, 0, 0, 0, 0, 0, 0, 0, 0, 0, 0, 0, 0, 0, 0, 0, 0, 0, 0, 0, 0, 0, 0, 0, 0, 0, 0, 0, 0, 0, 0, 0, 0, 0, 0, 0, 0, 0, 0, 0, 0, 0, 0, 0, 0, 0, 0, 0, 0, 0, 0, 0, 0, 0, 0, 0, 0, 0, 0, 0, 0, 0, 0, 0, 0, 0, 0, 0, 0, 0, 0, 0, 0, 0, 0, 0, 0, 0, 0, 0, 0, 0, 0, 0, 0, 0, 0, 0, 0, 0, 0, 0, 0, 0, 0, 0, 0, 0, 0, 0, 0, 0, 0, 0, 0, 0, 0, 0, 0, 0, 0, 0, 0, 0, 0, 0, 0, 0, 0, 0, 0, 0, 0, 0, 0, 0, 0, 0, 0, 0, 0, 0, 0, 0, 0, 0, 0, 0, 0, 0, 0, 0, 0, 0, 0, 0, 0, 0, 0, 0, 0, 0, 0, 0, 0, 0, 0, 0, 0, 0, 0, 0, 0, 0, 0, 0, 0, 0, 0, 0, 0, 0, 0, 0, 0, 0, 0, 0, 0, 0, 0, 0, 0, 0, 0, 0, 0, 0, 0, 0, 0, 0, 0, 0, 0, 0, 0, 0, 0, 0, 0, 0, 0, 0, 0, 0, 0, 0, 0, 0, 0, 0, 0, 0, 0, 0, 0, 0, 0, 0, 0, 0, 0, 0, 0, 0, 0, 0, 0, 0, 0, 0, 0,
0, 0, 0, 1.3918, 2.39234, 2.39334, 2.49589, 2.49656, 1.5928, 0.841273, 0.841993, 0, 0, 0, 0, 0, 0, 0, 0, 0, 0, 0, 0, 0, 0.772543, 0.863865, 0.924662, 0.925814, 0.987361, 0, 0, 0, 0, 0, 0, 0, 0.705325, 0.701018, 0, 0, 1.38092, 1.0298, 1.2273, 1.22765, 1.38284, 1.23733, 1.26207, 1.2046, 1.20528, 0, 0, 0, 0, 0.723584, 0.72446, 0, 0, 0, 0, 0, 0, 0, 0, 0, 0, 0, 0, 0.800157, 0, 0, 0, 0, 0, 1.01144, 1.09592, 1.09679, 0.964979, 0.965662, 0, 0, 0, 0, 0, 0, 0, 0, 0, 0, 0, 0, 0, 0, 0, 0, 0.707794, 0.708514, 0, 0, 1.13527, 0.928406, 0.929126, 1.13766, 1.13867, 0.790001, 0, 1.64987, 1.44278, 1.4435, 1.07696, 1.07765, 0, 0, 0, 0, 0, 0, 0, 0, 0.824041, 0.748862, 0.750146, 0, 0.733209, 0, 0, 0, 0, 0, 0, 0, 0.707954, 0.708326, 0.771203, 0.771707, 0.730514, 0, 0, 0, 0, 0, 0, 0, 0, 0, 0.724961, 0.745153, 0.745873, 0, 0.75442, 1.46548, 1.42918, 1.33802, 1.33902, 1.31734, 1.31806, 1.31878, 1.35263, 1.35335, 1.40714, 0, 0, 0, 0, 0, 0, 0, 0, 0, 0, 0, 0, 0, 0, 0, 0, 0, 0.750047, 0.713404, 0.714412, 0.786959, 0.787679, 0.701437, 0, 0, 0, 0, 0, 0, 0, 0, 0, 0, 0, 0, 0, 0, 0, 0, 0, 0, 0.747637, 0.717837, 0.774979, 0.775699, 0.735165, 0, 0, 0, 0, 0, 0, 1.05305, 1.05111, 1.05169, 1.05255, 1.15628, 0, 0.818884, 0.819604, 0.820324, 0.713181, 0.904524, 0, 0, 0.767362, 0, 0.725276, 0, 0.919589, 0.735577, 0.803343, 0, 0, 0.755346, 0.927053, 0.927917, 0.966501, 0.967279, 0, 1.15714, 1.26377, 1.07643, 1.19847, 1.19933, 0.836614, 0, 0, 0, 0, 0, 0, 0, 0, 0, 0, 0, 0, 0.829071, 0.829935, 0.830655, 0.90453, 0, 0, 0, 0, 0, 0.734944, 0, 0, 0, 0, 0, 0, 0, 0, 0, 0, 0, 0, 0, 0.729094, 0.730208, 0.730928, 0, 1.06729, 1.11035, 1.10595, 1.17522, 1.17594, 0.801065, 0, 0, 0, 0, 0, 0, 0, 0, 0, 0.730348, 0.81787, 0.777648, 0.778656, 1.05731, 1.00096, 0.727158, 0.88562, 0.886772, 0.871822, 0, 0.930082, 0.784284, 0.930179, 0.772429, 0.773293, 0, 0, 0, 0, 0, 0.743567, 0, 0.86688, 0.841356, 0.842076, 0.83795, 0.76936, 0, 0, 0, 0, 0, 0, 0.721516, 0.722524, 0.874735, 0, 0, 0, 0, 0, 0, 0, 0, 0, 0, 0, 0, 0, 0, 0.765709, 0.757609, 0, 0, 0, 0, 1.34179, 2.34243, 2.24543, 2.24615, 2.32621, 1.44676, 0, 0, 0, 0, 0, 0, 0, 0, 0, 0, 0, 0, 0, 0, 0, 0, 0, 0, 0, 0, 0.714662, 0, 0.761794, 0.715794, 0.716514, 0, 0, 0, 0, 0, 0, 0, 0, 0, 0.761424, 0.762288, 0.762996, 0.704223, 1.48205, 1.27536, 1.27604, 1.45446, 1.45514, 0, 0.713348, 0.84777, 0.763423, 0.944035, 0.944755, 0.807131, 0, 0, 0, 0, 0, 0, 0, 1.1531, 1.24561, 1.19628, 1.19677, 1.24552, 0.906779, 0, 0, 0, 0, 0, 0, 0, 0, 0, 0.758201, 0.758922, 0, 0.842442, 0.910522, 0, 0.739491, 0.740211, 0.875227, 0, 1.28669, 1.37604, 1.37691, 1.21687, 1.21755, 0.806498, 0, 0, 0.78628, 0.787, 0.948436, 0.949157, 1.03702, 0, 0, 0, 1.41304, 1.316, 1.44664, 1.44713, 1.67297, 1.70424, 1.70496, 1.63446, 1.63515, 0, 0, 0, 0, 0.835534, 0.836254, 0.836974, 0, 0.807374, 0, 0.936909, 0.937629, 1.06452, 0.831455, 0.940453, 0.716883, 0.967765, 0.81782, 0.965689, 0.858131, 0.858851, 0.877376, 0.878096, 0, 0, 0, 0, 0, 0.713774, 0.714494, 0.714854, 0, 1.4404, 1.34336, 1.597, 1.59772, 1.77196, 0.85942, 0.86014, 0.909331, 0.910051, 1.37015, 1.39328, 1.39415, 1.26223, 1.28372, 0.851858, 0, 0, 0.792204, 0.77227, 0.998578, 0.999299, 0.968771, 0.937375, 0.938095, 0.713191, 0.797847, 0.705628, 0, 0, 0, 0, 0, 0, 0.809932, 0, 0.876844, 0.877564, 1.82946, 2.60454, 2.6054, 2.37138, 2.51229, 2.10841, 1.10915, 1.10987, 1.15567, 0.980863, 0, 0, 0, 0, 0, 0, 0, 0, 0.757209, 0.77166, 0, 0, 1.0213, 0.949013, 1.61214, 1.68829, 1.83988, 1.8263, 1.82698, 0.876505, 0, 0, 0, 0, 0.757224, 0.932058, 0.808519, 0.946627, 0.947347, 0.831086, 0.751156, 0.75202, 0, 0, 0, 0, 0, 0, 0, 0.737285, 0, 1.04219, 1.0432, 1.0439, 0.990512, 1.07626, 0, 0.883028, 0.883388, 1.47064, 1.48325, 1.48397, 1.47858, 1.4793, 0.773208, 1.62285, 1.86804, 1.66094, 1.91186, 1.91273, 1.20377, 0.95997, 0.96069, 0.908318, 0, 0.978492, 0.979212, 0.979932, 0.985598, 1.17976, 0.91834, 1.14063, 1.25276, 1.25304, 1.11046, 1.11118, 0.920314, 0.758736, 0.759456, 0.776428, 0.777148, 0.913939, 1.0445, 1.04537, 1.3933, 1.42364, 1.35518, 1.22593, 1.22665, 0.907249, 0.703011, 0.888283, 0.992722, 0.993442, 0.875135, 0.876614, 0.920501, 0.843854, 0.92525, 0.926003, 0.87723, 1.32555, 1.36019, 1.51136, 1.51179, 1.5128, 1.10503, 1.24414, 0.970339, 1.18524, 1.18625, 0.9569, 0.875758, 0.876382, 0.910772, 0.911384, 1.16141, 1.01575, 1.01633, 0.989826, 1.37126, 1.37549, 1.37664, 1.37732, 1.15232, 0.772174, 0, 0.799266, 0.799986, 0.800706, 0.801426, 0.802146, 0, 0, 0, 0.859102, 0.859822, 0.982891, 0.903834, 0.90459, 1.35291, 1.38755, 1.4842, 1.48478, 1.48553, 0.890406, 0.888812, 0.778257, 1.44039, 1.58309, 1.44498, 1.57596, 1.57668, 1.15518, 0.962556, 1.22771, 1.18023, 1.27374, 1.27392, 1.27108, 1.05147, 1.05219, 1.65926, 2.649, 2.64986, 2.49342, 2.72797, 1.72876, 0.729495, 0.905799, 0.906519, 0.980758, 0.981478, 0.982198, 1.0478, 1.04867, 0.741931, 1.44957, 1.67602, 1.43628, 1.52992, 1.67752, 1.24541, 1.97148, 1.9722, 1.74707, 1.63311, 1.63374, 0.941806, 0.942526, 0.943246, 0.990102, 0.990821, 0.805009, 0.805729, 0.942251, 0.84521, 0.84593, 0, 0, 0.760487, 0.761207, 0.761927, 1.02973, 1.03041, 0.787602, 0.788466, 0.789186, 0, 0, 0, 0, 0, 0.781092, 0.781812, 0, 0.870719, 0.871295, 0.713199, 0.876397, 0.876949, 0, 1.6934,
0, 0, 0, 1.38484, 2.38376, 2.38287, 2.4835, 2.4826, 1.57627, 0.822966, 0.821772, 0, 0, 0, 0, 0, 0, 0, 0, 0, 0, 0, 0, 0, 0.725755, 0.81559, 0.874772, 0.873887, 0.933352, 0, 0, 0, 0, 0, 0, 0, 0, 0, 0, 0, 1.30431, 0.951288, 1.14689, 1.14568, 1.29987, 1.15325, 1.1761, 1.1164, 1.11549, 0, 0, 0, 0, 0, 0, 0, 0, 0, 0, 0, 0, 0, 0, 0, 0, 0, 0, 0, 0, 0, 0, 0, 0, 0.874469, 0.957034, 0.956079, 0.8222, 0.821245, 0, 0, 0, 0, 0, 0, 0, 0, 0, 0, 0, 0, 0, 0, 0, 0, 0, 0, 0, 0, 0.95025, 0.741881, 0.740687, 0.947246, 0.9463, 0, 0, 1.45183, 1.24289, 1.24169, 0.873087, 0.872132, 0, 0, 0, 0, 0, 0, 0, 0, 0, 0, 0, 0, 0, 0, 0, 0, 0, 0, 0, 0, 0, 0, 0, 0, 0, 0, 0, 0, 0, 0, 0, 0, 0, 0, 0, 0, 0, 0, 0, 1.19005, 1.15159, 1.05865, 1.05752, 1.03401, 1.03281, 1.03162, 1.06376, 1.06257, 1.11437, 0, 0, 0, 0, 0, 0, 0, 0, 0, 0, 0, 0, 0, 0, 0, 0, 0, 0, 0, 0, 0, 0, 0, 0, 0, 0, 0, 0, 0, 0, 0, 0, 0, 0, 0, 0, 0, 0, 0, 0, 0, 0, 0, 0, 0, 0, 0, 0, 0, 0, 0, 0, 0, 0, 0, 0, 0.757196, 0, 0, 0, 0, 0, 0, 0, 0, 0, 0, 0, 0, 0, 0, 0, 0, 0, 0, 0, 0, 0, 0, 0, 0.712647, 0.817709, 0, 0.7485, 0.747545, 0, 0, 0, 0, 0, 0, 0, 0, 0, 0, 0, 0, 0, 0, 0, 0, 0, 0, 0, 0, 0, 0, 0, 0, 0, 0, 0, 0, 0, 0, 0, 0, 0, 0, 0, 0, 0, 0, 0, 0, 0, 0, 0, 0, 0, 0, 0, 0, 0, 0, 0, 0, 0, 0, 0, 0, 0, 0, 0, 0, 0, 0, 0, 0, 0, 0, 0, 0, 0, 0, 0, 0, 0, 0, 0, 0, 0, 0, 0, 0, 0, 0, 0, 0, 0, 0, 0, 0, 0, 0, 0, 0, 0, 0, 0, 0, 0, 0, 0, 0, 0, 0, 0, 0, 0, 0, 0, 0, 0, 0, 0, 0, 0, 1.69305, 1.59365, 1.59246, 1.67074, 0.788818, 0, 0, 0, 0, 0, 0, 0, 0, 0, 0, 0, 0, 0, 0, 0, 0, 0, 0, 0, 0, 0, 0, 0, 0, 0, 0, 0, 0, 0, 0, 0, 0, 0, 0, 0, 0, 0, 0, 0.752006, 0, 0, 0.719624, 0.718669, 0, 0, 0, 0, 0, 0, 0, 0, 0, 0, 0, 0, 0, 0, 0, 0, 0, 0, 0, 0, 0, 0, 0, 0, 0, 0, 0, 0, 0, 0, 0, 0, 0, 0, 0, 0, 0, 0, 0, 0, 0, 0, 0, 0, 0, 0, 0, 0, 0, 0, 0, 0, 0, 0, 0, 0, 0, 0, 0, 0.829212, 0.859383, 0.858189, 0.785752, 0.784797, 0, 0, 0, 0, 0, 0, 0, 0, 0, 0, 0, 0, 0, 0, 0, 0, 0, 0, 0, 0, 0, 0, 0, 0, 0, 0, 0, 0, 0, 0, 0, 0, 0, 0, 0, 0, 0.85458, 0, 0, 0, 0, 0, 0, 0, 0, 0, 0, 0, 0, 0, 0, 0, 0, 0, 0, 0, 0, 0, 0, 0, 0, 0, 0, 0, 0, 0, 0, 0, 0, 0.848985, 1.62214, 1.62096, 1.38502, 1.52415, 1.1173, 0, 0, 0, 0, 0, 0, 0, 0, 0, 0, 0, 0, 0, 0, 0, 0, 0, 0, 0, 0, 0.809682, 0.794614, 0.793699, 0, 0, 0, 0, 0, 0, 0, 0, 0, 0, 0, 0, 0, 0, 0, 0, 0, 0, 0, 0, 0, 0, 0, 0, 0, 0, 0, 0, 0, 0, 0, 0, 0, 0, 0, 0, 0, 0.763759, 0, 0.803767, 0.802882, 0, 0, 0, 0, 0, 0, 0, 0, 0, 0, 0, 0, 0, 0, 0, 0, 0, 0, 0, 0, 0, 0, 0, 0, 0, 0, 0, 0, 0, 0, 0, 0, 0, 0, 0, 0, 0, 0, 0, 0, 0, 0, 0, 0, 0, 0, 0, 0, 0, 0, 0, 0, 0, 0, 0, 0, 0, 0, 0, 0, 0, 0, 0, 0, 0, 0, 0, 0, 0, 0, 0, 0, 0, 0, 0, 0, 0, 0, 0, 0, 0, 0, 0, 0, 0, 0, 0, 0, 0, 0, 0, 0, 0, 0, 0, 0, 0, 0, 0, 0, 0, 0, 0, 1.34234, 1.34114, 1.18265, 1.41542, 0, 0, 0, 0, 0, 0, 0, 0, 0, 0, 0, 0, 0, 0, 0, 0, 0, 0, 0, 0, 0, 0, 0, 0, 0, 0, 0, 0, 0, 0, 0, 0, 0, 0, 0, 0, 0, 0, 0, 0, 0, 0, 0, 0, 0, 0, 0, 0, 0, 0, 0, 0, 0, 0, 0, 0,
0, 0, 0, 0, 1.46261, 1.45883, 1.55597, 1.55198, 2.45302, 1.65462, 1.64994, 1.15424, 1.15025, 0, 0, 0, 0, 0, 0, 0, 0, 0, 0, 0, 0, 0, 0, 0, 0, 0, 0, 0, 0, 0, 0, 0, 0, 0, 0, 0, 0, 0, 0, 0, 0, 0, 0, 0, 0, 0, 0, 0, 0, 0, 0, 0, 0, 0, 0, 0, 0, 0, 0, 0, 0, 0, 0, 0, 0, 0, 0, 0, 0, 0, 0, 0, 0, 0, 0, 0, 0, 0, 0, 0, 0, 0, 0, 0, 0, 0, 0, 0, 0, 0, 0, 0, 0, 0, 0, 0, 0, 0, 0, 0, 0, 0, 0, 0, 0, 0, 0, 0, 0, 0, 0, 0, 0, 0, 0, 0, 0, 0, 0, 0, 0, 0, 0, 0, 0, 0, 0, 0, 0, 0, 0, 0, 0, 0, 0, 0, 0, 0, 0, 0, 0, 0, 0, 0, 0, 0, 0, 0, 0, 0, 0, 0, 0, 0, 0, 0, 0, 0, 0, 0, 0, 0, 0, 0, 0, 0, 0, 0, 0, 0, 0, 0, 0, 0, 0, 0, 0, 0, 0, 0, 0, 0, 0, 0, 0, 0, 0, 0, 0, 0, 0, 0, 0, 0, 0, 0, 0, 0, 0, 0, 0, 0, 0, 0, 0, 0, 0, 0, 0, 0, 0, 0, 0, 0, 0, 0, 0, 0, 0, 0, 0, 0, 0, 0, 0, 0, 0, 0, 0, 0, 0, 0, 0, 0, 0, 0, 0, 0, 0, 0, 0, 0, 0, 0, 0, 0, 0, 0, 0, 0, 0, 0, 0, 0, 0, 0, 0, 0, 0, 0, 0, 0, 0, 0, 0, 0, 0, 0, 0, 0, 0, 0, 0, 0, 0, 0, 0, 0, 0, 0, 0, 0, 0, 0, 0, 0, 0, 0, 0, 0, 0, 0, 0, 0, 0, 0, 0, 0, 0, 0, 0, 0, 0, 0, 0, 0, 0, 0, 0, 0, 0, 0, 0, 0, 0, 0, 0, 0, 0, 0, 0, 0, 0, 0, 0, 0, 0, 0, 0, 0, 0, 0, 0, 0, 0, 0, 0, 0, 0, 0, 0, 0, 0, 0, 0, 0, 0, 0, 0, 0, 0, 0, 0, 0, 0, 0, 0, 0, 0, 0, 0, 0, 0, 0, 0, 0, 0, 0, 0, 0, 0, 0, 0, 0, 0, 0, 0, 0, 0, 0, 0, 0, 0, 0, 0, 0, 0, 0, 0, 0, 0, 0, 0, 0, 0, 0, 0, 0, 0, 0, 0, 0, 0, 0, 0, 0, 0, 0, 0, 0, 0, 0, 0, 0, 0, 0, 0, 0, 0, 0, 0, 0, 0, 0, 0, 0, 0, 0, 0, 0, 0, 0, 0, 0, 0, 0, 0, 0, 0, 0, 0, 0, 0, 0, 0, 0, 0, 0, 0, 0, 0, 0, 0, 0, 0, 0, 0, 0, 0, 0, 0, 0, 0, 0, 0, 0, 0, 0, 0, 0, 0, 0, 0, 0, 0, 0, 0, 0, 0, 0, 0, 0, 0, 0, 0, 0, 0, 0, 0, 0, 0, 0, 0, 0, 0, 0, 0, 0, 0, 0, 0, 0, 0, 0, 0, 0, 0, 0, 0, 0, 0, 0, 0, 0, 0, 0, 0, 0, 0, 0, 0, 0, 0, 0, 0, 0, 0, 0, 0, 0, 0, 0, 0, 0, 0, 0, 0, 0, 0, 0, 0, 0, 0, 0, 0, 0, 0, 0, 0, 0, 0, 0, 0, 0, 0, 0, 0, 0, 0, 0, 0, 0, 0, 0, 0, 0, 0, 0, 0, 0, 0, 0, 0, 0, 0, 0, 0, 0, 0, 0, 0, 0, 0, 0, 0, 0, 0, 0, 0, 0, 0, 0, 0, 0, 0, 0, 0, 0, 0, 0, 0, 0, 0, 0, 0, 0, 0, 0, 0, 0, 0, 0, 0, 0, 0, 0, 0, 0, 0, 0, 0, 0, 0, 0, 0, 0, 0, 0, 0, 0, 0, 0, 0, 0, 0, 0, 0, 0, 0, 0, 0, 0, 0, 0, 0, 0, 0, 0, 0, 0, 0, 0, 0, 0, 0, 0, 0, 0, 0, 0, 0, 0, 0, 0, 0, 0, 0, 0, 0, 0, 0, 0, 0, 0, 0, 0, 0, 0, 0, 0, 0, 0, 0, 0, 0, 0, 0, 0, 0, 0, 0, 0, 0, 0, 0, 0, 0, 0, 0, 0, 0, 0, 0, 0, 0, 0, 0, 0, 0, 0, 0, 0, 0, 0, 0, 0, 0, 0, 0, 0, 0, 0, 0, 0, 0, 0, 0, 0, 0, 0, 0, 0, 0, 0, 0, 0, 0, 0, 0, 0, 0, 0, 0, 0, 0, 0, 0, 0, 0, 0, 0, 0, 0, 0, 0, 0, 0, 0, 0, 0, 0, 0, 0, 0, 0, 0, 0,
0, 0, 0, 0, 0.737157, 0.738669, 0.841576, 0.842692, 1.70838, 2.50162, 2.5027, 2.01291, 2.01402, 1.01511, 0, 0, 0, 0, 0, 0, 0, 0, 0, 0, 0, 0, 0, 0, 0, 0, 0, 0.714644, 0.751902, 0.739234, 0.788697, 0, 0.769277, 0.770013, 0, 0, 0, 0, 0, 0, 0.724609, 0, 0, 0, 0, 0, 0, 0, 0, 0, 0, 0, 0, 0, 0, 0, 0, 0, 0, 0.743963, 0, 0, 0, 0.722749, 0.723767, 0.724595, 0, 0, 0, 0, 0.714542, 0.715838, 0, 0, 0, 0, 0, 0, 0, 0, 0, 0, 0, 0, 0, 0, 0, 0, 0.712437, 0.713733, 0.876753, 0.877833, 0, 0, 0.727768, 0, 0, 1.46801, 1.46952, 1.63642, 1.47841, 1.71492, 0.716021, 0.717101, 0, 0, 0, 0, 0, 0, 0, 0, 0.790164, 0.791244, 0.815256, 1.02054, 1.0697, 0, 0.986217, 0.926271, 0.969897, 0.805873, 0.857692, 0, 0, 0, 0.759819, 0.760368, 0.865529, 0.866285, 0.837743, 0, 0, 0, 0.800118, 0, 0, 0.950443, 0.951575, 0.845884, 0.911926, 1.01976, 0.772571, 0.773996, 1.02625, 1.04384, 0.898022, 0.819676, 0.821188, 0.846705, 0.847785, 0.848865, 0.767468, 0.768548, 1.04899, 0.968218, 0.969298, 0, 0.714179, 0, 0.716494, 0.717844, 0.718924, 0.802245, 0.803325, 0.912421, 0.913501, 0.914581, 0.73338, 0.73446, 0, 0, 0.774221, 0.764922, 0.766434, 0.933744, 0.934825, 0.775164, 0.786629, 0.787277, 0, 0, 0.703068, 0, 0, 0.714738, 0, 0, 0, 0, 0, 0, 0, 0, 0, 0.712871, 0.943037, 1.22361, 1.24046, 1.24154, 1.2423, 1.06708, 0, 0, 0, 0, 0, 0, 0, 0, 0, 0, 0, 0.8679, 0.868981, 0.870061, 0.827622, 0.894078, 0, 0, 0.772199, 0.711944, 1.11963, 1.06475, 1.21544, 0.891491, 0.892421, 0, 0, 1.05179, 1.28378, 1.28508, 1.32437, 1.32553, 0.820699, 0.755591, 0.898886, 0, 0.911566, 0.912862, 0.79162, 0, 0.821394, 0, 0, 0, 0, 0, 0, 0, 0, 0, 0.741655, 1.0543, 1.05559, 1.05667, 1.06133, 0.867296, 0.761464, 0.762229, 0.763084, 0.75963, 0.788959, 0.790255, 0.791335, 0.792127, 0, 0, 0, 0, 0, 0, 0, 0, 0, 0.754838, 0.767731, 0.781467, 0.782547, 0.783879, 0.76754, 0.700723, 0, 0.707782, 0.708862, 0, 0, 0, 0, 0, 0, 0.719303, 0, 0, 0, 0.82217, 1.13106, 0.927052, 0.928564, 1.32102, 1.5978, 1.09297, 1.09436, 1.09552, 1.08102, 0.763143, 1.18029, 1.00005, 1.29115, 1.02974, 1.03103, 0, 0.770049, 0, 0.98239, 0.98347, 0.984741, 0.948987, 1.34769, 1.28612, 1.2872, 1.28809, 1.25041, 0.835637, 0, 0, 0, 0, 0, 0.760988, 0.7625, 1.17147, 1.06168, 1.06276, 0.854684, 0.855152, 0, 0, 0, 0, 0, 0, 0, 1.04141, 1.04249, 1.044, 1.11069, 1.15859, 0.780909, 0.879744, 0.880608, 0, 0.758769, 0.967553, 0.860151, 0.861231, 0.987316, 0.759206, 0, 0, 0, 0, 0, 0, 0.810555, 0.719148, 0.720228, 0.721308, 0.745278, 0, 0, 0, 0, 0, 0, 0, 0.745184, 0, 0.799139, 0, 0.803624, 0.770183, 0.771263, 0, 0, 0.836808, 0.737206, 0.810687, 0.710787, 0.711867, 0, 0.880435, 1.15786, 1.15915, 1.16018, 1.07051, 1.16066, 0, 0, 0.929216, 0.930242, 0, 0.938234, 0.988217, 0.988849, 1.03854, 1.03962, 0.876346, 0.87482, 0.8759, 0, 0, 0, 0, 0, 0.829166, 0.873093, 0.764726, 0.765464, 1.04442, 0.866308, 0.94885, 1.01966, 1.02074, 0.893642, 0.894398, 0, 0.714677, 0.715649, 0.950665, 1.04373, 1.04481, 1.04266, 1.07869, 1.06544, 0.826827, 0.895132, 0.896212, 0.795854, 0.7536, 0.876637, 0.926729, 0.928025, 0.860543, 0.861569, 0.746483, 0, 0, 0.718758, 0.719838, 1.03231, 1.03339, 1.1042, 0.923342, 0.924422, 0, 0.865635, 0.758188, 0.849105, 0.849843, 1.05705, 1.15251, 1.15359, 1.10226, 1.10329, 0.820288, 0, 0.848781, 0.850077, 1.14151, 1.14259, 1.14367, 0.953184, 1.29564, 1.17533, 1.68211, 1.68319, 1.66127, 1.23048, 1.33993, 0.834994, 1.15927, 0.945113, 1.36183, 1.25454, 1.25562, 1.23386, 1.23494, 0.820221, 0.821301, 0.822381, 0.738065, 0.739145, 0.837926, 0.839006, 0.839546, 0, 0.906675, 0.799228, 1.26439, 1.26547, 1.41668, 1.22856, 1.22964, 1.18195, 1.18303, 1.14582, 1.16058, 1.16188, 0.928583, 0.974125, 0.814523, 0, 0, 0.993729, 0.921806, 1.42445, 1.42553, 1.51028, 1.43386, 1.43494, 0.930317, 1.02562, 1.02677, 0.767614, 0.768694, 1.23074, 1.10356, 1.10464, 1.10572, 1.61245, 1.05643, 1.37231, 1.37339, 1.6586, 1.36179, 1.36309, 1.04911, 1.09156, 0.978309, 0.8429, 0.84398, 0.954396, 0.928959, 0.788193, 0.789273, 0.790353, 0.770669, 0.728738, 1.05215, 1.05323, 1.05431, 0.993882, 1.16894, 0.847405, 0.848485, 1.01915, 1.0036, 1.01192, 1.53094, 1.8889, 1.89084, 1.8919, 1.60892, 1.0918, 0, 0, 0, 0.902266, 1.00825, 0.949186, 1.13919, 1.14027, 0.953694, 1.12327, 1.12456, 0.865187, 0.866267, 0.867347, 0.846548, 0.847627, 0.848707, 0.849842, 1.01218, 0.768208, 0.909407, 0.910919, 0.911964, 0.751552, 0.881868, 0.742666, 1.09116, 1.0917, 1.35696, 1.42404, 1.42512, 1.97939, 1.98047, 1.78027, 1.90672, 2.32318, 1.32428, 1.40565, 1.44949, 1.3171, 1.1312, 1.13228, 0.99462, 0.829404, 0.973378, 0.974458, 0.975538, 1.17919, 1.34656, 1.13707, 1.47388, 1.5243, 1.34292, 1.30709, 1.30817, 1.04351, 0.84044, 0.84152, 0.773304, 0.774384, 1.18631, 1.22535, 1.22665, 1.30205, 1.37846, 1.11401, 1.00577, 1.00685, 1.11291, 0.905461, 1.23129, 1.24106, 1.24214, 1.11402, 1.16247, 1.44935, 1.38572, 1.48431, 1.48544, 1.31749, 1.09205, 1.18176, 1.42423, 1.42488, 1.42639, 1.65595, 1.96257, 1.45774, 1.55831, 1.55982, 1.44535, 1.12695, 1.12791, 1.28257, 1.28338, 1.53385, 1.39472, 1.39559, 1.48652, 1.86841, 1.63246, 1.63419, 1.63531, 1.49304, 1.11319, 0, 1.1611, 1.16218, 1.16326, 1.16434, 1.16542, 0.704691, 0.906952, 0.908032, 1.32518, 1.32626, 1.44962, 1.3575, 1.35853, 1.13309, 1.2228, 1.20283, 1.20369, 1.36924, 1.35621, 1.27615, 1.27633, 1.46669, 1.21432, 1.06669, 1.28183, 1.28291, 1.20559, 1.40722, 1.66338, 1.62577, 1.62689, 1.60967, 1.56506, 1.28694, 1.28797, 1.30075, 1.43028, 1.37554, 1.23217, 1.74386, 1.46086, 1.25413, 1.31257, 1.31365, 1.29086, 1.29194, 1.29302, 1.60323, 1.60452, 1.18959, 1.45524, 1.89906, 1.46274, 1.58107, 1.9013, 1.79378, 1.98536, 1.98644, 1.48148, 1.33472, 1.33566, 1.46834, 1.46942, 1.4705, 1.35385, 1.35493, 1.20102, 1.2021, 1.36526, 1.32884, 1.32992, 1.16232, 1.1634, 0.886649, 0.887729, 0.888809, 1.16585, 1.16688, 1.07651, 1.07781, 1.07889, 0.784071, 0.785151, 1.11803, 1.11911, 1.12019, 1.26108, 1.26216, 1.00357, 1.13185, 1.13266, 0.993522, 1.15692, 1.15778, 0.958243, 1.16614,
0, 0, 0, 0, 0.724179, 0.722616, 0.82324, 0.821477, 1.68458, 2.47527, 2.47367, 1.98221, 1.97996, 0.978732, 0, 0, 0, 0, 0, 0, 0, 0, 0, 0, 0, 0, 0, 0, 0, 0, 0, 0, 0, 0, 0, 0, 0, 0, 0, 0, 0, 0, 0, 0, 0, 0, 0, 0, 0, 0, 0, 0, 0, 0, 0, 0, 0, 0, 0, 0, 0, 0, 0, 0, 0, 0, 0, 0, 0, 0, 0, 0, 0, 0, 0, 0, 0, 0, 0, 0, 0, 0, 0, 0, 0, 0, 0, 0, 0, 0, 0, 0, 0, 0, 0, 0, 0, 0, 0, 0, 0, 1.20113, 1.19988, 1.36328, 1.2026, 1.43731, 0, 0, 0, 0, 0, 0, 0, 0, 0, 0, 0, 0, 0, 0.705072, 0.751771, 0, 0, 0, 0, 0, 0, 0, 0, 0, 0, 0, 0, 0, 0, 0, 0, 0, 0, 0, 0, 0, 0, 0, 0, 0, 0, 0, 0, 0, 0, 0, 0, 0, 0, 0, 0, 0, 0, 0, 0, 0, 0, 0, 0, 0, 0, 0, 0, 0, 0, 0, 0, 0, 0, 0, 0, 0, 0, 0, 0, 0, 0, 0, 0, 0, 0, 0, 0, 0, 0, 0, 0, 0, 0, 0, 0, 0, 0, 0, 0, 0.702351, 0.716716, 0.715113, 0.71211, 0, 0, 0, 0, 0, 0, 0, 0, 0, 0, 0, 0, 0, 0, 0, 0, 0, 0, 0, 0, 0, 0, 0, 0, 0, 0, 0, 0, 0, 0, 0, 0.70941, 0.708168, 0, 0, 0, 0, 0, 0, 0, 0, 0, 0, 0, 0, 0, 0, 0, 0, 0, 0, 0, 0, 0, 0, 0, 0, 0, 0, 0, 0, 0, 0, 0, 0, 0, 0, 0, 0, 0, 0, 0, 0, 0, 0, 0, 0, 0, 0, 0, 0, 0, 0, 0, 0, 0, 0, 0, 0, 0, 0, 0, 0, 0, 0, 0, 0, 0, 0, 0.819436, 0, 0, 0, 0, 0, 0, 0, 0, 0, 0, 0, 0, 0, 0, 0, 0, 0, 0, 0, 0, 0, 0, 0, 0, 0, 0, 0, 0, 0, 0, 0, 0, 0, 0, 0, 0, 0, 0, 0, 0, 0, 0, 0, 0, 0, 0, 0, 0, 0, 0, 0, 0, 0, 0, 0, 0, 0, 0, 0, 0, 0, 0, 0, 0, 0, 0, 0, 0, 0, 0, 0, 0, 0, 0, 0, 0, 0, 0, 0, 0, 0, 0, 0, 0, 0, 0, 0, 0, 0, 0, 0, 0, 0, 0, 0, 0, 0, 0, 0, 0, 0, 0, 0, 0, 0, 0, 0, 0, 0, 0, 0, 0, 0, 0, 0, 0, 0, 0, 0, 0, 0, 0, 0, 0, 0, 0, 0, 0, 0, 0, 0, 0, 0, 0, 0, 0, 0, 0, 0, 0, 0, 0, 0, 0, 0, 0, 0, 0, 0, 0, 0, 0, 0, 0, 0, 0, 0, 0, 0, 0, 0, 0, 0, 0, 0, 0, 0, 0, 0, 0, 0, 0, 0, 0, 0, 0, 0, 0, 0, 0, 0, 0, 0, 0, 0, 0, 0, 0, 0, 0, 0, 0, 0, 0, 0, 0, 0, 0, 0, 0, 0, 0, 0, 0, 0, 0, 0, 0, 0, 0, 0, 0, 0, 0, 0, 0, 0, 0, 0, 0, 0, 0, 0, 0, 0, 0, 0, 0, 0, 0, 0, 0, 0, 0, 0, 0, 0, 0, 0, 0, 0, 0, 0, 0, 0, 0, 0, 0, 0, 0, 0, 0, 0, 0, 0, 0, 0, 0, 0, 0, 0, 0, 0, 0, 0, 0, 0, 0, 0, 0, 0, 0, 0, 0, 0, 0, 0, 0, 0, 0, 0, 0, 0, 0, 0, 0, 0, 0, 0, 0, 0, 0, 0, 0, 0, 0, 0, 0, 0, 0.775124, 0, 0, 0, 0, 0, 0, 0, 0, 0, 0, 0, 0, 0, 0, 0, 0, 0, 0, 0, 0, 0, 0, 0, 0, 0, 0, 0, 0, 0, 0, 0, 0, 0, 0, 0, 0, 0, 0, 0, 0, 0, 0, 0, 0, 0, 0, 0, 0, 0, 0, 0, 0, 0, 0, 0, 0, 0, 0, 0, 0, 0, 0, 0, 0, 0, 0, 0, 0, 0, 0, 0, 0, 0, 0, 0, 0, 0, 0, 0, 0, 0, 0, 0, 0, 0, 0, 0, 0, 0, 0, 0, 0, 0, 0, 0, 0, 0, 0, 0, 0, 0, 0, 0, 0, 0, 0, 0, 0, 0, 0, 0, 0, 0, 0, 0, 0, 0, 0, 0, 0, 0, 0, 0, 0, 0, 0, 0, 0, 0, 0, 0, 0, 0, 0, 0, 0, 0, 0, 0, 0, 0, 0, 0, 0, 0, 0, 0, 0, 0, 0, 0, 0, 0, 0, 0, 0, 0, 0, 0, 0, 0, 0, 0, 0, 0, 0,
0, 0, 0, 0, 0, 0, 0, 0, 1.21945, 2.01291, 2.01423, 2.01568, 2.01691, 1.01843, 0, 0, 0, 0, 0, 0, 0, 0, 0, 0, 0, 0, 0, 0, 0, 0, 0, 0, 0, 0, 0, 0, 0, 0, 0, 0, 0, 0, 0, 0, 0, 0, 0, 0, 0, 0, 0, 0, 0, 0, 0, 0, 0, 0, 0, 0, 0, 0, 0, 0, 0, 0, 0, 0, 0, 0, 0, 0, 0, 0, 0, 0, 0, 0, 0, 0, 0, 0, 0, 0, 0, 0, 0, 0, 0, 0, 0, 0, 0, 0, 0, 0, 0, 0, 0, 0, 0, 1.29115, 1.29238, 1.45313, 1.45447, 1.45579, 0, 0, 0, 0, 0, 0, 0, 0, 0, 0, 0, 0, 0, 0.899137, 0.94822, 0, 0.865184, 0.866625, 0.86962, 0.835679, 0.836647, 0, 0, 0, 0, 0, 0.820305, 0.82146, 0.822652, 0, 0, 0, 0.832204, 0, 0, 0.780628, 0.781989, 0, 0, 0.785729, 0, 0, 0.792961, 0.794347, 0, 0, 0, 0, 0, 0, 0, 0, 0.801637, 0.802628, 0.803948, 0, 0, 0, 0.754811, 0.756329, 0.757649, 0.820439, 0.821759, 0.951947, 0.953267, 0.954587, 0.773626, 0.774946, 0, 0, 0, 0, 0, 0.724121, 0.725441, 0.726761, 0, 0, 0, 0, 0, 0, 0, 0, 0, 0, 0, 0, 0, 0, 0, 0, 0, 0.748541, 0.843537, 1.09449, 1.11116, 1.11248, 1.11364, 1.11498, 0.700155, 0, 0, 0, 0, 0, 0, 0, 0, 0, 0, 0.75107, 0.752391, 0.753711, 0, 0.747451, 0, 0, 0, 0, 1.11733, 1.11788, 1.119, 0.803971, 0.805109, 0, 0, 1.03871, 1.14234, 1.14366, 1.14529, 1.14626, 0.707474, 0.757397, 0.76547, 0, 0.778591, 0.780175, 0.781231, 0, 0.811485, 0, 0, 0, 0, 0, 0, 0, 0, 0, 0.746851, 0.843306, 0.844362, 0.845682, 0.846547, 0, 0, 0, 0, 0, 0, 0, 0, 0, 0, 0, 0, 0, 0, 0, 0, 0, 0, 0, 0.759877, 0.761963, 0.763283, 0.764889, 0.719907, 0, 0, 0, 0, 0, 0, 0, 0, 0, 0, 0.703134, 0, 0, 0, 0.849731, 1.08988, 0.886027, 0.887149, 1.27984, 1.39037, 0.905688, 0.907393, 0.908768, 0.988711, 0, 0.989323, 0.978417, 1.10097, 1.10172, 1.10331, 0, 0, 0, 0.90243, 0.90375, 0.905304, 0.925507, 1.32403, 1.25143, 1.25275, 1.25374, 1.25495, 0.848431, 0, 0, 0, 0, 0, 0.837353, 0.839202, 1.13754, 1.13886, 1.14018, 0.932217, 0.932778, 0, 0, 0, 0, 0, 0, 0, 0.947204, 0.948524, 0.950372, 1.01728, 1.14838, 0.86143, 0.862944, 0.864286, 0.750657, 0.762749, 0.792014, 0.793206, 0.794526, 0.795582, 0.787267, 0, 0, 0, 0, 0, 0, 0.801612, 0.803482, 0.804802, 0.806122, 0.74705, 0, 0, 0, 0, 0, 0, 0, 0.709425, 0.71081, 0.80175, 0.702418, 0.806715, 0.808525, 0.809845, 0, 0, 0.825223, 0.791026, 0.799583, 0.800536, 0.801856, 0.778807, 0.916471, 1.1584, 1.15946, 1.16068, 1.162, 1.1749, 0.711562, 0.712882, 0.94406, 0.945358, 0.740027, 0.853431, 0.857326, 0.858099, 0.859836, 0.861156, 0.722014, 0.720494, 0.721814, 0, 0.700261, 0.732944, 0.734198, 0.734891, 0.801945, 0.802863, 0.737951, 0.738842, 0.95157, 0.95289, 0.945134, 0.960587, 0.961907, 0.963459, 0.964383, 0, 0.812883, 0.814071, 0.901528, 0.902929, 0.904249, 0.90216, 0.938398, 0.94362, 0.926953, 0.92809, 0.92941, 0.828036, 0.787104, 0.854833, 0.857752, 0.859006, 0.83954, 0.840794, 0.820197, 0, 0, 0.71844, 0.719761, 1.03248, 1.0338, 1.03533, 0.999759, 1.00108, 0, 0.893319, 0.786142, 0.877269, 0.878083, 0.884062, 1.12848, 1.1298, 1.13138, 1.13268, 0.92735, 0, 0.914771, 0.916355, 1.0393, 1.04062, 1.04194, 0.956408, 1.23093, 1.11088, 1.61787, 1.61919, 1.62144, 1.34069, 1.34217, 0.918397, 1.16187, 0.947397, 1.36479, 1.36594, 1.36726, 1.34574, 1.34706, 0.932563, 0.933883, 0.935203, 0.851055, 0.852375, 0.947991, 0.949311, 0.949971, 0.735618, 0.943479, 0.836302, 1.30167, 1.30299, 1.30458, 1.16789, 1.16921, 1.07064, 1.07196, 1.07272, 1.08767, 1.08925, 0.9227, 0.923668, 0.903357, 0, 0.753636, 1.03861, 1.04046, 1.48818, 1.4895, 1.4902, 1.31038, 1.3117, 0.807087, 0.885336, 0.88675, 0.888355, 0.889676, 1.28247, 1.22502, 1.22634, 1.22766, 1.73465, 1.17879, 1.49499, 1.49631, 1.49763, 1.20107, 1.20266, 1.02412, 1.02517, 0.962138, 0.868664, 0.869984, 0.939158, 0.990926, 0.865298, 0.866618, 0.867938, 0.896859, 0.855168, 1.17874, 1.18006, 1.18138, 1.12125, 1.22326, 0.918886, 0.920206, 0.963041, 0.964625, 1.05491, 1.43385, 1.73396, 1.73628, 1.73751, 1.73883, 1.22202, 0.789979, 0.791365, 0.792421, 1.00751, 1.00973, 1.00962, 1.01048, 1.0118, 0.934134, 0.995243, 0.996827, 0.998169, 0.999489, 1.00081, 0.890123, 0.891444, 0.892764, 0.894105, 1.05668, 0.90311, 1.00755, 1.0094, 1.01063, 0.850497, 0.981055, 0.879008, 1.19428, 1.19494, 1.40953, 1.40985, 1.41117, 1.91617, 1.91749, 1.91848, 1.85635, 2.17769, 1.38568, 1.38768, 1.38865, 1.30611, 1.20006, 1.20138, 0.996344, 0.875138, 0.947782, 0.949102, 0.950422, 1.18803, 1.25024, 1.25189, 1.42271, 1.42485, 1.24384, 1.20804, 1.20936, 1.07806, 0.880238, 0.881558, 0.797185, 0.798505, 1.21067, 1.25034, 1.25148, 1.31772, 1.31902, 1.11323, 1.11484, 1.11616, 1.16927, 0.962085, 1.28813, 1.28952, 1.29084, 1.17244, 1.17445, 1.50791, 1.50936, 1.51104, 1.51236, 1.46674, 1.18741, 1.18956, 1.39722, 1.39863, 1.39986, 1.72645, 1.8362, 1.35152, 1.43239, 1.43338, 1.43411, 1.11584, 1.11699, 1.43491, 1.43599, 1.54633, 1.54782, 1.54887, 1.64004, 1.69975, 1.70143, 1.70292, 1.70421, 1.61568, 1.26813, 0.853369, 1.31652, 1.31784, 1.31916, 1.32048, 1.3218, 0.861289, 1.06381, 1.06513, 1.48252, 1.48384, 1.51431, 1.51556, 1.5169, 1.23757, 1.23972, 1.18493, 1.18631, 1.35121, 1.43503, 1.43635, 1.43658, 1.43764, 1.17345, 1.09267, 1.24161, 1.24293, 1.24575, 1.34031, 1.40324, 1.40456, 1.40588, 1.40623, 1.33674, 1.24583, 1.24708, 1.30787, 1.31033, 1.25575, 1.24786, 1.62454, 1.62584, 1.41939, 1.42036, 1.42168, 1.45687, 1.45819, 1.45951, 1.76995, 1.77154, 1.35678, 1.62273, 1.86535, 1.49341, 1.54811, 1.86821, 1.86875, 1.86971, 1.87103, 1.57284, 1.4262, 1.42739, 1.63777, 1.63909, 1.64041, 1.51981, 1.52113, 1.23686, 1.23818, 1.36785, 1.33144, 1.33276, 1.33419, 1.33551, 1.05883, 1.06015, 1.06147, 1.28238, 1.28368, 1.25006, 1.25164, 1.25296, 0.958309, 0.959629, 1.29277, 1.29409, 1.29541, 1.43651, 1.43783, 1.17938, 1.30781, 1.30887, 1.16981, 1.17073, 1.17205, 1.05829, 1.26551,
0, 0, 0, 0, 0, 0, 0, 0, 1.18689, 1.977, 1.97455, 1.97211, 1.97028, 0.96773, 0, 0, 0, 0, 0, 0, 0, 0, 0, 0, 0, 0, 0, 0, 0, 0, 0, 0, 0, 0, 0, 0, 0, 0, 0, 0, 0, 0, 0, 0, 0, 0, 0, 0, 0, 0, 0, 0, 0, 0, 0, 0, 0, 0, 0, 0, 0, 0, 0, 0, 0, 0, 0, 0, 0, 0, 0, 0, 0, 0, 0, 0, 0, 0, 0, 0, 0, 0, 0, 0, 0, 0, 0, 0, 0, 0, 0, 0, 0, 0, 0, 0, 0, 0, 0, 0, 0, 0.913597, 0.911642, 1.06977, 1.0672, 1.06476, 0, 0, 0, 0, 0, 0, 0, 0, 0, 0, 0, 0, 0, 0, 0, 0, 0, 0, 0, 0, 0, 0, 0, 0, 0, 0, 0, 0, 0, 0, 0, 0, 0, 0, 0, 0, 0, 0, 0, 0, 0, 0, 0, 0, 0, 0, 0, 0, 0, 0, 0, 0, 0, 0, 0, 0, 0, 0, 0, 0, 0, 0, 0, 0, 0, 0, 0, 0, 0, 0, 0, 0, 0, 0, 0, 0, 0, 0, 0, 0, 0, 0, 0, 0, 0, 0, 0, 0, 0, 0, 0, 0, 0, 0, 0, 0, 0, 0, 0, 0, 0, 0, 0, 0, 0, 0, 0, 0, 0, 0, 0, 0, 0, 0, 0, 0, 0, 0, 0, 0, 0, 0, 0, 0, 0, 0, 0, 0, 0, 0, 0, 0, 0, 0, 0, 0, 0, 0, 0, 0, 0, 0, 0, 0, 0, 0, 0, 0, 0, 0, 0, 0, 0, 0, 0, 0, 0, 0, 0, 0, 0, 0, 0, 0, 0, 0, 0, 0, 0, 0, 0, 0, 0, 0, 0, 0, 0, 0, 0, 0, 0, 0, 0, 0, 0, 0, 0, 0, 0, 0, 0, 0, 0, 0, 0, 0, 0, 0, 0, 0, 0, 0, 0, 0, 0, 0, 0, 0, 0, 0, 0, 0, 0, 0, 0, 0, 0, 0, 0, 0, 0, 0, 0, 0, 0, 0, 0, 0, 0, 0, 0, 0, 0, 0, 0, 0, 0, 0, 0, 0, 0, 0, 0, 0, 0, 0, 0, 0, 0, 0, 0, 0, 0, 0, 0, 0, 0, 0, 0, 0, 0, 0, 0, 0, 0, 0, 0, 0, 0, 0, 0, 0, 0, 0, 0, 0, 0, 0, 0, 0, 0, 0, 0, 0, 0, 0, 0, 0, 0, 0, 0, 0, 0, 0, 0, 0, 0, 0, 0, 0, 0, 0, 0, 0, 0, 0, 0, 0, 0, 0, 0, 0, 0, 0, 0, 0, 0, 0, 0, 0, 0, 0, 0, 0, 0, 0, 0, 0, 0, 0, 0, 0, 0, 0, 0, 0, 0, 0, 0, 0, 0, 0, 0, 0, 0, 0, 0, 0, 0, 0, 0, 0, 0, 0, 0, 0, 0, 0, 0, 0, 0, 0, 0, 0, 0, 0, 0, 0, 0, 0, 0, 0, 0, 0, 0, 0, 0, 0, 0, 0, 0, 0, 0, 0, 0, 0, 0, 0, 0, 0, 0, 0, 0, 0, 0, 0, 0, 0, 0, 0, 0, 0, 0, 0, 0, 0, 0, 0, 0, 0, 0, 0, 0, 0, 0, 0, 0, 0, 0, 0, 0, 0, 0, 0, 0, 0, 0, 0, 0, 0, 0, 0, 0, 0, 0, 0, 0, 0, 0, 0, 0, 0, 0, 0, 0, 0, 0, 0, 0, 0, 0, 0, 0, 0, 0, 0, 0, 0, 0, 0, 0, 0, 0, 0, 0, 0, 0, 0, 0, 0, 0, 0, 0, 0, 0, 0, 0, 0, 0, 0, 0, 0, 0, 0, 0, 0, 0, 0, 0, 0, 0, 0, 0, 0, 0, 0, 0, 0, 0, 0, 0, 0, 0, 0, 0, 0, 0, 0, 0, 0, 0, 0, 0, 0, 0, 0, 0, 0, 0, 0, 0, 0, 0, 0, 0, 0, 0, 0, 0, 0, 0, 0, 0, 0, 0, 0, 0, 0, 0, 0, 0, 0, 0, 0, 0, 0, 0, 0, 0, 0, 0, 0, 0, 0, 0, 0, 0, 0, 0, 0, 0, 0, 0, 0, 0, 0, 0, 0, 0, 0, 0, 0, 0, 0, 0, 0, 0, 0, 0, 0, 0, 0, 0, 0, 0, 0, 0, 0, 0, 0, 0, 0, 0, 0, 0, 0, 0, 0, 0, 0, 0, 0, 0, 0, 0, 0, 0, 0, 0, 0, 0, 0, 0, 0, 0, 0, 0, 0, 0, 0, 0, 0, 0, 0, 0, 0, 0, 0, 0, 0, 0, 0, 0, 0, 0, 0, 0, 0, 0, 0, 0, 0, 0, 0, 0, 0, 0, 0, 0, 0, 0, 0, 0, 0, 0, 0, 0, 0, 0, 0, 0, 0, 0, 0, 0,
0, 0, 0, 0, 0, 0, 0, 0, 0, 1.01178, 1.01301, 1.01424, 1.01523, 1.01621, 0, 0, 0, 0, 0, 0, 0, 0, 0, 0, 0, 0, 0, 0, 0, 0, 0, 0, 0, 0, 0, 0, 0, 0, 0, 0, 0, 0, 0, 0, 0, 0, 0, 0, 0, 0, 0, 0, 0, 0, 0, 0, 0, 0, 0, 0, 0, 0, 0, 0, 0, 0, 0, 0, 0, 0, 0, 0, 0, 0, 0, 0, 0, 0, 0, 0, 0, 0, 0, 0, 0, 0, 0, 0, 0, 0, 0, 0, 0, 0, 0, 0, 0, 0, 0, 0, 0, 1.12239, 1.12362, 1.12485, 1.12633, 1.12756, 0, 0, 0, 0, 0, 0, 0, 0, 0, 0, 0, 0, 0, 0, 0, 0, 0, 0, 0, 0, 0, 0, 0, 0, 0, 0, 0, 0, 0, 0, 0, 0, 0, 0, 0, 0, 0, 0, 0, 0, 0, 0, 0, 0, 0, 0, 0, 0, 0, 0, 0, 0, 0, 0, 0, 0, 0, 0, 0, 0, 0, 0.706039, 0.707271, 0.708256, 0.709488, 0.710719, 0, 0, 0, 0, 0, 0, 0, 0, 0, 0, 0, 0, 0, 0, 0, 0, 0, 0, 0, 0, 0, 0, 0, 0, 0, 0, 0, 0, 0, 0, 0, 0, 0, 0, 0, 0, 0, 0, 0, 0, 0, 0, 0, 0, 0, 0, 0, 0, 0, 0, 0, 0, 0, 0, 0.772117, 0.773595, 0.774827, 0.775812, 0.776674, 0, 0, 0.784868, 0.785853, 0.787085, 0.78807, 0.789056, 0, 0, 0, 0, 0, 0, 0, 0, 0, 0, 0, 0, 0, 0, 0, 0, 0, 0, 0, 0, 0, 0, 0, 0, 0, 0, 0, 0, 0, 0, 0, 0, 0, 0, 0, 0, 0, 0, 0, 0, 0, 0, 0, 0, 0, 0, 0, 0, 0, 0, 0, 0, 0, 0, 0, 0, 0, 0, 0, 0, 0, 0, 0.858832, 0.86031, 0.861295, 0.862281, 0.863266, 0, 0, 0, 0, 0, 0.781276, 0.782754, 0.783986, 0.785464, 0.786449, 0, 0, 0, 0, 0, 0, 0, 0.796056, 0.797288, 0.79852, 0.799751, 0.801229, 0, 0, 0, 0, 0, 0, 0, 0, 0.89954, 0.900771, 0.902003, 0.903481, 0.904343, 0, 0, 0, 0, 0, 0, 0, 0, 0, 0, 0, 0, 0, 0, 0, 0, 0, 0, 0, 0, 0, 0, 0, 0, 0, 0, 0, 0, 0, 0, 0, 0, 0, 0, 0, 0, 0, 0, 0, 0, 0, 0, 0, 0, 0, 0, 0, 0, 0, 0, 0, 0, 0, 0, 0, 0, 0, 0, 0, 0, 0, 0, 0, 0, 0, 0, 0, 0, 0, 0, 0, 0, 0, 0, 0, 0, 0, 0, 0.700331, 0.70107, 0.702055, 0, 0, 0, 0, 0, 0, 0, 0, 0, 0, 0, 0, 0, 0, 0, 0, 0, 0.721516, 0.722994, 0.723979, 0.725211, 0.749828, 0.75106, 0.752291, 0.753523, 0.754755, 0.737183, 0.738414, 0.7394, 0, 0, 0, 0, 0, 0, 0, 0, 0, 0, 0.745214, 0.746445, 0.747677, 0.748786, 0.749401, 0.75014, 0.751372, 0.752604, 0.753589, 0, 0, 0, 0, 0, 0, 0, 0, 0, 0, 1.06705, 1.06828, 1.06952, 1.07099, 1.07198, 0.782655, 0.783517, 0.74913, 0.986293, 0.987771, 0.989003, 0.990235, 0.991467, 0, 0, 0, 0.795218, 0.79645, 0.797682, 0.798913, 0.799899, 0, 0.792019, 0.79325, 0.794482, 0.795714, 0.796699, 0, 0, 0.765348, 0.766579, 0.768057, 0.812317, 0.813548, 0.81478, 0.815766, 0.816997, 0, 0, 0, 0, 1.11533, 1.11657, 1.11755, 1.11878, 1.12002, 0, 0, 0, 0, 0, 0, 0, 0, 0, 1.13258, 1.13406, 1.13504, 1.13627, 1.13751, 0.839548, 0.84078, 0.842012, 0.843243, 0.844229, 0.780998, 0.782229, 0.783215, 0.784446, 0, 0, 0, 0, 0, 0.973173, 0.974405, 0.975637, 0.976622, 0.977608, 0, 0, 0.716112, 0.717344, 0.866783, 0.867768, 1.16867, 1.1699, 1.17088, 1.17212, 1.17359, 0.730234, 0.731712, 0.73319, 0.734175, 0.73516, 0.735365, 0.736597, 0.737829, 0.73906, 0, 0, 0, 0, 0, 0.840526, 0.841758, 0.842989, 0.844467, 0.845453, 0, 0.796092, 0.797077, 0.798063, 0.799541, 0.800526, 0.751705, 0.752937, 0.753553, 0.967233, 0.968465, 0.969697, 1.7056, 1.70683, 1.70831, 1.70979, 1.71077, 0.918268, 0.9195, 0.920485, 0.838797, 0.840029, 0.84126, 0.842246, 0.720908, 0.793221, 0.794453, 0.795685, 1.03159, 1.03283, 1.03406, 1.03529, 1.03628, 0.854563, 0.819233, 0.820465, 0.821451, 0.822682, 0.823914, 0.739383, 0.740615, 0.81337, 0.814355, 0.815587, 0.848193, 0.849179, 0.850657, 0.852135, 0.853366, 0.906669, 0.9079, 0.909132, 0.910117, 0.911349, 0.813002, 0.813987, 1.17635, 1.17782, 1.17881, 1.18004, 1.18152, 0.901132, 0.902117, 1.27459, 1.27607, 1.27706, 1.27804, 1.27927, 0.79677, 0.87673, 0.877962, 0.878578, 0.879194, 0.880426, 1.19728, 1.19876, 1.19975, 1.20123, 1.2027, 1.29332, 1.2943, 1.29578, 1.29676, 1.29775, 1.2096, 1.21108, 0.796288, 0.808783, 0.810015, 0.811247, 0.812479, 0.81371, 0.803678, 0.804664, 0.805895, 1.22315, 1.22438, 1.22561, 1.22685, 1.22832, 0.947937, 0.948922, 1.061, 1.06224, 1.22446, 1.22544, 1.22667, 1.2279, 1.22914, 0.967164, 0.968396, 0.969381, 0.970613, 0.971598, 0.886225, 0.950336, 0.951567, 0.952799, 0.954031, 0.955016, 0.862675, 0.863906, 1.04612, 1.04832, 1.04955, 1.05079, 1.05202, 1.053, 0.847773, 0.848759, 0.84999, 1.26798, 1.26922, 1.27045, 1.27168, 1.27266, 0.947394, 1.12366, 1.36574, 1.36722, 1.36808, 1.36857, 1.36919, 1.3703, 1.37153, 1.07272, 1.07334, 1.07433, 1.28609, 1.28732, 1.28855, 1.28954, 1.29077, 0.913783, 0.915015, 0.951751, 0.952983, 0.954215, 0.955446, 0.956678, 0.920321, 0.921553, 0.922785, 1.10442, 1.10565, 1.10688, 1.10787, 1.1091, 0.894209, 0.89544, 1.00306, 1.00429, 1.00552, 1.03923, 1.04046, 1.04108, 1.04157, 1.04268, 0.967507, 0.967999, 0.969108, 0.907018, 1.11411,
0, 0, 0, 0, 0, 0, 0, 0, 0, 0, 0, 0, 0, 0, 1.02472, 1.0264, 1.02808, 1.02909, 1.03094, 0, 0, 0, 0, 0, 0, 0, 0, 0, 0, 0, 0, 0, 0, 0, 0, 0, 0, 0, 0, 0, 0, 0, 0, 0, 0, 0, 0, 0, 0, 0, 0, 0, 0, 0, 0, 0, 0, 0, 0, 0, 0, 0, 0, 0, 0, 0, 0, 0, 0, 0, 0, 0, 0, 0, 0, 0, 0, 0, 0, 0, 0, 0, 0, 0, 0, 0, 0, 0, 0, 0, 0, 0, 0, 0, 0, 0, 0, 0, 0, 0, 0, 0, 0, 0, 0, 0, 0, 0, 0, 0, 0, 0, 0, 0, 0, 0, 0, 0, 0, 0, 0, 0, 0, 0, 0, 0, 0, 0, 0, 0, 0, 0, 0, 0, 0, 0, 0, 0, 0, 0, 0, 0, 0, 0, 0, 0, 0, 0, 0, 0, 0, 0, 0, 0, 0, 0, 0, 0, 0.70317, 0.704605, 0.706285, 0.70821, 0.710042, 0, 0, 0, 0, 0, 0, 0, 0, 0, 0, 0, 0, 0, 0, 0, 0, 0, 0, 0, 0, 0, 0, 0, 0, 0, 0, 0, 0, 0, 0, 0, 0, 0, 0, 0, 0, 0, 0, 0, 0.702358, 0.704038, 0.705523, 0.707203, 0.708967, 0, 0, 0, 0, 0, 0, 0, 0, 0, 0, 0, 0, 0, 0, 0, 0, 0, 0, 0, 0, 0, 0, 0, 0, 0, 0, 0, 0.718426, 0.720106, 0.848794, 0.85061, 0.85229, 0.85397, 0.855398, 0, 0.82368, 0.825577, 0.82704, 0.828937, 0.831825, 0, 0, 0, 0, 0, 0, 0, 0, 0, 0, 0.823347, 0.825027, 0.826707, 0.828135, 0.827973, 0.704601, 0.705753, 0.707121, 0.724803, 0.727244, 0.728924, 0.730604, 0.7315, 0.726971, 0, 0, 0, 0, 0, 0, 0, 0, 0.758926, 0.761033, 0.763587, 0.765267, 0.767283, 0, 0, 0, 0, 0, 0, 0, 0, 0, 0, 0, 0.735477, 0.736905, 0.737245, 0.738435, 0.740535, 0.725248, 0, 0, 0.863635, 0.865025, 0.866705, 0.868815, 0.870705, 0.784121, 0.723317, 0.724997, 0, 0.734013, 0.735771, 0.737115, 0.738664, 0.799093, 0.801436, 0.803116, 0.804796, 0.806913, 0.805877, 0.807529, 0.80654, 0.808221, 0.809648, 0.809096, 0.810309, 0, 0, 0, 0, 0, 0.774213, 0.775641, 0.77714, 0.77882, 0.7805, 0, 0, 0.915279, 0.916735, 0.918415, 0.920095, 0.921775, 0, 0.807996, 0.867748, 0.869428, 0.87178, 0.87346, 0.876394, 0, 0.825121, 0.827137, 0.828187, 0.827143, 0.828655, 0.809073, 0.810753, 0.812097, 0.814344, 0.796077, 0.797757, 0.799333, 0.801201, 0, 0, 0.922495, 0.924175, 0.925855, 0.927535, 0.927959, 0.753594, 0.755274, 0.756954, 0.833443, 0.834871, 0.835349, 0.837029, 0.838433, 0.826328, 0.828616, 0.713976, 0.779711, 0.833656, 0.835336, 0.837283, 0.838963, 0.84109, 0.717126, 0.71898, 0.706346, 0.708026, 0.71299, 0.729186, 1.02543, 1.02711, 1.02879, 1.03047, 1.03031, 0, 0, 1.02175, 1.02343, 1.02511, 1.02679, 1.02886, 1.02677, 1.02863, 1.03031, 0.98108, 0.98276, 0.98444, 0.985925, 0.987605, 0, 0, 0, 0.718008, 0.730151, 0.731061, 0.732125, 0.847121, 0.848801, 1.0518, 1.05375, 1.05543, 1.05745, 1.0585, 0.943903, 0.902971, 0.904483, 1.06338, 1.06481, 1.06649, 1.06786, 1.07011, 0.855675, 0.841978, 0.843322, 0.845002, 0.781458, 0.782369, 0.783816, 0.787531, 0.789212, 0.762371, 0.764079, 0.807018, 0.807231, 0.808911, 0.812791, 0.814471, 1.10053, 1.10221, 1.10389, 1.10365, 1.10533, 0.991615, 0.993295, 0.792509, 1.04473, 1.0458, 1.04662, 1.04875, 1.05043, 1.02466, 1.02634, 1.02802, 0.750946, 0.977559, 0.979575, 0.981255, 0.982935, 0.984615, 1.01497, 1.07469, 1.07607, 1.07771, 1.07939, 1.08192, 0.873258, 0.926218, 0.927282, 0.928927, 0.929977, 0.931447, 0.893026, 0.894706, 1.24638, 1.24806, 1.24927, 1.25095, 1.25263, 0.893878, 0.895558, 1.05223, 1.05391, 1.0553, 1.05562, 1.05714, 0.856349, 1.13892, 1.1406, 1.27949, 1.28092, 1.2826, 1.28441, 1.28609, 1.13628, 0.906736, 0.908416, 0.868211, 0.911178, 0.912858, 0.913072, 0.916427, 1.09994, 1.10128, 1.10262, 1.1043, 1.1052, 1.01614, 1.01782, 1.0195, 1.02144, 1.02304, 0.951198, 0.952878, 1.13135, 1.13331, 1.13499, 1.13667, 1.13831, 0.912074, 1.32147, 1.32315, 1.32483, 1.32655, 1.32857, 1.1031, 1.10444, 1.10595, 0.936644, 0.938324, 0.959962, 1.08266, 1.08534, 1.08702, 1.0887, 1.08963, 1.09122, 1.09357, 1.09525, 1.09693, 0.962782, 1.11725, 1.11827, 1.11995, 1.12137, 1.12339, 0.967458, 1.1588, 1.16044, 1.16283, 1.16459, 1.16627, 0.967094, 0.990612, 0.992208, 0.993552, 1.19671, 1.19814, 1.19876, 1.20047, 1.20215, 1.10611, 1.10784, 1.1096, 1.05848, 1.06016, 1.06184, 1.0234, 1.02508, 1.02676, 1.02841, 1.16615, 1.16783, 1.16917, 1.17153, 1.17329, 1.01636, 1.07963, 1.08131, 1.33334, 1.33414, 1.33578, 1.33699, 1.33867, 1.16999, 1.17167, 1.17291, 1.02348, 1.19294, 1.19462, 1.32618, 1.3283, 1.32998, 1.33166, 1.33334, 1.07837, 1.08028, 1.12634, 1.12802, 1.1297, 1.1324, 1.13408, 1.06765, 1.33186, 1.33377, 1.33542, 1.33676, 1.33844, 1.28766, 1.15827, 1.15995, 1.13072, 1.1324, 1.23494, 1.2366, 1.23804, 1.23958, 1.24142, 1.10547, 1.08709, 1.08877, 1.11292, 1.11493, 1.29055, 1.3644, 1.36608, 1.36802, 1.37486, 1.37656, 1.37858, 1.38053, 1.38221, 1.2562, 1.25775, 1.26051, 1.1056, 1.1072, 1.10896, 1.43204, 1.43245, 1.43413, 1.43681, 1.43851, 1.35069, 1.28907, 1.29074, 1.29194, 1.29342, 1.30086, 1.30285, 1.30487, 1.30604, 1.349, 1.35114, 1.35303, 1.35471, 1.35639, 1.15144, 1.08611, 1.45235, 1.45403, 1.45571, 1.45739, 1.45907, 1.09619, 1.34497, 1.34665, 1.34833, 1.35001, 1.35176, 1.31823, 1.32004, 1.32159, 1.32435, 1.20472, 1.2064, 1.20783, 1.31006, 1.31174, 1.31203, 1.31338, 1.31727, 1.19961, 1.26154, 1.26322, 1.26527, 1.26669, 1.29766, 1.29934, 1.37468, 1.37619, 1.37737, 1.37944, 1.38113, 1.34938, 1.38478, 1.38646, 1.38786, 1.46532, 1.467, 1.46868, 1.47011, 1.47179, 1.32224, 1.32392, 1.3256, 1.52717, 1.52851, 1.53006, 1.53185, 1.53342, 1.23077, 1.2318, 1.5371, 1.53775, 1.53926, 1.54094, 1.54205, 1.2784, 1.27985, 1.28233, 1.28401, 1.28569, 1.32759, 1.32927, 1.49567, 1.49735, 1.52585, 1.52712, 1.5288, 1.53062, 1.5323, 1.30068, 1.30236, 1.30404, 1.45731, 1.45865, 1.45949, 1.46151, 1.46319, 1.21967, 1.22135, 1.49274, 1.49442, 1.4961, 1.49752, 1.4992, 1.4022, 1.40292, 1.40448, 1.23854, 1.27517, 1.27646, 1.27786, 1.29326,
0, 0, 0, 0, 0, 0, 0, 0, 0, 0, 0, 0, 0, 0, 1.0265, 1.0283, 1.0301, 1.03118, 1.03316, 0, 0, 0, 0, 0, 0, 0, 0, 0, 0, 0, 0, 0, 0, 0, 0, 0, 0, 0, 0, 0, 0, 0, 0, 0, 0, 0, 0, 0, 0, 0, 0, 0, 0, 0, 0, 0, 0, 0, 0, 0, 0, 0, 0, 0, 0, 0, 0, 0, 0, 0, 0, 0, 0, 0, 0, 0, 0, 0, 0, 0, 0, 0, 0, 0, 0, 0, 0, 0, 0, 0, 0, 0, 0, 0, 0, 0, 0, 0, 0, 0, 0, 0, 0, 0, 0, 0, 0, 0, 0, 0, 0, 0, 0, 0, 0, 0, 0, 0, 0, 0, 0, 0, 0, 0, 0, 0, 0, 0, 0, 0, 0, 0, 0, 0, 0, 0, 0, 0, 0, 0, 0, 0, 0, 0, 0, 0, 0.700129, 0.702503, 0.705426, 0.707241, 0, 0, 0, 0, 0, 0, 0, 0, 0.721553, 0.72309, 0.72489, 0.726953, 0.728916, 0, 0, 0, 0, 0, 0, 0, 0, 0, 0, 0, 0, 0, 0, 0, 0, 0, 0, 0, 0, 0, 0, 0, 0, 0, 0, 0, 0, 0, 0, 0, 0, 0, 0, 0, 0, 0, 0, 0, 0.725897, 0.727697, 0.729288, 0.731088, 0.732978, 0, 0, 0, 0, 0, 0, 0, 0, 0, 0, 0, 0, 0, 0, 0, 0, 0, 0, 0, 0, 0, 0, 0, 0, 0, 0, 0, 0.745745, 0.747545, 0.87633, 0.878275, 0.880075, 0.881875, 0.883405, 0, 0.851882, 0.853914, 0.855482, 0.857514, 0.860609, 0, 0, 0, 0, 0, 0, 0, 0, 0, 0, 0.8534, 0.8552, 0.857, 0.85853, 0.858356, 0.735107, 0.736341, 0.737807, 0.7556, 0.758215, 0.760015, 0.761815, 0.762775, 0.758384, 0, 0, 0, 0, 0, 0, 0, 0, 0.791082, 0.79334, 0.796076, 0.797876, 0.800036, 0, 0, 0, 0, 0, 0, 0, 0, 0, 0, 0, 0.769424, 0.770954, 0.771318, 0.772593, 0.774843, 0.759669, 0, 0, 0.898393, 0.899883, 0.901682, 0.903943, 0.905968, 0.819532, 0.758846, 0.760646, 0, 0.769872, 0.771755, 0.773195, 0.774855, 0.83538, 0.837891, 0.839691, 0.841491, 0.84376, 0.842841, 0.844611, 0.843819, 0.845619, 0.847149, 0.846622, 0.847923, 0, 0, 0, 0, 0, 0.812409, 0.813939, 0.815544, 0.817345, 0.819144, 0, 0, 0.954156, 0.955716, 0.957516, 0.959316, 0.961116, 0, 0.847577, 0.907425, 0.909225, 0.911745, 0.913545, 0.916689, 0, 0.86565, 0.86781, 0.868935, 0.867816, 0.869436, 0.850004, 0.851804, 0.853244, 0.855651, 0.837434, 0.839234, 0.840922, 0.842924, 0, 0.705398, 0.964548, 0.966348, 0.968148, 0.969948, 0.970402, 0.796299, 0.798099, 0.799899, 0.876485, 0.878015, 0.878527, 0.880327, 0.881831, 0.869846, 0.872298, 0.757772, 0.823633, 0.877698, 0.879498, 0.881583, 0.883383, 0.885663, 0.761812, 0.763799, 0.751272, 0.753072, 0.758217, 0.774503, 1.0709, 1.07271, 1.0745, 1.0763, 1.07613, 0.743502, 0.745302, 1.06787, 1.06967, 1.07147, 1.07327, 1.07549, 1.07346, 1.07545, 1.07725, 1.02811, 1.02991, 1.03171, 1.03331, 1.03511, 0.737184, 0.738894, 0.739854, 0.765954, 0.778187, 0.779162, 0.780302, 0.895378, 0.897178, 1.10029, 1.10239, 1.10419, 1.10635, 1.10747, 0.992916, 0.952044, 0.953664, 1.1127, 1.11423, 1.11603, 1.1175, 1.11992, 0.905613, 0.892054, 0.893494, 0.895294, 0.83187, 0.832846, 0.834397, 0.838377, 0.840177, 0.813487, 0.815317, 0.858344, 0.858572, 0.860372, 0.864529, 0.866329, 1.15251, 1.15431, 1.15611, 1.15585, 1.15765, 1.04404, 1.04584, 0.845202, 1.09751, 1.09865, 1.09954, 1.10182, 1.10362, 1.07792, 1.07972, 1.08152, 0.804585, 1.0313, 1.03346, 1.03526, 1.03706, 1.03886, 1.06934, 1.12915, 1.13062, 1.13238, 1.13418, 1.13689, 0.928316, 0.981433, 0.982573, 0.984335, 0.98546, 0.987035, 0.948721, 0.950521, 1.30231, 1.30411, 1.30541, 1.30721, 1.30901, 0.950409, 0.952209, 1.10899, 1.11079, 1.11227, 1.11262, 1.11424, 0.913602, 1.19627, 1.19807, 1.33713, 1.33866, 1.34046, 1.34239, 1.34419, 1.19452, 0.965166, 0.966966, 0.926887, 0.969944, 0.971744, 0.971972, 0.975568, 1.15917, 1.16061, 1.16205, 1.16385, 1.16481, 1.07588, 1.07768, 1.07948, 1.08155, 1.08326, 1.01154, 1.01334, 1.19191, 1.19401, 1.19581, 1.19761, 1.19937, 0.973255, 1.38277, 1.38457, 1.38637, 1.38821, 1.39037, 1.16503, 1.16647, 1.16805, 0.998881, 1.00068, 1.02243, 1.14523, 1.14811, 1.14991, 1.15171, 1.1527, 1.15441, 1.15692, 1.15872, 1.16052, 1.02647, 1.18103, 1.18212, 1.18392, 1.18545, 1.18761, 1.03182, 1.22326, 1.22501, 1.22758, 1.22947, 1.23127, 1.0322, 1.05584, 1.05755, 1.05899, 1.26237, 1.2639, 1.26456, 1.26639, 1.26819, 1.17227, 1.17412, 1.17601, 1.12494, 1.12674, 1.12854, 1.09025, 1.09205, 1.09385, 1.09562, 1.23345, 1.23525, 1.23669, 1.23921, 1.2411, 1.08429, 1.14765, 1.14945, 1.40165, 1.4025, 1.40426, 1.40556, 1.40736, 1.23883, 1.24063, 1.24195, 1.09267, 1.26222, 1.26402, 1.39568, 1.39794, 1.39974, 1.40154, 1.40334, 1.14847, 1.15053, 1.19667, 1.19847, 1.20027, 1.20317, 1.20497, 1.13866, 1.403, 1.40504, 1.40681, 1.40825, 1.41005, 1.35933, 1.23005, 1.23185, 1.20276, 1.20456, 1.30722, 1.309, 1.31055, 1.31219, 1.31417, 1.17832, 1.16007, 1.16187, 1.18616, 1.18832, 1.36403, 1.43798, 1.43978, 1.44186, 1.44881, 1.45063, 1.45279, 1.45488, 1.45668, 1.33077, 1.33243, 1.33539, 1.18061, 1.18232, 1.18421, 1.5074, 1.50783, 1.50963, 1.5125, 1.51433, 1.42657, 1.36501, 1.3668, 1.36809, 1.36967, 1.37721, 1.37935, 1.38151, 1.38276, 1.42582, 1.42811, 1.43013, 1.43193, 1.43373, 1.22891, 1.16368, 1.53003, 1.53183, 1.53363, 1.53543, 1.53723, 1.17448, 1.42337, 1.42517, 1.42697, 1.42877, 1.43064, 1.39723, 1.39917, 1.40083, 1.40379, 1.28425, 1.28605, 1.28758, 1.38998, 1.39178, 1.39209, 1.39353, 1.3977, 1.28006, 1.34219, 1.34399, 1.34618, 1.34771, 1.37876, 1.38056, 1.45603, 1.45765, 1.45891, 1.46113, 1.46291, 1.43124, 1.46684, 1.46864, 1.47013, 1.54768, 1.54948, 1.55128, 1.55281, 1.55461, 1.40524, 1.40704, 1.40884, 1.61052, 1.61196, 1.61362, 1.61554, 1.61722, 1.31472, 1.31582, 1.62117, 1.62186, 1.62348, 1.62528, 1.62646, 1.36287, 1.36443, 1.36709, 1.36889, 1.37069, 1.41268, 1.41448, 1.58101, 1.58281, 1.61141, 1.61277, 1.61457, 1.61652, 1.61832, 1.38686, 1.38866, 1.39046, 1.5439, 1.54534, 1.54623, 1.54839, 1.55019, 1.30678, 1.30858, 1.58008, 1.58188, 1.58368, 1.58521, 1.58701, 1.4901, 1.49086, 1.49254, 1.32668, 1.36336, 1.36474, 1.36624, 1.38172,
0, 0, 0, 0, 0, 0, 0, 0, 0, 0, 0, 0, 0, 0, 1.0283, 1.03022, 1.03214, 1.0333, 1.03541, 0, 0, 0, 0, 0, 0, 0, 0, 0, 0, 0, 0, 0, 0, 0, 0, 0, 0, 0, 0, 0, 0, 0, 0, 0, 0, 0, 0, 0, 0, 0, 0, 0, 0, 0, 0, 0, 0, 0, 0, 0, 0, 0, 0, 0, 0, 0, 0, 0, 0, 0, 0, 0, 0, 0, 0, 0, 0, 0, 0, 0, 0, 0, 0, 0, 0, 0, 0, 0, 0, 0, 0, 0, 0, 0, 0, 0, 0, 0, 0, 0, 0, 0, 0, 0, 0, 0, 0, 0, 0, 0, 0, 0, 0, 0, 0, 0, 0, 0, 0, 0, 0, 0, 0, 0, 0, 0, 0, 0, 0, 0, 0, 0, 0, 0, 0, 0, 0, 0, 0.701649, 0.703474, 0.706162, 0.707666, 0.70971, 0, 0, 0.715118, 0.717038, 0.71957, 0.722672, 0.724624, 0, 0, 0, 0, 0, 0, 0, 0, 0.739954, 0.741594, 0.743514, 0.745714, 0.747808, 0, 0, 0, 0, 0, 0, 0, 0, 0, 0, 0, 0, 0, 0, 0, 0, 0, 0, 0, 0, 0, 0, 0, 0, 0, 0, 0, 0, 0, 0, 0, 0, 0, 0, 0, 0, 0, 0, 0, 0.749454, 0.751374, 0.753071, 0.754991, 0.757007, 0, 0, 0, 0, 0, 0, 0, 0, 0, 0, 0, 0, 0, 0, 0, 0, 0, 0, 0, 0, 0, 0, 0, 0, 0, 0, 0, 0.773083, 0.775003, 0.903883, 0.905958, 0.907878, 0.909798, 0.91143, 0, 0.880101, 0.882269, 0.883941, 0.886109, 0.88941, 0, 0, 0, 0, 0, 0, 0, 0, 0, 0, 0.88347, 0.885391, 0.887311, 0.888942, 0.888757, 0.765631, 0.766931, 0.768511, 0.786415, 0.789204, 0.791124, 0.793044, 0.794052, 0.789799, 0, 0, 0, 0, 0, 0, 0, 0, 0.823256, 0.825664, 0.828582, 0.830502, 0.832806, 0, 0, 0, 0, 0, 0, 0, 0, 0, 0, 0, 0.803389, 0.805021, 0.805409, 0.806753, 0.809169, 0.794109, 0, 0, 0.933169, 0.934758, 0.936678, 0.939088, 0.941185, 0.854896, 0.794393, 0.796313, 0, 0.805748, 0.807757, 0.809293, 0.811064, 0.871686, 0.874364, 0.876284, 0.878204, 0.880624, 0.87976, 0.881712, 0.881116, 0.883036, 0.884668, 0.884167, 0.885554, 0.725501, 0.726845, 0.727661, 0.729404, 0.731084, 0.850623, 0.852255, 0.853967, 0.855887, 0.857807, 0, 0, 0.993035, 0.994715, 0.996635, 0.998555, 1.00047, 0, 0.887176, 0.94712, 0.94904, 0.951728, 0.953648, 0.957001, 0.73997, 0.906197, 0.908501, 0.909701, 0.908507, 0.910235, 0.890953, 0.892873, 0.894409, 0.896913, 0.878809, 0.880729, 0.88253, 0.884665, 0.732495, 0.747268, 1.00662, 1.00854, 1.01046, 1.01238, 1.01286, 0.839023, 0.840943, 0.842863, 0.919544, 0.921176, 0.921722, 0.923642, 0.925247, 0.913381, 0.915997, 0.801585, 0.867572, 0.921757, 0.923677, 0.925902, 0.927822, 0.930253, 0.806517, 0.808636, 0.796216, 0.798136, 0.803461, 0.819837, 1.1164, 1.11832, 1.12024, 1.12216, 1.12197, 0.789369, 0.791289, 1.11401, 1.11593, 1.11785, 1.11977, 1.12214, 1.12017, 1.1223, 1.12422, 1.07517, 1.07709, 1.07901, 1.08071, 1.08263, 0.784853, 0.786677, 0.787685, 0.813904, 0.826241, 0.827281, 0.828481, 0.943653, 0.945573, 1.14881, 1.15104, 1.15296, 1.15527, 1.15647, 1.04195, 1.00114, 1.00286, 1.16205, 1.16368, 1.1656, 1.16717, 1.16974, 0.955569, 0.942148, 0.943684, 0.945604, 0.8823, 0.883341, 0.884995, 0.889241, 0.891161, 0.864621, 0.866509, 0.909688, 0.909931, 0.911852, 0.916285, 0.918205, 1.20451, 1.20643, 1.20835, 1.20807, 1.20999, 1.09648, 1.0984, 0.897849, 1.15031, 1.15151, 1.15247, 1.15491, 1.15683, 1.1312, 1.13312, 1.13504, 0.858224, 1.08506, 1.08736, 1.08928, 1.0912, 1.09312, 1.12372, 1.18363, 1.1852, 1.18707, 1.18899, 1.19189, 0.983392, 1.03667, 1.03787, 1.03976, 1.04096, 1.04264, 1.00443, 1.00635, 1.35827, 1.36019, 1.36157, 1.36349, 1.36541, 1.00696, 1.00888, 1.16575, 1.16767, 1.16926, 1.16963, 1.17136, 0.970809, 1.25362, 1.25554, 1.39478, 1.39641, 1.39833, 1.4004, 1.40232, 1.25278, 1.02361, 1.02553, 0.985581, 1.02873, 1.03065, 1.03089, 1.03473, 1.21843, 1.21996, 1.2215, 1.22342, 1.22444, 1.13563, 1.13755, 1.13947, 1.14168, 1.14351, 1.0719, 1.07382, 1.25249, 1.25473, 1.25665, 1.25857, 1.26045, 1.03445, 1.44409, 1.44601, 1.44793, 1.44989, 1.4522, 1.22692, 1.22846, 1.23013, 1.06114, 1.06306, 1.08491, 1.20782, 1.21089, 1.21281, 1.21473, 1.21579, 1.21761, 1.22029, 1.22221, 1.22413, 1.09018, 1.24483, 1.246, 1.24792, 1.24955, 1.25185, 1.0962, 1.28773, 1.2896, 1.29234, 1.29435, 1.29627, 1.09733, 1.12109, 1.12292, 1.12445, 1.32805, 1.32968, 1.33036, 1.33233, 1.33425, 1.23845, 1.24042, 1.24244, 1.19142, 1.19334, 1.19526, 1.15706, 1.15898, 1.1609, 1.16285, 1.30077, 1.30269, 1.30423, 1.30691, 1.30893, 1.15224, 1.21569, 1.21761, 1.46998, 1.47089, 1.47276, 1.47414, 1.47606, 1.30768, 1.3096, 1.31101, 1.16188, 1.33152, 1.33344, 1.46519, 1.46761, 1.46953, 1.47145, 1.47337, 1.21859, 1.22078, 1.26703, 1.26895, 1.27087, 1.27396, 1.27588, 1.20968, 1.47415, 1.47627, 1.47822, 1.47975, 1.48167, 1.43102, 1.30185, 1.30377, 1.27482, 1.27674, 1.37952, 1.38141, 1.38307, 1.38482, 1.38693, 1.2512, 1.23307, 1.23499, 1.25943, 1.26173, 1.43753, 1.51158, 1.5135, 1.51571, 1.52277, 1.52471, 1.52701, 1.52924, 1.53116, 1.40536, 1.40713, 1.41029, 1.25563, 1.25745, 1.25947, 1.58278, 1.58324, 1.58516, 1.58822, 1.59011, 1.50245, 1.44095, 1.44287, 1.44425, 1.44594, 1.45358, 1.45585, 1.45816, 1.4595, 1.50266, 1.5051, 1.50725, 1.50917, 1.51109, 1.3064, 1.24126, 1.60773, 1.60965, 1.61157, 1.61349, 1.61541, 1.25278, 1.50179, 1.50371, 1.50563, 1.50755, 1.50955, 1.47625, 1.47832, 1.48009, 1.48325, 1.36381, 1.36573, 1.36736, 1.46991, 1.47183, 1.47216, 1.4737, 1.47815, 1.36051, 1.42285, 1.42477, 1.42711, 1.42874, 1.45989, 1.46181, 1.53734, 1.53907, 1.54041, 1.54278, 1.54466, 1.51311, 1.54884, 1.55076, 1.55236, 1.63006, 1.63198, 1.6339, 1.63554, 1.63746, 1.48825, 1.49017, 1.49209, 1.6939, 1.69543, 1.6972, 1.69925, 1.70104, 1.39868, 1.39986, 1.70525, 1.70599, 1.70772, 1.70964, 1.71088, 1.44735, 1.44903, 1.45187, 1.45379, 1.45571, 1.49779, 1.49971, 1.66638, 1.6683, 1.69699, 1.69844, 1.70036, 1.70244, 1.70436, 1.47298, 1.4749, 1.47682, 1.6305, 1.63204, 1.63299, 1.6353, 1.63722, 1.3939, 1.39582, 1.66744, 1.66936, 1.67128, 1.67291, 1.67483, 1.578, 1.57881, 1.58062, 1.41482, 1.45155, 1.45303, 1.45462, 1.47018,
0, 0, 0, 0, 0, 0, 0, 0, 0, 0, 0, 0, 0, 0, 1.03017, 1.03221, 1.03425, 1.03548, 1.03772, 0, 0, 0, 0, 0, 0, 0, 0, 0, 0, 0, 0, 0, 0, 0, 0, 0, 0, 0, 0, 0, 0, 0, 0, 0, 0, 0, 0, 0, 0, 0, 0, 0, 0, 0, 0, 0, 0, 0, 0, 0, 0, 0, 0, 0, 0, 0, 0, 0, 0, 0, 0, 0, 0, 0, 0, 0, 0, 0, 0, 0, 0, 0, 0, 0, 0, 0, 0, 0, 0, 0, 0, 0, 0, 0, 0, 0, 0, 0, 0, 0, 0, 0, 0, 0, 0, 0, 0, 0, 0, 0, 0, 0, 0, 0, 0, 0, 0, 0, 0, 0, 0, 0, 0, 0, 0, 0, 0, 0, 0, 0, 0, 0, 0, 0, 0, 0, 0, 0, 0.717728, 0.719463, 0.722319, 0.723849, 0.725953, 0, 0, 0.731767, 0.733807, 0.736497, 0.739725, 0.741867, 0, 0, 0, 0, 0, 0, 0, 0, 0.758223, 0.759965, 0.762005, 0.764343, 0.766568, 0, 0, 0, 0, 0, 0, 0, 0, 0, 0, 0, 0, 0, 0, 0, 0, 0, 0, 0, 0, 0, 0, 0, 0, 0, 0, 0, 0, 0, 0, 0, 0, 0, 0, 0, 0, 0, 0, 0, 0.773083, 0.775123, 0.776926, 0.778966, 0.780904, 0, 0, 0, 0, 0, 0, 0, 0, 0, 0, 0, 0, 0, 0.716271, 0.718877, 0.722386, 0.724018, 0.725548, 0.709576, 0.711616, 0.712604, 0.714644, 0, 0, 0, 0, 0, 0.800492, 0.802532, 0.931509, 0.933713, 0.935753, 0.937793, 0.939323, 0, 0.908392, 0.910696, 0.912472, 0.914776, 0.918283, 0, 0, 0, 0, 0, 0, 0, 0, 0, 0, 0.913613, 0.915653, 0.917693, 0.919223, 0.919026, 0.796226, 0.797455, 0.799286, 0.817302, 0.820266, 0.822306, 0.824346, 0.825366, 0.82125, 0, 0, 0, 0, 0, 0, 0, 0, 0.855501, 0.85806, 0.861161, 0.863201, 0.865649, 0, 0, 0, 0, 0, 0, 0.700366, 0.701851, 0, 0, 0, 0.837425, 0.838955, 0.839419, 0.840847, 0.843362, 0.828621, 0, 0, 0.968017, 0.969705, 0.971745, 0.974102, 0.976262, 0.890121, 0.829807, 0.831847, 0, 0.841697, 0.843832, 0.845464, 0.847345, 0.908064, 0.910909, 0.912949, 0.914989, 0.917356, 0.916539, 0.918681, 0.918485, 0.920525, 0.922055, 0.921579, 0.92323, 0.763318, 0.764746, 0.765562, 0.767414, 0.76925, 0.888909, 0.890439, 0.892463, 0.894503, 0.896543, 0.714653, 0.715469, 1.03195, 1.03379, 1.03583, 1.03787, 1.03991, 0, 0.926847, 0.986887, 0.988927, 0.991783, 0.993823, 0.997182, 0.780385, 0.946815, 0.949263, 0.950487, 0.94927, 0.951106, 0.93177, 0.93381, 0.935442, 0.938034, 0.920256, 0.922296, 0.92421, 0.926274, 0.77435, 0.789072, 1.04876, 1.0508, 1.05284, 1.05488, 1.05519, 0.881818, 0.883858, 0.885898, 0.962675, 0.964205, 0.96496, 0.967, 0.968531, 0.956785, 0.959564, 0.84547, 0.911379, 0.965684, 0.967724, 0.970088, 0.972128, 0.974711, 0.851293, 0.85334, 0.841233, 0.843273, 0.848574, 0.865244, 1.16196, 1.164, 1.16604, 1.16808, 1.16788, 0.835198, 0.837136, 1.16022, 1.16226, 1.1643, 1.16634, 1.16886, 1.16691, 1.16901, 1.17105, 1.12229, 1.12433, 1.12637, 1.12818, 1.13022, 0.83239, 0.834532, 0.835552, 0.861786, 0.874367, 0.875473, 0.876696, 0.992, 0.99404, 1.1974, 1.19977, 1.20181, 1.20426, 1.20548, 1.09105, 1.0503, 1.05213, 1.21146, 1.21299, 1.21503, 1.2169, 1.21943, 1.00539, 0.992314, 0.993946, 0.995986, 0.932802, 0.933908, 0.935665, 0.940177, 0.942217, 0.915623, 0.917561, 0.961104, 0.961362, 0.963403, 0.968113, 0.970153, 1.25657, 1.25862, 1.26066, 1.26036, 1.2624, 1.14899, 1.15103, 0.950356, 1.20318, 1.20441, 1.20543, 1.20807, 1.21011, 1.18455, 1.18659, 1.18863, 0.911863, 1.13889, 1.14134, 1.14338, 1.14542, 1.14746, 1.17817, 1.23818, 1.23985, 1.24184, 1.24388, 1.24695, 1.03854, 1.09197, 1.0932, 1.09526, 1.09648, 1.09832, 1.06022, 1.06226, 1.41429, 1.41633, 1.4178, 1.41984, 1.42188, 1.06338, 1.06542, 1.2226, 1.22464, 1.22627, 1.22671, 1.22855, 1.02788, 1.31106, 1.3131, 1.4525, 1.45419, 1.45623, 1.45827, 1.46031, 1.31112, 1.08213, 1.08417, 1.04414, 1.08758, 1.08962, 1.08988, 1.09396, 1.27775, 1.27939, 1.28102, 1.28306, 1.28414, 1.19545, 1.19749, 1.19953, 1.20168, 1.20382, 1.13233, 1.13437, 1.31314, 1.31552, 1.31756, 1.3196, 1.32159, 1.09572, 1.50548, 1.50752, 1.50956, 1.51164, 1.51409, 1.28867, 1.2903, 1.292, 1.12346, 1.1255, 1.14746, 1.27048, 1.27375, 1.27579, 1.27783, 1.27885, 1.28089, 1.28373, 1.28577, 1.28781, 1.15395, 1.30871, 1.30994, 1.31198, 1.31362, 1.31596, 1.16065, 1.35228, 1.35427, 1.35717, 1.35911, 1.36115, 1.16233, 1.18621, 1.18835, 1.18998, 1.39379, 1.39532, 1.39621, 1.39814, 1.40018, 1.30469, 1.30679, 1.30873, 1.25797, 1.26001, 1.26205, 1.22373, 1.22577, 1.22781, 1.22995, 1.36816, 1.3702, 1.37183, 1.37469, 1.37663, 1.22006, 1.2838, 1.28584, 1.53817, 1.53929, 1.54133, 1.5428, 1.54484, 1.3766, 1.37864, 1.38014, 1.23096, 1.40089, 1.40293, 1.53478, 1.53735, 1.53939, 1.54143, 1.54347, 1.28879, 1.29112, 1.33746, 1.3395, 1.34154, 1.34482, 1.34686, 1.28078, 1.54518, 1.54735, 1.54949, 1.55113, 1.55317, 1.50258, 1.37352, 1.37556, 1.34695, 1.34899, 1.45189, 1.4537, 1.45548, 1.45752, 1.45956, 1.32415, 1.30607, 1.30811, 1.33256, 1.33501, 1.5111, 1.58524, 1.58728, 1.58964, 1.59681, 1.59887, 1.60131, 1.60368, 1.60572, 1.48002, 1.4819, 1.48526, 1.33052, 1.33266, 1.3346, 1.65823, 1.65872, 1.66076, 1.66381, 1.66574, 1.57826, 1.51683, 1.51882, 1.52049, 1.52228, 1.53001, 1.53243, 1.53488, 1.53631, 1.57956, 1.58216, 1.58445, 1.58649, 1.58853, 1.38375, 1.31884, 1.6855, 1.68754, 1.68958, 1.69162, 1.69366, 1.33108, 1.58028, 1.58232, 1.58436, 1.5864, 1.58852, 1.55534, 1.55754, 1.55942, 1.56278, 1.44343, 1.44547, 1.447, 1.54992, 1.55196, 1.55231, 1.55394, 1.55868, 1.44105, 1.50359, 1.50563, 1.50811, 1.50964, 1.54108, 1.54312, 1.61851, 1.62034, 1.62177, 1.62428, 1.62622, 1.59506, 1.63071, 1.63275, 1.63445, 1.71252, 1.71456, 1.7166, 1.71812, 1.72017, 1.57134, 1.57338, 1.57542, 1.77734, 1.77897, 1.78085, 1.78303, 1.78493, 1.48271, 1.48387, 1.78935, 1.79019, 1.79202, 1.79406, 1.79534, 1.53187, 1.5337, 1.53672, 1.53876, 1.5408, 1.58298, 1.58502, 1.75181, 1.75385, 1.78264, 1.78418, 1.78622, 1.78843, 1.79047, 1.55897, 1.56101, 1.56305, 1.71717, 1.71881, 1.71982, 1.72227, 1.72431, 1.48102, 1.48306, 1.75487, 1.75691, 1.75895, 1.76048, 1.76252, 1.66593, 1.66673, 1.66877, 1.50299, 1.53977, 1.5414, 1.54303, 1.55868,
0, 0, 0, 0, 0, 0, 0, 0, 0, 0, 0, 0, 0, 0, 1.00788, 1.00843, 1.00897, 1.00924, 1.00967, 1.01053, 1.01109, 1.01165, 1.01219, 1.01273, 0, 0, 0, 0, 0, 0, 0, 0, 0, 0, 0, 0, 0, 0, 0, 0, 0, 0, 0, 0, 0, 0, 0, 0, 0, 0, 0, 0, 0, 0, 0, 0, 0, 0, 0, 0, 0, 0, 0, 0, 0, 0, 0, 0, 0, 0, 0, 0, 0, 0, 0, 0, 0, 0, 0, 0, 0, 0, 0, 0, 0, 0, 0, 0, 0, 0, 0, 0, 0, 0, 0, 0, 0, 0, 0, 0, 0, 0, 0, 0, 0, 0.761121, 0.761663, 0.762205, 0, 0, 0, 0, 0, 0, 0, 0, 0, 0, 0, 0, 0, 0, 0, 0, 0, 0, 0, 0, 0, 0, 0, 0, 0, 0, 0, 0, 0, 0, 0, 0, 0, 0, 0, 0, 0, 0.701677, 0.702219, 0.702788, 0.703231, 0.826896, 0, 0, 0, 0, 0, 0, 0, 0, 0.831988, 0, 0, 0, 0, 0, 0, 0, 0, 0, 0, 0, 0, 0, 0, 0, 0, 0, 0, 0, 0, 0, 0, 0, 0, 0, 0, 0, 0, 0, 0, 0, 0, 0, 0, 0, 0, 0, 0, 0, 0, 0, 0, 0, 0.750346, 0.750888, 0.751348, 0, 0, 0, 0, 0, 0, 0, 0, 0, 0, 0.866441, 0.866902, 0.909582, 0.910124, 0.910666, 0.970208, 0.97075, 0, 0, 0, 0, 0, 0, 0, 0, 0, 0, 0, 0, 0, 0, 0.802535, 0.77507, 0.775612, 0.86749, 0.867933, 0, 0.833542, 0.834093, 0.762232, 0.716672, 0.772237, 0, 0, 0, 0, 0, 0, 0, 0, 0, 0, 0, 0, 0, 0.732509, 0.733051, 0, 0, 0, 0, 0, 0, 0, 0, 0, 0, 0, 0, 0, 0, 0, 0, 0, 0.702794, 0.703336, 0.703878, 0.70442, 0, 0, 0, 0, 0, 0, 0, 0, 0, 0, 0, 0, 0, 0, 0, 0, 0, 0, 0, 0, 0.706824, 0.836514, 0.837056, 0.837517, 0.83796, 0, 0, 0, 0, 0, 0, 0, 0, 0.896406, 0, 0.757068, 0.75761, 0.758053, 0.75276, 0.753293, 0.707557, 0.708099, 0.70856, 0, 0, 0, 0, 0, 0, 0, 0, 0, 0, 0, 0, 0, 0, 0, 0, 0, 0, 0, 0, 0, 0.70859, 0.709132, 0.709593, 0.710135, 0, 0, 0, 0, 0, 0.744017, 0.744559, 0.721997, 0.72254, 0.723082, 0, 0, 0, 0.739963, 0.740505, 0, 0, 0.857576, 0, 0, 0, 0, 0, 0, 0, 0, 0, 0, 0, 0, 0, 0, 0, 0, 0, 0, 0, 0, 0, 0, 0, 0, 0, 0, 0, 0.718469, 0.719011, 0.719553, 0.720096, 0.898483, 0, 0, 0.886475, 0.887022, 0, 0.948952, 0.949385, 0.892032, 0.892479, 0.893021, 0.773173, 0.742749, 0.743291, 0, 0, 0, 0, 0, 0, 0, 0, 0, 0, 0, 0.730554, 0.81835, 0.818892, 0.819543, 0.819881, 0, 0, 0, 0.77941, 0.779871, 0.780413, 0.76315, 0.763611, 0, 0, 0, 0, 0, 0, 0, 0, 0, 0, 0, 0, 0, 0, 0, 0, 0.862892, 0.863434, 0.863976, 0.83445, 0.834992, 0, 0.797679, 0, 0.845756, 0.846022, 0.846298, 0.846731, 0.847274, 0.822285, 0.822831, 0, 0, 0, 0, 0.71641, 0.716953, 0.717495, 0, 0.775267, 0.775809, 0.776351, 0.776893, 0.705396, 0, 0, 0, 0, 0, 0, 0, 0, 0.809888, 0.81043, 0.717968, 0.718511, 0.719053, 0, 0, 0, 0, 0, 0, 0.818278, 0, 0.898396, 0.898938, 1.03503, 1.05135, 1.05189, 1.05244, 1.05298, 0.861436, 0, 0, 0, 0, 0, 0, 0, 0.712281, 0.704422, 0.704856, 0.705398, 0.750166, 0, 0, 0, 0, 0, 0, 0, 0, 0, 0, 0, 0, 0, 0.859913, 0.860455, 1.04433, 1.04487, 1.04531, 0.816759, 0.817301, 0.755252, 0, 0, 0, 0.702668, 0.703129, 0.703671, 0.704213, 0, 0, 0, 0, 0, 0, 0.702905, 0.703447, 0.703989, 0.840567, 0.841109, 0, 0.877171, 0.877713, 0.852202, 0.85264, 0, 0, 0, 0, 0, 0, 0.740616, 0.740959, 0.835735, 0.836278, 0, 0, 0, 0, 0, 0, 0, 0, 0, 0, 0.701659, 0, 0.768726, 0.769187, 0.76963, 0, 0, 0, 0.802845, 0.803292, 0.854832, 0.884951, 0.885493, 0, 0, 0, 0, 0.837342, 0.837884, 0.970218, 0.970656, 0.942332, 0.918922, 0.919464, 0, 0, 0.720895, 0.721437, 0.721979, 0, 0.709863, 0, 0.905742, 1.0395, 1.04016, 1.04072, 1.04127, 0.859598, 0, 0, 0, 0, 0.756556, 0.756989, 0.757541, 0.789961, 0.790404, 0, 0, 0, 0, 0, 0.766459, 0.887537, 0.888079, 0.888649, 0.89577, 0.813022, 0.777153, 0.777614, 0.770115, 0, 0.827244, 0.827687, 0, 0, 0, 0.837072, 1.0196, 1.02015, 1.02061, 1.02105, 0.752884, 0, 0, 0, 0, 1.01182, 0.854014, 0.854664, 0.843251, 1.10209, 0.938398, 0.938859, 0.939292, 0.939943, 0, 0, 0.716442, 0.716984, 0.717526, 0.718068, 0.718611, 0, 0, 0, 0, 0, 0.739165, 0, 0, 0.847843, 0.848286, 0.729663, 0.730196, 0.730639, 0, 0, 0, 0.830827, 0.83126, 0.715962, 0.77368, 0.774222, 0.771546, 0.761429, 0.792505, 0.793047, 0.882188, 0.88273, 0.91585, 0.925082, 0.925629, 0.875897, 0.907559, 0.908101, 0.908643, 0.986938, 0.88418, 0, 0.809035, 0.809577, 0, 0, 0, 0.829825, 0.830394, 0.737905, 0.905778, 0.906329, 0, 0, 0.907413, 0.859007, 1.04285, 1.04339, 1.04366, 0.779907, 0.780444, 0, 0, 0, 0, 0, 0.812064, 0.812606, 0.919101, 0.919643, 0.920185, 0.717502, 0.718044, 0, 0, 0, 0.818578, 0.819125, 0, 0, 0, 0, 0, 0, 0, 0, 0.795757, 0.796299, 0, 0.707994, 0.708464, 0, 0, 0, 0, 0.742466,
0, 0, 0, 0, 0, 0, 0, 0, 0, 0, 0, 0, 0, 0, 0, 0, 0, 0, 0, 1.04429, 1.04668, 1.049, 1.05126, 1.05356, 0, 0, 0, 0, 0, 0, 0, 0, 0, 0, 0, 0, 0, 0, 0, 0, 0, 0, 0, 0, 0, 0, 0, 0, 0, 0, 0, 0, 0, 0, 0, 0, 0, 0, 0, 0, 0, 0, 0, 0, 0, 0, 0, 0, 0, 0, 0, 0, 0, 0, 0, 0, 0, 0, 0, 0, 0, 0, 0, 0, 0, 0, 0, 0, 0, 0, 0, 0, 0, 0, 0, 0, 0, 0, 0, 0, 0, 0, 0, 0, 0, 0, 0, 0, 0, 0, 0, 0, 0, 0, 0, 0, 0, 0, 0, 0, 0, 0, 0, 0, 0, 0, 0, 0, 0, 0, 0, 0, 0, 0, 0, 0, 0, 0, 0, 0, 0, 0, 0, 0, 0, 0, 0, 0, 0, 0, 0, 0, 0, 0, 0, 0, 0, 0, 0, 0, 0, 0, 0, 0, 0, 0, 0, 0, 0, 0, 0, 0, 0, 0, 0, 0, 0, 0, 0, 0, 0, 0, 0, 0, 0, 0, 0, 0, 0, 0, 0, 0, 0, 0, 0, 0, 0, 0, 0, 0, 0.71327, 0.71555, 0.723377, 0.725657, 0.727672, 0.729952, 0.732346, 0, 0, 0, 0, 0.745294, 0.746472, 0.748296, 0.751032, 1.04678, 1.04997, 1.05436, 1.05664, 1.05892, 1.06144, 1.06377, 0, 0, 0.718078, 0.720814, 0.723094, 0.724199, 0.726479, 0, 0, 0, 0.726601, 0.730053, 0.731991, 0.734271, 0.807618, 0.810082, 0.812362, 0.814642, 0.81658, 0.811452, 0.813686, 0.816004, 0.808774, 0.811348, 0.815269, 0.761116, 0.763396, 0.76579, 0.76807, 0.727097, 0.731652, 0.733932, 0, 0, 0, 0.712207, 0.714487, 0.716767, 0.770119, 0.770315, 0.841331, 0.843003, 0.844751, 0.848528, 0.850466, 0.801583, 0.803863, 0.805307, 0.807682, 0, 0, 0, 0, 0, 0, 0, 0.80161, 1.01576, 1.01862, 1.02209, 1.02437, 1.0271, 0.902229, 0.904053, 0.904932, 0.907183, 0.909463, 0.838284, 0, 0, 0.7432, 0.744739, 0.747019, 0.758431, 0.843746, 0.844208, 0.84588, 0.848672, 0.850952, 0.827253, 0.829702, 0.941996, 0.964168, 0.966448, 0.968386, 0.970395, 0.97324, 0.796202, 0.798482, 0.80094, 1.12209, 1.12448, 1.1263, 1.12841, 1.13116, 0.813898, 0.995475, 0.997755, 1.00055, 1.00277, 1.00501, 0.961916, 0.964196, 0.966134, 0.874074, 0.875721, 0.989943, 0.991539, 0.992526, 0.994596, 0.996572, 0.895756, 0.898672, 0.90099, 0.850498, 0.852778, 0.854944, 0.855932, 0.859239, 0.861215, 0.863495, 0.865775, 0.868055, 0.750101, 0.94955, 1.03017, 1.03245, 1.03564, 1.03792, 1.0419, 0.89007, 0.892836, 0.895002, 0.896199, 1.07522, 1.0775, 1.07943, 1.08171, 1.08353, 1.0063, 1.00858, 1.01086, 1.12527, 1.12755, 1.12872, 1.13168, 1.13331, 1.0404, 1.04268, 1.04496, 1.04554, 0.948505, 0.950785, 0.953065, 0.95642, 0.9854, 0.986393, 0.988673, 0.990611, 0.993003, 0.959561, 0.961535, 1.00029, 1.00246, 1.00474, 1.00738, 1.00966, 0.97649, 0.938562, 0.957386, 0.959552, 0.961832, 0.963049, 0.984912, 1.11598, 1.11826, 1.12054, 1.12282, 1.17335, 1.17405, 1.17633, 1.17842, 1.18068, 0.993179, 1.24608, 1.24863, 1.24972, 1.25224, 1.25452, 1.13163, 1.10286, 1.10514, 1.0729, 1.07518, 1.07651, 1.07868, 1.07989, 1.18803, 1.18987, 1.19111, 1.19246, 1.19413, 1.12395, 1.26169, 1.26434, 1.26662, 1.26936, 1.27078, 1.0405, 1.05393, 1.05599, 1.27741, 1.27934, 1.28162, 1.28349, 1.28655, 1.11973, 1.12189, 1.12429, 1.12657, 1.12963, 1.11923, 1.24009, 1.24322, 1.24554, 1.24824, 1.25056, 1.19079, 1.14548, 1.14776, 1.23547, 1.23775, 1.32783, 1.33011, 1.33239, 1.33206, 1.33434, 1.10525, 1.30096, 1.30287, 1.30469, 1.30604, 1.3072, 1.31015, 1.31243, 1.31471, 1.31697, 1.14515, 1.01914, 1.3972, 1.39993, 1.40221, 1.40449, 1.40677, 1.23045, 1.31103, 1.31289, 1.31511, 1.31739, 1.32083, 1.19017, 1.19233, 1.19378, 1.21735, 1.2183, 1.22076, 1.22338, 1.22566, 1.3472, 1.34948, 1.35113, 1.35341, 1.35569, 1.21816, 1.22044, 1.22309, 1.22537, 1.22645, 1.19212, 1.3876, 1.38951, 1.3928, 1.39508, 1.39689, 1.4145, 1.41678, 1.41924, 1.42152, 1.42425, 1.38732, 1.38964, 1.39188, 1.39374, 1.33443, 1.28912, 1.29367, 1.48281, 1.48464, 1.48646, 1.48874, 1.48995, 1.39681, 1.39909, 1.40137, 1.404, 1.40616, 1.23823, 1.24051, 1.37356, 1.37622, 1.3785, 1.38078, 1.38301, 1.28085, 1.44911, 1.45139, 1.47238, 1.47466, 1.47648, 1.47841, 1.48024, 1.41948, 1.42176, 1.42404, 1.42598, 1.40283, 1.40635, 1.40863, 1.41091, 1.37335, 1.37551, 1.37869, 1.38097, 1.38325, 1.40162, 1.40355, 1.40494, 1.40722, 1.54507, 1.54781, 1.55054, 1.55463, 1.55691, 1.53291, 1.53471, 1.40264, 1.35552, 1.34534, 1.34751, 1.34933, 1.44021, 1.44215, 1.44299, 1.51434, 1.51662, 1.5189, 1.52125, 1.52364, 1.36216, 1.36444, 1.36672, 1.44345, 1.44573, 1.44801, 1.45025, 1.4977, 1.49998, 1.52289, 1.52539, 1.52771, 1.52995, 1.5326, 1.41072, 1.57945, 1.58054, 1.58276, 1.5844, 1.58668, 1.5044, 1.50668, 1.50835, 1.61633, 1.61819, 1.62047, 1.62393, 1.62574, 1.59915, 1.57739, 1.57967, 1.59402, 1.59662, 1.61539, 1.61767, 1.61995, 1.62362, 1.6259, 1.59812, 1.6004, 1.73558, 1.73706, 1.73987, 1.74215, 1.74408, 1.52839, 1.53067, 1.57627, 1.57855, 1.64619, 1.64844, 1.65041, 1.65249, 1.655, 1.62369, 1.62594, 1.62822, 1.56494, 1.56767, 1.61663, 1.61907, 1.62135, 1.62374, 1.6274, 1.55118, 1.55391, 1.55656, 1.55884, 1.5101, 1.69664, 1.69988, 1.70216, 1.70441, 1.70672, 1.71341, 1.73424, 1.73652, 1.7386, 1.74099, 1.74215, 1.5643, 1.56627, 1.55449, 1.55649, 1.89139, 1.89409, 1.89683, 1.89842, 1.98253, 1.98543, 1.98799, 1.99027, 1.99255, 1.56473, 1.474, 1.83742, 1.8397, 1.84198, 1.84426, 1.84654, 1.48768, 1.65974, 1.66202, 1.6643, 1.66658, 1.66895, 1.59449, 1.59674, 1.78328, 1.78652, 1.78967, 1.79192, 1.79378, 1.64165, 1.64393, 1.64433, 1.80112, 1.80535, 1.80763, 1.80949, 1.81177, 1.81141, 1.8026, 1.80453, 1.80681, 1.89769, 1.89975, 1.90134, 1.90415, 1.90641, 1.85842, 1.8607, 1.86298, 1.86487, 1.86752, 1.84345, 1.84573, 1.84766, 1.84994, 1.6687, 1.67098, 1.67326, 1.88773, 1.88956, 1.89166, 1.89409, 1.89622, 1.76215, 1.76323, 1.90121, 1.90209, 1.90415, 1.90643, 1.90793, 1.90747, 1.90973, 1.76833, 1.77061, 1.77289, 1.74233, 1.74461, 1.82454, 1.82682, 1.82995, 1.83223, 1.83451, 1.82719, 1.82947, 1.81833, 1.82061, 1.82289, 1.93524, 1.93707, 1.9382, 1.94094, 1.94322, 1.65526, 1.65754, 1.88863, 1.89091, 1.89319, 1.89513, 1.89741, 1.74359, 1.81129, 1.81304, 1.81494, 1.81653, 1.81874, 1.75548, 1.98246,
0, 0, 0, 0, 0, 0, 0, 0, 0, 0, 0, 0, 0, 0, 0, 0, 0, 0, 0, 1.04666, 1.04918, 1.05154, 1.0539, 1.05634, 0, 0, 0, 0, 0, 0, 0, 0, 0, 0, 0, 0, 0, 0, 0, 0, 0, 0, 0, 0, 0, 0, 0, 0, 0, 0, 0, 0, 0, 0, 0, 0, 0, 0, 0, 0, 0, 0, 0, 0, 0, 0, 0, 0, 0, 0, 0, 0, 0, 0, 0, 0, 0, 0, 0, 0, 0, 0, 0, 0, 0, 0, 0, 0, 0, 0, 0, 0, 0, 0, 0, 0, 0, 0, 0, 0, 0, 0, 0, 0, 0, 0, 0, 0, 0, 0, 0, 0, 0, 0, 0, 0, 0, 0, 0, 0, 0, 0, 0, 0, 0, 0, 0, 0, 0, 0, 0, 0, 0, 0, 0, 0, 0, 0, 0, 0, 0, 0, 0, 0, 0, 0, 0, 0, 0, 0, 0, 0, 0, 0, 0, 0, 0, 0, 0, 0, 0, 0, 0, 0, 0, 0, 0, 0, 0, 0, 0, 0, 0, 0, 0, 0, 0, 0, 0, 0, 0, 0, 0, 0, 0, 0, 0, 0, 0, 0, 0, 0, 0, 0, 0, 0, 0, 0, 0, 0, 0.736619, 0.739019, 0.746942, 0.749342, 0.751464, 0.753863, 0.756384, 0, 0, 0, 0, 0.769965, 0.771205, 0.773125, 0.776005, 1.07184, 1.0752, 1.07969, 1.08209, 1.08449, 1.08714, 1.08959, 0, 0, 0.744293, 0.747173, 0.749573, 0.750736, 0.753136, 0.710392, 0.712132, 0.713883, 0.753627, 0.757261, 0.759301, 0.761701, 0.83518, 0.837773, 0.840173, 0.842573, 0.844613, 0.839605, 0.841956, 0.844316, 0.837242, 0.839951, 0.844078, 0.789959, 0.792359, 0.794879, 0.797279, 0.756444, 0.761238, 0.763638, 0, 0.700565, 0.721855, 0.742286, 0.744686, 0.747086, 0.800534, 0.80074, 0.871854, 0.873594, 0.875454, 0.87943, 0.88147, 0.832701, 0.835101, 0.836601, 0.839101, 0, 0, 0.703299, 0.705399, 0.723237, 0.725637, 0.728037, 0.833693, 1.04794, 1.05095, 1.0546, 1.057, 1.05988, 0.935079, 0.936999, 0.938005, 0.940375, 0.942775, 0.871638, 0.715858, 0.717604, 0.776765, 0.778385, 0.780785, 0.792404, 0.877815, 0.878301, 0.880041, 0.883, 0.8854, 0.861811, 0.864389, 0.97678, 0.999127, 1.00153, 1.00357, 1.00568, 1.0086, 0.831699, 0.834099, 0.836686, 1.15798, 1.16049, 1.16241, 1.16462, 1.16752, 0.850379, 1.03208, 1.03448, 1.03735, 1.03968, 1.04212, 0.999221, 1.00162, 1.00366, 0.911627, 0.91336, 1.0277, 1.02938, 1.0304, 1.03257, 1.03467, 0.93392, 0.936989, 0.939349, 0.889055, 0.891455, 0.893735, 0.894755, 0.898122, 0.900222, 0.902622, 0.905022, 0.907422, 0.78958, 0.989157, 1.06987, 1.07227, 1.07563, 1.07803, 1.08222, 0.930421, 0.933333, 0.935612, 0.936872, 1.11586, 1.11826, 1.12031, 1.12271, 1.12463, 1.04762, 1.05002, 1.05242, 1.16693, 1.16933, 1.17054, 1.17366, 1.1754, 1.0826, 1.085, 1.0874, 1.08801, 0.991088, 0.993488, 0.995888, 0.99942, 1.02856, 1.02961, 1.03201, 1.03405, 1.03657, 1.00327, 1.00532, 1.04424, 1.04652, 1.04892, 1.0517, 1.0541, 1.02109, 0.983218, 1.00222, 1.0045, 1.0069, 1.00819, 1.03025, 1.16148, 1.16388, 1.16628, 1.16868, 1.21917, 1.21991, 1.22231, 1.22451, 1.22687, 1.03957, 1.2926, 1.29529, 1.29643, 1.29909, 1.30149, 1.17875, 1.15009, 1.15249, 1.12031, 1.12271, 1.12419, 1.12647, 1.12773, 1.23598, 1.23786, 1.23917, 1.24065, 1.24234, 1.17236, 1.31021, 1.313, 1.3154, 1.31828, 1.31978, 1.08954, 1.10303, 1.10519, 1.32676, 1.3288, 1.3312, 1.33316, 1.33638, 1.16968, 1.17196, 1.17448, 1.17688, 1.18011, 1.16981, 1.2908, 1.2941, 1.29646, 1.29938, 1.30174, 1.24202, 1.19684, 1.19924, 1.28705, 1.28945, 1.37983, 1.38223, 1.38463, 1.38428, 1.38668, 1.1577, 1.3535, 1.35551, 1.35743, 1.35891, 1.36011, 1.36317, 1.36557, 1.36797, 1.37033, 1.19867, 1.07278, 1.45096, 1.45385, 1.45624, 1.45864, 1.46105, 1.28484, 1.36551, 1.36747, 1.36981, 1.37221, 1.37583, 1.24526, 1.24753, 1.24903, 1.27275, 1.27375, 1.27634, 1.2791, 1.2815, 1.40316, 1.40556, 1.40729, 1.40969, 1.41209, 1.27471, 1.27711, 1.27991, 1.28231, 1.28345, 1.24914, 1.4447, 1.44671, 1.45017, 1.45257, 1.45445, 1.47226, 1.47466, 1.47724, 1.47964, 1.48252, 1.44578, 1.44814, 1.45058, 1.45246, 1.39322, 1.34804, 1.35284, 1.54208, 1.544, 1.54592, 1.54832, 1.54959, 1.45656, 1.45896, 1.46136, 1.46413, 1.46641, 1.2986, 1.301, 1.43415, 1.43695, 1.43935, 1.44175, 1.44409, 1.34206, 1.51044, 1.51284, 1.53392, 1.53632, 1.53824, 1.54027, 1.54219, 1.48163, 1.48403, 1.48643, 1.48847, 1.46544, 1.46914, 1.47154, 1.47394, 1.43644, 1.43872, 1.44207, 1.44447, 1.44687, 1.46533, 1.46737, 1.46883, 1.47123, 1.60917, 1.61205, 1.61493, 1.61924, 1.62164, 1.59765, 1.59953, 1.46765, 1.42066, 1.4106, 1.41288, 1.4148, 1.5059, 1.50794, 1.50879, 1.58029, 1.58269, 1.58509, 1.58756, 1.59008, 1.42865, 1.43105, 1.43345, 1.51025, 1.51265, 1.51505, 1.51749, 1.56503, 1.56743, 1.59048, 1.59311, 1.59547, 1.59791, 1.60062, 1.47888, 1.64779, 1.64893, 1.65127, 1.653, 1.6554, 1.57325, 1.57565, 1.57742, 1.68555, 1.68743, 1.68983, 1.69347, 1.69535, 1.66898, 1.64733, 1.64973, 1.66415, 1.66689, 1.68575, 1.68815, 1.69055, 1.69442, 1.69682, 1.66916, 1.67156, 1.80683, 1.80839, 1.81134, 1.81374, 1.81578, 1.60021, 1.60261, 1.64834, 1.65074, 1.7185, 1.72087, 1.72294, 1.72513, 1.72777, 1.69658, 1.69895, 1.70135, 1.63821, 1.64109, 1.69014, 1.6927, 1.6951, 1.69762, 1.70139, 1.62527, 1.62815, 1.63094, 1.63334, 1.58472, 1.77138, 1.77472, 1.77712, 1.77956, 1.78192, 1.78879, 1.80973, 1.81213, 1.81432, 1.81684, 1.81804, 1.6402, 1.6423, 1.63066, 1.63277, 1.96776, 1.97061, 1.97349, 1.97516, 2.05937, 2.06242, 2.06512, 2.06752, 2.06992, 1.64222, 1.55158, 1.91512, 1.91752, 1.91992, 1.92232, 1.92472, 1.56598, 1.73817, 1.74057, 1.74297, 1.74537, 1.74786, 1.67348, 1.67592, 1.86258, 1.86592, 1.86923, 1.87167, 1.87355, 1.72159, 1.72399, 1.72441, 1.88136, 1.88581, 1.88821, 1.89009, 1.89249, 1.89236, 1.88363, 1.88567, 1.88807, 1.97899, 1.98115, 1.98284, 1.98579, 1.98815, 1.94027, 1.94267, 1.94507, 1.94707, 1.94986, 1.92595, 1.92835, 1.93039, 1.93279, 1.75166, 1.75406, 1.75646, 1.97111, 1.97303, 1.97525, 1.9778, 1.98005, 1.84612, 1.84727, 1.9853, 1.98623, 1.98839, 1.99079, 1.99235, 1.99199, 1.99439, 1.85311, 1.85551, 1.85791, 1.82745, 1.82985, 1.90991, 1.91231, 1.91561, 1.91801, 1.92041, 1.91311, 1.91551, 1.90444, 1.90684, 1.90925, 2.02185, 2.02377, 2.02497, 2.02785, 2.03025, 1.74238, 1.74478, 1.976, 1.9784, 1.9808, 1.98284, 1.98524, 1.83149, 1.89924, 1.9011, 1.90308, 1.90476, 1.9071, 1.84386, 2.07092,
Main Loop Time: 5.4714
Number of Graph Matching Computed: 16191
Number of Zero Entries Cells: 10153
Number of Pruned Cells: 0
Number of Estimated Cells Above Threshold: 0
Number of Cells Above Threshold: 0
Env Time: 0.000834214
Dataloader Time: 0.0407424
FaissIndex Time: 0.0239944
Algorithm Time: 5.55963
