creating environment with lakes: /root/data/en/king_james_bible_para/9_20/, /root/data/en/esv_para/9_20/
1 text1_files listed
1 text2_files listed
Inverted Index Size: 58
Words: 23
Vector Size: 300
Normalized vector storage check
Index Trained: 1
Ntotal: 12
Sliding Window Computation time: 7.7615e-05
Out of dictionary words: 11
K: 12
NB: 12
Faiss Search Time: 0.0232127
size of I: 144
Size of valid edges: 143
0, 0, 0, 0, 0, 0, 0, 0, 0, 0, 0, 0, 0, 0, 0, 0, 0, 0, 0, 0,
0, 0, 0, 0, 0, 0, 0, 0, 0, 0, 0, 0, 0, 0, 0, 0, 0, 0, 0, 0,
0, 0, 0, 0, 0, 0, 0, 0, 0, 0, 0, 0, 0, 0, 0, 0, 0, 0, 0, 0,
0, 0, 0, 0, 0, 0, 0, 0, 0, 0, 0, 0, 0, 0, 0, 0, 0, 0, 0, 0,
0, 0, 0, 0, 0, 0, 0, 0, 0, 0, 0, 0, 0, 0, 0, 0, 0, 0, 0, 0,
0, 0, 0, 0, 0, 0, 0, 0, 0, 0, 0, 0, 0, 0, 0, 0, 0, 0, 0, 0,
0, 0, 0, 0, 0, 0, 0, 0, 0, 0, 0, 0, 0, 0, 0, 0, 0, 0, 0, 0,
0, 0, 0, 0, 0, 0, 0, 0, 0, 0, 0, 0, 0, 0, 0, 0, 0, 0, 0, 0,
0, 0, 0, 1, 0.737265, 0, 0, 0, 0, 0, 0, 0, 0.733928, 0.723356, 0, 0, 0, 0, 0, 0,
0, 0, 0, 0.737265, 1, 0, 0, 0, 0, 0, 0, 0, 0.7124, 0.986091, 0, 0, 0, 0, 0, 0,
0, 0, 0, 0, 0, 1, 0, 0, 0, 0, 0, 0, 0, 0, 0.986091, 0, 0, 0, 0, 0,
0, 0, 0, 0, 0, 0, 1, 0.884756, 0, 0, 0, 0, 0, 0, 0, 1, 0, 0, 0, 0,
0, 0, 0, 0, 0, 0, 0.884756, 1, 0, 0, 0, 0, 0, 0, 0, 0.884756, 0, 0, 0, 0,
0, 0, 0, 0, 0, 0, 0, 0, 1, 0, 0, 0, 0, 0, 0, 0, 0, 0, 0, 0,
0, 0, 0, 0, 0, 0, 0, 0, 0, 1, 0.725172, 0, 0, 0, 0, 0, 0, 0, 0, 0,
0, 0, 0, 0, 0, 0, 0, 0, 0, 0, 0, 0, 0, 0, 0, 0, 0, 0, 0, 0,
0, 0, 0, 0, 0, 0, 0, 0, 0, 0, 0, 0, 0, 0, 0, 0, 0, 0, 0, 0,
0, 0, 0, 0.723356, 0.986091, 0, 0, 0, 0, 0, 0, 0, 0.726309, 1, 0, 0, 0, 0, 0, 0,
0, 0, 0, 0, 0, 0.986091, 0, 0, 0, 0, 0, 0, 0, 0, 1, 0, 0, 0, 0, 0,
0, 0, 0, 0, 0, 0, 1, 0.884756, 0, 0, 0, 0, 0, 0, 0, 1, 0, 0, 0, 0,
0, 0, 0, 0, 0, 0, 0, 0, 0, 0, 0, 0, 0, 0, 0, 0, 1, 0, 0, 0,
0, 0, 0, 0, 0, 0, 0, 0, 0, 0, 0, 0, 0, 0, 0, 0, 0, 0.844743, 0, 0,
Main Loop Time: 0.00654881
Number of Graph Matching Computed: 440
Number of Zero Entries Cells: 410
Env Time: 0.000975306
Dataloader Time: 0.129769
FaissIndex Time: 0.0312035
Algorithm Time: 0.031651
