creating environment with lakes: /root/data/en/king_james_bible_para/1_3/, /root/data/en/esv_para/1_3/
1 text1_files listed
1 text2_files listed
Inverted Index Size: 64
Words: 28
Vector Size: 300
Normalized vector storage check
Index Trained: 1
Ntotal: 18
Sliding Window Computation time: 3.8772e-05
Out of dictionary words: 10
K: 18
NB: 18
Faiss Search Time: 0.000429344
size of I: 324
Size of valid edges: 326
0.769415, 0.769415, 0, 0, 0, 0, 0, 0, 0, 0, 0, 0, 0, 0, 0, 0,
0.769415, 0.805175, 0.719913, 0, 0, 0, 0, 0, 0, 0, 0, 0, 0, 0, 0, 0,
0, 0, 0.790211, 0.735081, 0.735081, 0, 0, 0, 0, 0, 0, 0, 0, 0, 0, 0,
0, 0, 0.735081, 0.877938, 0.877938, 0.802331, 0, 0, 0, 0.71194, 0.762214, 0, 0, 0, 0, 0,
0, 0, 0.735081, 0.877938, 0.877938, 0.802331, 0, 0, 0, 0.71194, 0.762214, 0, 0, 0, 0, 0,
0, 0, 0, 0.770218, 0.770218, 0.780303, 0, 0, 0, 0.702151, 0.752425, 0, 0, 0, 0, 0,
0, 0, 0, 0.770218, 0.770218, 0.780303, 0, 0, 0, 0.702151, 0.752425, 0, 0, 0, 0, 0,
0, 0, 0, 0.770218, 0.770218, 0.780303, 0, 0, 0, 0.702151, 0.752425, 0, 0, 0, 0, 0,
0, 0, 0, 0.716681, 0.716681, 0.708743, 0, 0, 0, 0, 0, 0, 0, 0, 0, 0,
0, 0, 0, 0.710948, 0.710948, 0.738269, 0, 0, 0, 0.721023, 0.74431, 0, 0, 0, 0, 0,
0, 0, 0, 0, 0, 0, 0, 0, 0, 0, 0, 0, 0, 0, 0, 0,
0, 0, 0, 0, 0, 0, 0, 0, 0, 0, 0, 0, 0, 0, 0, 0,
0, 0, 0, 0, 0, 0, 0, 0, 0, 0, 0, 0, 0, 0, 0, 0,
0, 0, 0, 0, 0, 0, 0, 0, 0, 0, 0, 0, 0, 0, 0, 0,
0, 0, 0, 0, 0, 0, 0, 0, 0, 0, 0, 0, 0, 0, 0, 0,
0, 0, 0, 0, 0, 0, 0, 0, 0, 0, 0, 0, 0, 0, 0, 0,
0, 0, 0, 0, 0, 0, 0, 0, 0, 0, 0, 0, 0, 0, 0, 0,
0, 0, 0, 0, 0, 0, 0, 0, 0, 0, 0, 0, 0, 0, 0, 0,
Main Loop Time: 0.00849682
Number of Graph Matching Computed: 288
Number of Zero Entries Cells: 245
Env Time: 0.000510353
Dataloader Time: 0.115536
FaissIndex Time: 0.00779596
Algorithm Time: 0.00953582
