creating environment with lakes: /root/data/en/king_james_bible_para/5_5/, /root/data/en/esv_chapter/5/
1 text1_files listed
1 text2_files listed
Inverted Index Size: 379
Words: 180
Vector Size: 300
Normalized vector storage check
Index Trained: 1
Ntotal: 119
Sliding Window Computation time: 5.2418e-05
Out of dictionary words: 61
K: 119
NB: 119
Faiss Search Time: 0.0154594
size of I: 14161
Size of valid edges: 13882
Vector Size: 1500
Normalized vector storage check
Index Trained: 1
Ntotal: 52230
K: 52230
NB: 33
0, 0.722756, 0.722756, 0.722756, 1.05962, 1.01972, 0.718129, 1.02638, 1.02638, 0, 0, 0.715991, 0, 0, 1.00005, 1.00966, 0.88148, 0.919796, 0.919796, 0, 0.854414, 0.950266, 0.872359, 0.872359, 1.39683, 1.11731, 1.13719, 1.13719, 1.13719, 0.720224, 0.95808, 0.931922, 0.931922, 0.931922, 0.921674, 0.863974, 0.833662, 0.866706, 0, 0, 0, 0, 0, 0, 1.12643, 1.4341, 1.55849, 1.6091, 1.6091, 1.31602, 0.990768, 0, 0, 0, 0, 0, 0, 0, 0, 0, 0, 0, 0, 0, 0, 0, 0, 0, 0, 0, 0, 0, 0, 0, 0.836319, 0.836319, 0.831801, 0.831801, 0, 0, 0, 0, 0, 0, 1.22009, 2.22009, 2, 2, 2, 1, 0, 0.706918, 0.881914, 0.881914, 0.881914, 0.881914, 0, 0, 0, 0, 0.838661, 0.702211, 0.869651, 0, 0, 0, 0, 0, 0.707853, 0.707853, 0.74071, 1.74071, 1.74071, 1.27452, 1.37551, 1.10098, 0, 0, 0, 1.25791, 1.25791, 1.41082, 1.45453, 1.51531, 0.86901, 0.86901, 0.805847, 0, 0, 0, 0, 0, 0, 1.26241, 1.26241, 0.999999, 1.28961, 2.28961, 2.26402, 2.26402, 2.26402, 1.61772, 0.793767, 0, 0, 0, 0, 0, 0, 0.818821, 0.818821, 0.818821, 1.5443, 1.5443, 1.16756, 1.53669, 1.53669, 0.722825, 0.934997, 0, 0, 0, 0.749109, 0, 0, 0, 0, 0, 0, 0, 0, 0, 0, 1.21217, 2.21217, 2.21217, 2.175, 2.175, 1.27452, 0, 0, 0, 0.726538, 0.726538, 0.944265, 0, 0, 0, 0, 0, 0, 0, 0, 0, 0, 0, 0, 0.707853, 0.707853, 1.02891, 1.02891, 1.02891, 0, 0.737716, 0, 0, 0.806896, 0.806896, 0, 0, 0, 0, 0, 0, 0, 0, 0, 0, 0, 0, 0, 1.16574, 1.16574, 0.999999, 0.999999, 1.10098, 0, 0, 0, 0, 0, 0, 0, 0, 0, 0, 0, 0, 1.44936, 1.44936, 1.41082, 1.45453, 1.45453, 0, 0.852841, 0, 0, 0, 0, 0, 0, 0, 0, 0, 0, 0, 0, 0, 0.999999, 0.999999, 2, 2, 2.16756, 1.51444, 1.51444, 0.712989, 0.859628, 0, 0, 0, 0, 0, 0, 0, 0, 0.953971, 0.980522, 0.980522, 0.980522, 1.38188, 1.04578, 0.950122, 0.950122, 1.16589, 0, 0, 0.707756, 0.707756, 0, 0, 0, 0, 0, 0, 0, 0.756833, 0.851769, 0.898013, 0.778825, 0.778825, 0.778825, 0.914403, 0, 0, 0, 0, 0, 0, 0, 0, 0, 0, 0, 0, 0, 0, 0.944458, 0.886985, 0.773842, 0.773842, 0, 0, 0, 0, 0, 0, 0, 0, 0, 0, 0, 0, 0, 0, 0, 1.00627, 0.999999, 1.25103, 1.25103, 1.25103, 0, 0, 0, 0, 0, 0, 0, 0, 0, 0, 0.728169, 0.728169, 0, 1.34425, 1.34425, 1.16756, 2.16756, 2.16756, 1.87448, 1.88191, 1.96483, 1.21343, 1.19119, 0.758794, 0, 0, 0, 0, 1.28697, 1.28697, 0.999999, 1.21217, 1.21217, 0, 0, 0, 0, 0, 0, 0, 0, 0, 0, 0, 0, 1.18163, 1.39184, 1.2102, 1.2102, 1.2102, 0, 0, 0, 0, 0, 0, 0, 0, 0, 0, 0, 0.749169, 0.749169, 0, 0, 1.06514, 1.08731, 0.950122, 0.950122, 1.17245, 0, 0, 0, 0, 0, 1.12061, 1.12061, 1.12061, 1.37852, 1.25792, 0, 0, 0, 0, 0, 0, 0, 0, 0, 0, 0, 0, 1.48957, 1.48957, 1.35732, 1.19272, 1.33363, 0.820184, 0.820184, 0.820184, 0.786784, 0.749652, 0, 0, 1.43497, 1.23049, 0.999999, 1.21217, 1.21217, 0, 0.717061, 0.874111, 0.780224, 0.780224, 0, 0, 0, 0,
1.309, 1.59723, 1.59738, 1.4487, 1.8852, 1.02039, 0.718912, 1.02725, 1.02744, 0, 0, 0.719457, 0, 0, 1.0038, 1.03264, 0.904605, 1.00405, 1.00417, 0, 0.856817, 0.952761, 0.87505, 0.875114, 1.3997, 1.12029, 1.14027, 1.14039, 1.14053, 0.723691, 0.961641, 0.935581, 0.935701, 1.11794, 1.04767, 0.990029, 0.846666, 0.992941, 0, 0, 0, 0, 0, 0, 1.15254, 1.43911, 1.7469, 2.56365, 2.56393, 2.21822, 1.82136, 1.40548, 0, 0, 0, 0, 0, 0, 0, 0, 0, 0, 0, 1.22059, 1.22071, 1.2724, 1.59179, 1.59195, 0, 0, 0, 0, 0, 1.15967, 1.57028, 1.57039, 1.56597, 1.56606, 0, 0, 0, 0, 0, 0, 1.22954, 2.2296, 2.00971, 2.00982, 2.00994, 1.01008, 0, 0.717213, 1.71733, 1.71745, 1.71757, 1.71772, 1.20236, 0, 0, 0, 0.850006, 0.713725, 0.881289, 0, 0, 0, 0, 0, 0.720212, 0.720332, 1.57831, 2.57843, 2.57855, 2.01296, 2.11403, 1.13613, 0, 0, 0, 1.27146, 1.27156, 1.69731, 1.72649, 1.95492, 0.955066, 0.955258, 0.820222, 0, 0, 0, 0, 0, 0, 1.27764, 1.27776, 1.01542, 1.30506, 2.30512, 2.27961, 2.70533, 2.70558, 1.76129, 0.881845, 0, 0, 0, 0, 1.22986, 1.22998, 1.56122, 1.56134, 1.56146, 1.56157, 1.5617, 1.44323, 1.8124, 1.81254, 0.81266, 1.1033, 0, 1.30878, 1.30892, 1.57145, 1.28104, 1.28116, 0, 0, 0, 0, 0, 0, 0, 0, 1.23188, 2.23189, 2.23202, 3.01999, 3.02011, 2.02025, 1.02037, 1.28381, 0, 0.747231, 0.747357, 0.96518, 0.702008, 0.702128, 0, 0, 0, 0, 0, 0, 0, 0, 0, 0, 0.730382, 0.730502, 1.05167, 1.0518, 1.05192, 0, 1.48644, 1.41913, 1.41925, 1.55592, 1.55604, 0, 0, 0, 0, 0, 0, 0, 0, 0, 0, 0, 0, 0, 1.19089, 1.191, 1.0254, 1.02552, 1.14857, 0, 0, 0, 0, 0, 0, 0, 0, 0, 0, 0, 0, 1.47647, 1.47654, 1.7109, 1.74008, 1.74022, 0.740343, 1.03099, 0, 0, 0, 0, 0, 0, 0, 0, 0, 0, 0, 0, 0, 1.02954, 1.02966, 2.02977, 2.0299, 2.4557, 1.61653, 1.61663, 0.815304, 0.962062, 0.72493, 0, 0, 0, 0, 0, 0, 0, 1.05752, 1.33808, 1.33815, 1.33827, 1.73974, 1.50083, 0.982399, 0.982513, 1.19837, 0, 0, 0.740635, 0.740772, 0, 0, 0, 0, 0, 0, 0, 1.00196, 1.09699, 1.4508, 1.33171, 1.33188, 0.885381, 1.02108, 0.7184, 0, 0, 0, 0, 0, 0, 0, 0, 0, 0, 0, 0, 0.820518, 1.24075, 1.01521, 0.882061, 0.882181, 0.703533, 0, 0, 0, 0, 0, 0, 0, 0, 0, 0, 0, 0, 0, 0, 1.04451, 1.03836, 1.28948, 1.2896, 1.28972, 0, 0, 0, 0, 0, 0, 0, 0, 0, 0, 0.768074, 0.76817, 0, 1.3844, 1.3845, 1.46606, 2.46618, 2.62696, 2.33401, 2.91533, 3.0058, 2.25455, 2.2324, 1.52561, 0, 0, 0, 0, 1.32892, 1.32905, 1.04215, 1.25436, 1.25446, 0, 0, 0.73207, 0, 0, 0, 0, 0, 0, 0, 0, 0, 1.22548, 1.43579, 1.2543, 1.25444, 1.25455, 0, 0, 0, 0, 0, 0, 0, 0, 0, 0.904179, 0.833052, 1.08904, 1.16751, 0.957649, 0, 1.24679, 1.13357, 0.996559, 0.996673, 1.23792, 0, 0, 0, 0, 0, 1.19945, 1.19957, 1.19966, 1.45769, 1.30582, 0, 0, 0, 0, 0, 0, 0, 0, 0, 0, 0, 0, 1.53887, 1.53898, 1.40687, 1.56827, 1.77635, 1.15077, 1.15089, 1.15101, 0.837009, 0.800009, 0, 0, 1.4857, 1.28136, 1.05097, 1.26318, 1.26331, 0, 0.76839, 1.1942, 0.903773, 0.903869, 0.785758, 0, 0, 0,
1.30749, 1.59415, 1.59237, 1.44228, 1.87573, 1.00945, 0.706154, 1.0127, 1.01138, 0, 0, 0, 0, 0, 0.976113, 1.0035, 0.873705, 0.97157, 0.969776, 0, 0.818215, 0.912363, 0.832961, 0.831526, 1.35497, 1.07386, 1.09168, 1.08989, 1.08854, 0, 0.905473, 0.877341, 0.875547, 1.05594, 0.985014, 0.926148, 0.781029, 0.926249, 0, 0, 0, 0, 0, 0, 1.07512, 1.35953, 1.66587, 2.4807, 2.4794, 2.1308, 1.73197, 1.31403, 0, 0, 0, 0, 0, 0, 0, 0, 0, 0, 0, 1.10698, 1.10555, 1.15414, 1.4715, 1.4701, 0, 0, 0, 0, 0, 1.02693, 1.43556, 1.43413, 1.42788, 1.42607, 0, 0, 0, 0, 0, 0, 1.07866, 2.07738, 1.85556, 1.85421, 1.85287, 0.850747, 0, 0, 1.55115, 1.54936, 1.54756, 1.54613, 1.02943, 0, 0, 0, 0, 0, 0, 0, 0, 0, 0, 0, 0, 0, 1.37802, 2.37616, 2.37437, 1.80802, 1.90646, 0.927412, 0, 0, 0, 1.05565, 1.05439, 1.4783, 1.50532, 1.73217, 0.730765, 0.729106, 0, 0, 0, 0, 0, 0, 0, 1.03581, 1.03401, 0.769986, 1.05885, 2.05823, 2.03161, 2.45549, 2.45419, 1.50701, 0, 0, 0, 0, 0, 0.964667, 0.962514, 1.29204, 1.29025, 1.28881, 1.28666, 1.28451, 1.16437, 1.53142, 1.52998, 0, 0.816213, 0, 1.01771, 1.01627, 1.27707, 0.985494, 0.98379, 0, 0, 0, 0, 0, 0, 0, 0, 0.917996, 1.91701, 1.91608, 2.70218, 2.7008, 1.69832, 0, 0.958172, 0, 0, 0, 0, 0, 0, 0, 0, 0, 0, 0, 0, 0, 0, 0, 0, 0, 0, 0, 0, 0, 0, 1.11649, 1.04756, 1.04577, 1.18053, 1.17909, 0, 0, 0, 0, 0, 0, 0, 0, 0, 0, 0, 0, 0, 0.789912, 0.788656, 0, 0, 0.7409, 0, 0, 0, 0, 0, 0, 0, 0, 0, 0, 0, 0, 1.04474, 1.0425, 1.27514, 1.30216, 1.30072, 0, 0, 0, 0, 0, 0, 0, 0, 0, 0, 0, 0, 0, 0, 0, 0, 0, 1.55597, 1.55373, 1.97807, 1.13744, 1.13563, 0, 0, 0, 0, 0, 0, 0, 0, 0, 0, 0, 0.833337, 0.831095, 0.829301, 1.22914, 0.988429, 0, 0, 0, 0, 0, 0, 0, 0, 0, 0, 0, 0, 0, 0, 0, 0, 0.9064, 0.785478, 0.783803, 0, 0, 0, 0, 0, 0, 0, 0, 0, 0, 0, 0, 0, 0, 0, 0, 0, 0, 0, 0, 0, 0, 0, 0, 0, 0, 0, 0, 0, 0, 0, 0, 0, 0, 0, 0, 0, 0, 0, 0, 0, 0, 0, 0, 0, 0, 0, 0, 0, 0, 0, 0, 0, 0.744184, 0.743287, 0.822972, 1.82109, 1.98041, 1.68492, 2.26393, 2.35249, 1.59959, 1.57573, 0.866596, 0, 0, 0, 0, 0, 0, 0, 0, 0, 0, 0, 0, 0, 0, 0, 0, 0, 0, 0, 0, 0, 0, 0.734992, 0, 0, 0, 0, 0, 0, 0, 0, 0, 0, 0, 0, 0, 0, 0, 0, 0, 0, 0, 0, 0, 0, 0, 0, 0, 0, 0, 0, 0, 0, 0, 0, 0, 0, 0, 0, 0, 0, 0, 0, 0, 0, 0, 0, 0, 0.752163, 0.751102, 0, 0.776862, 0.983352, 0, 0, 0, 0, 0, 0, 0, 0, 0, 0, 0, 0, 0, 0, 0, 0, 0, 0, 0, 0, 0,
1.29667, 1.4557, 1.45946, 1.46232, 1.46293, 0, 0, 0, 0, 0, 0, 0, 0, 0, 0, 0, 0, 0, 0, 0, 0, 0, 0, 0, 0.762017, 0, 0, 0, 0, 0, 0, 0, 0, 0, 0, 0, 0, 0, 0, 0, 0, 0, 0, 0, 0, 0.884017, 1.19458, 1.89064, 1.89344, 1.73242, 1.41294, 1.38237, 0, 0, 0, 0, 0, 0, 0, 0, 0, 0, 0, 1.44156, 1.44545, 1.39739, 1.48059, 1.48345, 0, 0, 0, 0, 0, 1.41808, 1.83296, 1.83685, 1.83558, 1.83946, 0.907468, 0, 0, 0, 0, 0, 0.795714, 1.79962, 1.59825, 1.60112, 1.60399, 1.318, 0, 0, 1.45593, 1.45975, 1.46358, 1.46816, 1.53858, 0, 1.00935, 1.01298, 1.11268, 1.0676, 1.15706, 0.842709, 0.84653, 0.736808, 0.741585, 0, 0.902978, 0.906799, 1.7702, 2.77162, 2.77544, 2.41042, 2.51439, 1.5409, 0, 0.808089, 0.810382, 0.964525, 0.968251, 1.39699, 1.44532, 1.44812, 1.39179, 1.3946, 1.11104, 0.941542, 0, 0, 0.947912, 0.739179, 0.743001, 1.03605, 1.03988, 0.780548, 1.05612, 2.05758, 2.03475, 2.21495, 2.21775, 2.1954, 1.37783, 1.11706, 0.843764, 0.736826, 0.739883, 1.74358, 1.74663, 2.08408, 2.08791, 2.09179, 1.38491, 1.38892, 1.27397, 1.64698, 1.65061, 1.365, 1.58119, 1.15932, 1.79313, 1.79772, 2.06281, 1.85472, 1.85777, 0.860894, 0.864715, 0, 0.798222, 0.80128, 0.805292, 0.974508, 0.918593, 1.11434, 2.11596, 2.11857, 2.92493, 2.92773, 2.64175, 1.64854, 1.91581, 0.919758, 1.38658, 1.39021, 1.45576, 1.28703, 1.29085, 0.845025, 0.848846, 0, 0.881687, 1.04522, 1.04809, 1.05191, 1.10971, 1.06546, 0.854946, 1.22685, 1.23067, 1.34892, 1.35255, 1.35637, 1.19937, 2.20306, 2.14013, 2.14395, 2.28435, 2.28824, 1.29021, 1.11723, 1.12105, 0.957353, 0.96041, 0.964231, 1.04158, 1.22618, 1.23019, 1.2342, 1.27431, 1.07263, 0.964974, 1.24141, 1.24485, 1.09859, 1.10241, 1.22824, 0.942641, 0.947227, 0.951048, 1.12688, 1.00774, 1.27425, 1.27884, 1.3593, 1.27456, 1.32608, 1.38172, 1.38554, 1.58718, 1.59182, 1.82978, 1.87811, 1.88174, 1.59613, 1.81155, 1.38969, 1.10732, 1.11095, 1.21434, 1.07903, 1.08362, 1.08744, 1.32306, 1.1539, 1.15772, 1.16154, 1.16536, 0.937188, 1.23024, 1.23406, 2.23644, 2.24122, 2.66971, 2.54428, 2.54816, 1.75262, 1.90269, 1.62649, 1.34675, 1.56848, 1.57249, 1.59527, 1.45171, 1.45554, 1.59401, 2.02941, 2.12741, 2.13219, 2.13601, 2.27401, 1.94264, 1.42786, 1.43149, 1.63071, 1.57675, 1.4218, 1.68976, 1.69256, 1.48403, 1.34839, 1.35221, 1.1959, 1.19896, 1.52262, 1.52549, 2.04778, 2.14872, 2.15261, 2.03667, 2.03953, 1.95044, 2.09001, 1.68542, 1.55923, 1.56152, 1.68295, 1.46769, 1.59718, 1.60062, 1.75552, 1.5648, 1.56671, 1.50847, 1.62476, 1.50325, 1.90415, 2.16356, 2.11016, 2.00084, 2.00466, 1.80886, 1.39254, 1.39636, 1.52735, 1.53117, 1.50806, 1.51188, 1.5157, 1.51018, 1.51304, 1.44587, 1.45571, 1.45953, 1.21778, 1.22008, 1.51275, 1.51112, 1.76584, 1.76966, 1.77348, 1.48731, 1.49113, 1.24482, 1.29326, 1.29708, 1.30167, 1.30549, 1.6778, 1.63643, 1.63834, 1.98412, 1.98756, 1.62117, 1.8976, 1.90098, 2.00101, 3.00415, 3.00702, 2.88113, 3.46661, 3.56078, 2.81373, 2.79755, 2.80118, 1.80417, 1.79901, 1.80283, 1.61737, 1.91119, 1.91577, 1.63178, 1.83049, 1.83387, 1.82628, 1.8301, 1.91483, 1.95931, 1.96313, 1.85397, 1.93823, 1.82445, 1.60299, 1.78768, 1.7915, 1.57473, 1.85301, 2.06769, 1.90465, 1.90771, 1.91134, 1.73065, 1.7891, 1.79293, 1.79675, 1.80057, 1.7778, 1.54072, 1.54454, 1.77287, 2.2953, 2.24222, 2.41836, 2.42218, 2.29364, 1.91351, 2.21783, 1.99104, 1.87879, 1.88242, 2.12645, 2.04942, 1.85817, 1.86142, 1.86524, 1.77751, 2.66024, 2.66329, 2.66692, 2.92847, 2.78026, 1.78705, 1.92472, 1.92777, 1.72329, 1.72711, 1.95849, 1.84512, 1.84895, 1.80297, 1.93828, 2.05731, 2.05922, 2.33565, 2.33941, 2.22575, 2.39009, 2.53558, 2.62142, 2.62524, 2.62906, 2.29429, 2.30327, 2.04404, 2.04786, 2.32614, 2.12542, 1.91266, 2.11137, 2.11551, 2.11981, 2.21514, 2.58592, 2.4963, 2.50019, 2.38573, 2.08112, 1.84196, 2.08866,
1.35339, 1.46299, 1.45937, 1.45629, 1.48402, 0, 0, 0, 0, 0, 0, 0, 0, 0, 0, 0.712702, 0, 0, 0, 0, 0, 0, 0, 0, 0, 0, 0, 0, 0, 0, 0, 0, 0, 0, 0, 0, 0, 0, 0, 0, 0, 0, 0, 0, 0, 0, 0, 1.37592, 1.37303, 1.2399, 1.14466, 1.13601, 0, 0, 0, 0, 0, 0, 0, 0, 0, 0, 0, 1.09106, 1.08801, 0.941954, 1.15487, 1.15179, 0, 0, 0, 0, 0, 0.880026, 0.956511, 0.95251, 0.941787, 0.937786, 0, 0, 0, 0, 0, 0, 0, 0, 0, 0, 0, 0, 0, 0, 0.922695, 0.918884, 0.915073, 0.91123, 0.812906, 0, 0, 0, 0, 0, 0, 0, 0, 0, 0, 0, 0, 0, 0.970167, 1.04784, 1.04403, 0.799156, 0.876132, 0, 0, 0, 0, 0, 0, 0, 0, 0, 0, 0, 0, 0, 0, 0, 0, 0, 0, 0, 0, 0, 0, 0, 0, 0, 0, 0, 0, 0, 0, 0, 0, 0, 0, 0, 0, 0, 0, 0, 0, 0, 0, 0, 0, 0, 0.947051, 0.943208, 1.1035, 0, 0, 0, 0, 0, 0, 0, 0, 0, 0, 0, 0, 0, 0.865316, 0.862394, 0, 0, 0, 0, 0, 0, 0, 0, 0, 0, 0, 0, 0, 0, 0, 0, 0, 0, 0, 0, 0, 0, 0, 0, 0, 0.727965, 0, 0, 0, 0, 0, 0, 0, 0, 0, 0, 0, 0, 0, 0, 0, 0, 0, 0, 0, 0, 0, 0, 0, 0, 0, 0, 0, 0, 0, 0, 0, 0, 0, 0, 0, 0, 0, 0, 0, 0, 0, 0, 0, 0, 0, 0, 0, 0, 0, 0, 0, 0, 0, 0, 0, 0, 0, 0, 0, 0, 0, 0, 0, 0, 0, 0, 0, 0, 0, 0, 0, 0, 0, 0, 0, 0, 0, 0, 0, 0, 0, 0, 0, 0, 0, 0, 0, 0, 0, 0, 0, 0, 0, 0, 0, 0, 0, 0, 0, 0, 0, 0, 0, 0, 0, 0, 0, 0, 0, 0, 0, 0, 0, 0, 0, 0, 0, 0, 0, 0, 0, 0, 0, 0, 0, 0, 0, 0, 0, 0, 0, 0, 0, 0, 0, 0, 0, 0, 0, 0, 0, 0, 0, 0, 0, 0, 0, 0, 0, 0, 0, 0, 0, 0, 0, 0, 0, 0, 0, 0, 0, 0, 0, 0, 0, 0, 0, 0, 0, 0, 0, 0, 0, 0, 0, 0, 0, 0, 0, 0, 0, 0, 0, 0, 0, 0, 0, 0, 0, 0, 0, 0, 0, 0, 0, 0, 0, 0, 0, 0, 0, 0, 0, 0, 0, 0, 0, 0, 0, 0, 0, 0, 0, 0, 0, 0, 0, 0, 0, 0, 0, 0, 0, 0, 0, 0, 0, 0, 0, 0, 0, 0, 0, 0, 0, 0, 0, 0, 0, 0, 0, 0, 0, 0, 0, 0, 0, 0, 0, 0, 0, 0, 0, 0,
1.25004, 1.2503, 1.25051, 1.25076, 1.28175, 0, 0, 0, 0, 0, 0, 0, 0, 0, 0, 0, 0, 0, 0, 0, 0, 0, 0, 0, 0, 0, 0, 0, 0, 0, 0, 0, 0, 0, 0, 0, 0, 0, 0, 0, 0, 0, 0, 0, 0, 0, 0, 1.30206, 1.30226, 1.26262, 1.26292, 1.25834, 0, 0, 0, 0, 0, 0, 0, 0, 0, 0, 0, 1.33166, 1.33196, 1.18993, 1.22737, 1.22763, 0, 0, 0, 0, 0, 1.08768, 1.09661, 1.09691, 1.09718, 1.09748, 0, 0, 0, 0, 0, 0, 0, 0, 0, 0, 0, 0, 0, 0, 1.27299, 1.27324, 1.27349, 1.27376, 1.1795, 0, 0, 0, 0, 0, 0, 0, 0, 0, 0, 0, 0, 0, 1.20425, 1.20456, 1.20481, 1.10892, 1.10912, 0, 0, 0, 0, 0, 0, 0.745829, 0.746031, 0.746238, 0, 0, 0, 0, 0, 0, 0, 0, 0, 0, 0, 0, 0, 0, 0, 0.749895, 0.750096, 0, 0, 0, 0, 0, 0, 1.10076, 1.10102, 1.14867, 1.14893, 1.14923, 0, 0, 0.753688, 0.753941, 0.754198, 0, 0.987071, 0, 1.56181, 1.56208, 1.56228, 1.25712, 1.25737, 0, 0, 0, 0, 0, 0, 0, 0, 0.839418, 0.839538, 0.839681, 1.33318, 1.33338, 1.12425, 1.04275, 1.11797, 0, 0, 0, 0, 0, 0, 0, 0, 0, 0, 0, 0, 0, 0, 0, 0, 0, 0, 0, 0, 0, 0, 1.18127, 1.07252, 1.07278, 1.12456, 1.12487, 0, 0, 0, 0, 0, 0, 0, 0, 0, 0, 0, 0, 0, 0, 0, 0, 0, 0, 0, 0, 0, 0, 0, 0, 0, 0, 0, 0, 0, 0, 0, 0, 0.774493, 0.774695, 0.774953, 0, 1.00781, 0, 0, 0, 0, 0, 0, 0, 0, 0, 0, 0, 0, 0, 0, 0, 0, 0, 0.780015, 0, 0, 0, 0.739956, 0, 0, 0, 0, 0, 0, 0, 0, 0, 0.882743, 0.882984, 0.883237, 0.820197, 0.8204, 0, 0, 0, 0, 0, 0, 0, 0, 0, 0, 0, 0, 0, 0, 0.786902, 0, 0.887909, 0.888162, 0.888415, 0, 0, 0, 0, 0, 0, 0, 0, 0, 0, 0, 0, 0, 0, 0, 0, 0.701202, 0.701506, 0.701759, 0.702012, 0, 0, 0, 0, 0, 0, 0, 0, 0, 0, 0, 0, 0, 0, 0, 0, 0, 0, 0, 0, 0, 0, 0, 0, 0, 0, 0, 0, 0, 0, 0, 0, 0, 0, 0, 0.801959, 0.802212, 0.802463, 0.762876, 1.38316, 1.33753, 1.33773, 1.33799, 1.18073, 0, 0, 0, 0, 0, 0, 0, 0.886868, 0.887012, 0, 0, 0, 0, 0, 0, 0, 0, 0, 0, 0, 0, 0, 0, 0, 0, 0, 0, 0, 0, 0, 0, 0, 0, 0, 0, 0, 0, 0.70267, 0.844512, 0.844811, 0, 0, 0, 0, 0, 0, 0, 0, 0, 0, 0, 0, 0, 0, 0, 0, 0, 0, 0, 0, 0, 0, 0, 0, 0, 0, 0, 0, 0, 0, 0, 0.914657, 0.914857, 0.776025, 0.776278, 0.776531, 0, 0, 0, 0, 0, 0, 0, 0.905471, 0.905628, 0, 0, 1.05759, 0, 0, 0, 0, 0, 0,
0, 0, 0, 0, 0, 0, 0, 0, 0, 0, 0, 0, 0, 0, 0, 0, 0, 0, 0, 0, 0, 0, 0, 0, 0, 0, 0, 0, 0, 0, 0, 0, 0, 0, 0, 0, 0, 0, 0, 0, 0, 0, 0, 0, 0, 0, 0, 0, 0, 0, 0, 0, 0, 0, 0, 0, 0, 0, 0, 0, 0, 0, 0, 0, 0, 0, 0, 0, 0, 0, 0, 0, 0, 0, 0, 0, 0, 0, 0, 0, 0, 0, 0, 0, 0, 0, 0, 0, 0, 0, 0, 0, 0, 0, 0, 0, 0, 0, 0, 0, 0, 0, 0, 0, 0, 0, 0, 0, 0, 0, 0, 0, 0, 0, 0, 0, 0, 0, 0, 0, 0, 0, 0, 0, 0, 0, 0, 0, 0, 0, 0.709804, 0, 0, 0, 0, 0, 0, 0, 0, 0, 0, 0, 0, 0, 0, 0, 0, 0, 0, 0, 0, 0, 0, 0, 0, 0, 0, 0, 0.783122, 0, 0.713574, 0.714438, 0.731692, 0, 0, 0, 0, 0, 1.30822, 1.30909, 1.3098, 1.64099, 1.64131, 0.806569, 0.80703, 0.807534, 0, 0, 0, 0, 0, 0, 0, 0, 0, 0, 0, 0, 0, 0, 0, 0, 0, 0, 0, 0, 0, 0, 0, 0, 0, 0, 0, 0, 0, 0, 0, 0, 0, 0, 0, 0, 0, 0, 0, 0, 0, 0, 0, 0, 0, 0, 0, 0, 0, 0, 0, 0, 0, 0, 0, 0, 0, 0, 0, 0, 0, 0, 0, 0, 0, 0, 0, 0, 0.841866, 0.754415, 0, 0, 0.768976, 0, 0, 0, 0, 0, 0, 0, 0, 0, 0, 0, 0, 0, 0, 0, 0, 0, 0, 0, 0, 0, 0, 0, 0, 0, 0, 0, 0, 0, 0, 0, 0, 0, 0, 0, 0, 0, 0, 0, 0, 0, 0, 0, 0, 0, 0, 0, 0, 0, 0, 0, 0, 0, 0, 0, 0, 0, 0, 0, 0, 0, 0, 0, 0, 0, 0, 0.723925, 0.724573, 0.725094, 0, 0, 0, 0, 0, 0, 0, 0, 0, 0, 0, 0, 0, 0, 0, 0, 0, 0, 0, 0.738692, 0.739412, 0.740133, 0, 0, 0, 0, 0, 0, 0, 0, 0, 0, 0, 0, 0, 0.704941, 0.705589, 0.704259, 0.705008, 0.706025, 0.706827, 0.707655, 0, 0, 0, 0, 0, 0, 0, 0, 0, 0, 0, 0.941497, 0.942145, 0.875044, 0.875764, 0.876412, 0, 0, 0, 0.701334, 0.702234, 0, 0.743088, 0.743808, 0, 0, 0, 0, 0, 0, 0, 0, 0, 0, 0, 0, 0, 0, 0, 0, 0, 0, 0, 0, 0, 0, 0, 0, 0, 0, 0, 0, 0, 0, 0, 0, 0, 0, 0, 0, 0, 0, 0, 0, 0, 0, 0, 0, 0, 0, 0, 0, 0, 0, 0, 0, 0, 0, 0, 0, 0, 0, 0, 0, 0.708479, 0.709082, 0, 0.994417, 0.995209, 0.910638, 0.911525, 0.983948, 0, 0, 0, 0, 0, 0,
0, 0, 0, 0, 0, 0, 0, 0, 0, 0, 0, 0, 0, 0, 0, 0, 0, 0, 0, 0, 0, 0, 0, 0, 0, 0, 0, 0, 0, 0, 0, 0, 0, 0, 0, 0, 0, 0, 0, 0, 0, 0, 0, 0, 0, 0, 0, 0, 0, 0, 0, 0, 0, 0, 0, 0, 0, 0, 0, 0, 0, 0, 0, 0, 0, 0, 0, 0, 0, 0, 0, 0, 0, 0, 0, 0, 0, 0, 0, 0, 0, 0, 0, 0, 0, 0, 0, 0, 0, 0, 0, 0, 0, 0, 0, 0, 0, 0, 0, 0, 0, 0, 0, 0, 0, 0, 0, 0, 0, 0, 0, 0, 0, 0, 0, 0, 0, 0, 0, 0, 0, 0, 0, 0, 0, 0, 0, 0, 0, 0, 0.724615, 0, 0, 0, 0, 0, 0, 0, 0, 0, 0, 0, 0, 0, 0, 0, 0, 0, 0, 0, 0, 0, 0, 0, 0, 0, 0, 0, 0.801234, 0, 0.731861, 0.732869, 0.750235, 0, 0, 0, 0, 0, 1.32746, 1.32846, 1.32931, 1.66054, 1.661, 0.826313, 0.826851, 0.827446, 0, 0, 0, 0, 0, 0, 0, 0, 0, 0, 0, 0, 0, 0, 0, 0, 0, 0, 0, 0, 0, 0, 0, 0, 0, 0, 0, 0, 0, 0, 0, 0, 0, 0, 0, 0, 0, 0, 0, 0, 0, 0, 0, 0, 0, 0, 0, 0, 0, 0, 0, 0, 0, 0, 0, 0, 0, 0, 0, 0, 0, 0, 0, 0, 0, 0, 0, 0, 0.86977, 0.78242, 0.720225, 0.721023, 0.797257, 0, 0, 0, 0, 0, 0, 0, 0, 0, 0, 0, 0, 0, 0, 0, 0, 0, 0, 0, 0, 0, 0, 0, 0, 0, 0, 0, 0, 0, 0, 0, 0, 0, 0, 0, 0, 0, 0, 0, 0, 0, 0, 0, 0, 0, 0, 0, 0, 0.726505, 0, 0, 0, 0, 0, 0, 0, 0, 0, 0, 0, 0, 0, 0, 0, 0, 0, 0.759912, 0.760556, 0.761276, 0, 0, 0, 0, 0, 0, 0, 0, 0, 0, 0, 0, 0, 0, 0, 0, 0, 0, 0, 0.777199, 0.778039, 0.778879, 0, 0, 0, 0, 0, 0, 0, 0, 0, 0, 0, 0, 0, 0.745124, 0.74581, 0.744686, 0.74556, 0.746714, 0.747622, 0.748616, 0.703387, 0.704319, 0, 0, 0, 0, 0, 0, 0, 0, 0, 0.983729, 0.984492, 0.917479, 0.918319, 0.918963, 0, 0, 0, 0.744543, 0.745565, 0, 0.786627, 0.787467, 0, 0.726473, 0.727242, 0, 0, 0, 0, 0, 0, 0, 0, 0, 0, 0, 0, 0, 0, 0, 0.726984, 0.728034, 0.728248, 0.733916, 0, 0, 0, 0.704474, 0.707026, 0, 0, 0, 0, 0, 0, 0, 0, 0, 0, 0, 0, 0, 0, 0, 0, 0, 0, 0, 0, 0, 0.724942, 0.725712, 0.715609, 0.710936, 0.712333, 0, 0, 0, 0, 0, 0, 0, 0.75922, 0.759923, 0, 1.04547, 1.0464, 0.961917, 0.962868, 1.03538, 0.738182, 0.739064, 0, 0, 0, 0,
0, 0, 0, 0, 0, 0, 0, 0, 0, 0, 0, 0, 0, 0, 0, 0, 0, 0, 0, 0, 0, 0, 0, 0, 0, 0, 0, 0, 0, 0, 0, 0, 0, 0, 0, 0, 0, 0, 0, 0, 0, 0, 0, 0, 0, 0, 0, 0, 0, 0, 0, 0, 0, 0, 0, 0, 0, 0, 0, 0, 0, 0, 0, 0, 0, 0, 0, 0, 0, 0, 0, 0, 0, 0, 0, 0, 0, 0, 0, 0, 0, 0, 0, 0, 0, 0, 0, 0, 0, 0, 0, 0, 0, 0, 0, 0, 0, 0, 0, 0, 0, 0, 0, 0, 0, 0, 0, 0, 0, 0, 0, 0, 0, 0, 0, 0, 0, 0, 0, 0, 0, 0, 0, 0, 0, 0, 0, 0, 0, 0, 0, 0, 0, 0, 0, 0, 0, 0, 0, 0, 0, 0, 0, 0, 0, 0, 0, 0, 0, 0, 0, 0, 0, 0, 0, 0, 0, 0, 0, 0, 0, 0, 0, 0, 0, 0, 0, 0, 0, 0, 0, 0, 0, 0, 0, 0, 0, 0, 0, 0, 0, 0, 0, 0, 0, 0, 0, 0, 0, 0, 0, 0, 0, 0, 0, 0, 0, 0, 0, 0, 0, 0, 0, 0, 0, 0, 0, 0, 0, 0, 0, 0, 0, 0, 0, 0, 0, 0, 0, 0, 0, 0, 0, 0, 0, 0, 0, 0, 0, 0, 0, 0, 0, 0, 0, 0, 0, 0, 0, 0, 0, 0, 0, 0, 0, 0, 0, 0, 0, 0, 0, 0, 0, 0, 0, 0, 0, 0, 0, 0, 0, 0, 0, 0, 0, 0, 0, 0, 0, 0, 0, 0, 0, 0, 0, 0, 0, 0, 0, 0, 0, 0, 0, 0, 0, 0, 0, 0, 0, 0, 0, 0, 0, 0, 0, 0, 0, 0, 0, 0, 0, 0, 0, 0, 0, 0, 0, 0, 0, 0, 0, 0, 0, 0, 0, 0, 0, 0, 0, 0, 0, 0, 0, 0, 0, 0, 0, 0, 0, 0, 0, 0, 0, 0, 0, 0, 0, 0, 0, 0, 0, 0, 0, 0, 0, 0, 0, 0, 0, 0, 0, 0, 0, 0, 0, 0, 0, 0, 0, 0, 0, 0, 0, 0, 0, 0, 0, 0, 0, 0, 0, 0, 0, 0, 0, 0, 0, 0, 0, 0, 0, 0, 0, 0, 0, 0, 0, 0, 0, 0, 0, 0, 0, 0, 0, 0, 0, 0, 0, 0, 0, 0, 0, 0, 0, 0, 0, 0, 0, 0, 0, 0, 0, 0, 0, 0, 0, 0, 0, 0, 0, 0, 0, 0, 0, 0, 0, 0, 0, 0, 0, 0, 0, 0, 0, 0, 0, 0, 0, 0, 0, 0, 0, 0, 0, 0, 0, 0, 0, 0, 0, 0, 0, 0, 0, 0, 0, 0,
0, 0, 0, 0, 0, 0, 0, 0, 0, 0, 0, 0, 0, 0, 0, 0, 0, 0, 0, 0, 0, 0, 0, 0, 0, 0, 0, 0, 0, 0, 0, 0, 0, 0, 0, 0, 0, 0, 0, 0, 0, 0, 0, 0, 0, 0, 0, 0, 0, 0, 0, 0, 0, 0, 0, 0, 0, 0, 0, 0, 0, 0, 0, 0, 0, 0, 0, 0, 0, 0, 0, 0, 0, 0, 0, 0, 0, 0, 0, 0, 0, 0, 0, 0, 0, 0, 0, 0, 0, 0, 0, 0, 0, 0, 0, 0, 0, 0, 0, 0, 0, 0, 0, 0, 0, 0, 0, 0, 0, 0, 0, 0, 0, 0, 0, 0, 0, 0, 0, 0, 0, 0, 0, 0, 0, 0, 0, 0, 0, 0, 0, 0, 0, 0, 0, 0, 0, 0, 0, 0, 0, 0, 0, 0, 0, 0, 0, 0, 0, 0, 0, 0, 0, 0, 0, 0, 0, 0, 0, 0, 0, 0, 0, 0, 0, 0, 0, 0, 1.25102, 1.25232, 1.25345, 1.37532, 1.37593, 0.741006, 0.741698, 0.742463, 0, 0, 0, 0, 0, 0, 0, 0, 0, 0, 0, 0, 0, 0, 0, 0, 0, 0, 0, 0, 0, 0, 0, 0.742371, 0.74347, 0.74455, 0, 0, 0, 0, 0, 0, 0, 0, 0, 0, 0, 0, 0, 0, 0, 0, 0, 0, 0, 0, 0, 0, 0, 0, 0, 0, 0, 0, 0, 0, 0, 0, 0, 0, 0, 0, 0, 0, 0, 0, 0, 0, 0.720464, 0, 0, 0, 0, 0, 0, 0, 0, 0, 0, 0, 0, 0, 0, 0, 0, 0, 0, 0, 0, 0, 0, 0, 0, 0, 0, 0, 0, 0, 0, 0, 0, 0, 0, 0, 0, 0, 0, 0, 0.734009, 0.735039, 0.832172, 0.833414, 0.834458, 0, 0, 0, 0, 0.79579, 0.797032, 0.798112, 0.721121, 0.801449, 0, 0, 0, 0, 0, 0, 0, 0, 0, 0, 0, 0, 0, 0, 0, 0.721972, 0.722068, 0.722927, 0.724426, 0.71783, 0, 0, 0, 0, 0, 0.784537, 0.785617, 0.72326, 0.72434, 0.72542, 0, 0, 0, 0, 0, 0, 0, 0, 0, 0, 0, 0, 0, 0, 0, 0, 0, 0, 0, 0, 0, 0, 0, 0, 0, 0.832733, 0.833615, 0.789933, 0.791057, 0.806077, 0.750183, 0.751299, 0.811725, 0.812681, 0.78633, 0.787428, 0.788733, 0, 0, 0, 0.716073, 0.717207, 0, 0.943398, 0.944379, 0.749502, 0.750582, 0.810109, 0, 0, 0, 0, 0, 0, 0, 0, 0, 0.798283, 0.799271, 0.727659, 0.728955, 0.730044, 0, 0, 0, 0, 0, 0, 0, 0, 0, 0, 0, 0.747565, 0.748645, 0.749586, 0.749217, 0.867729, 0.831069, 0.773419, 0.774517, 0.839456, 0.827213, 0.822283, 0.823795, 0.824875, 0.771985, 0, 0, 0, 0.869836, 0.710989, 0.70965, 0.818549, 0.819845, 0, 0, 0, 0, 0, 0, 0, 0.728388, 0.72918, 0.807644, 0.808733, 0.80821, 0.794385, 0.796244, 0.865938, 0.867018, 0.868098, 0.90745, 0.910521, 0.79259, 0.79367, 0.847691, 0.845772, 0.733733, 1.02278, 1.02398, 0.838802, 0.85499, 0.933406, 0.725754, 0.726816, 0.721987, 0, 0, 0.711863,
0, 0, 0, 0, 0, 0, 0, 0, 0, 0, 0, 0, 0, 0, 0, 0.727578, 0, 0, 0, 0, 0, 0, 0, 0, 0, 0, 0, 0, 0, 0, 0, 0, 0, 0, 0, 0, 0, 0, 0, 0, 0, 0, 0, 0, 0, 0, 0, 0, 0, 0, 0, 0, 0, 0, 0, 0, 0, 0, 0, 0, 0, 0, 0, 0, 0, 0, 0, 0, 0, 0, 0, 0, 0, 0, 0, 0, 0, 0, 0, 0, 0, 0, 0, 0, 0, 0, 0, 0, 0, 0, 0, 0, 0, 0, 0, 0, 0, 0, 0, 0, 0, 0, 0, 0, 0, 0, 0, 0, 0, 0, 0, 0, 0, 0, 0, 0, 0, 0, 0, 0, 0, 0, 0, 0, 0, 0, 0, 0, 0, 0, 0, 0, 0, 0, 0, 0, 0, 0, 0, 0, 0, 0, 0, 0, 0, 0, 0, 0, 0, 0, 0, 0, 0, 0, 0, 0, 0, 0, 0, 0, 0, 0, 0, 0, 0, 0, 0, 0, 0, 0, 0, 0, 0, 0, 0, 0, 0, 0, 0, 0, 0, 0, 0, 0, 0, 0, 0, 0, 0, 0, 0, 0, 0, 0, 0, 0, 0, 0, 0, 0, 0, 0, 0, 0, 0, 0, 0, 0, 0, 0, 0, 0, 0, 0, 0, 0, 0, 0, 0, 0, 0, 0, 0, 0, 0, 0, 0, 0, 0, 0, 0, 0, 0, 0, 0, 0, 0, 0, 0, 0, 0, 0, 0, 0, 0, 0, 0, 0, 0, 0, 0, 0, 0, 0, 0, 0, 0, 0, 0, 0, 0, 0, 0, 0, 0, 0, 0, 0, 0, 0, 0, 0, 0, 0, 0, 0, 0, 0, 0, 0, 0, 0, 0, 0, 0, 0, 0, 0, 0, 0, 0, 0, 0, 0, 0, 0, 0, 0, 0, 0, 0, 0, 0, 0, 0, 0, 0, 0, 0, 0, 0, 0, 0, 0, 0, 0, 0, 0, 0, 0, 0, 0, 0, 0, 0, 0, 0, 0, 0, 0, 0, 0, 0, 0, 0, 0, 0, 0, 0, 0, 0, 0, 0, 0, 0, 0, 0, 0, 0, 0, 0, 0, 0, 0, 0, 0, 0, 0, 0, 0, 0, 0, 0, 0, 0, 0, 0, 0, 0, 0, 0, 0, 0, 0, 0, 0, 0, 0, 0, 0, 0, 0, 0, 0, 0, 0, 0, 0, 0, 0, 0, 0, 0, 0, 0, 0, 0, 0, 0, 0, 0, 0, 0, 0, 0, 0, 0, 0, 0, 0, 0, 0, 0, 0, 0, 0, 0, 0, 0, 0, 0, 0, 0, 0, 0, 0, 0, 0, 0, 0, 0, 0, 0, 0, 0, 0, 0, 0, 0, 0, 0, 0, 0, 0, 0, 0, 0, 0, 0, 0, 0, 0, 0, 0, 0, 0, 0, 0,
0, 0, 0, 0, 0, 0, 0, 0, 0, 0, 0, 0, 0, 0, 0.702294, 0.703972, 0, 0, 0, 0, 0, 0, 0, 0, 0, 0, 0, 0, 0, 0, 0, 0, 0, 0, 0, 0, 0, 0, 0, 0, 0, 0, 0, 0, 0, 0, 0, 0, 0, 0, 0, 0, 0, 0, 0, 0, 0, 0, 0, 0, 0, 0, 0, 0, 0, 0, 0, 0, 0, 0, 0, 0, 0, 0, 0, 0, 0, 0, 0, 0, 0, 0, 0, 0, 0, 0, 0, 0, 0, 0, 0, 0, 0, 0, 0, 0, 0.702479, 0, 0.957578, 0.958964, 0.959822, 0.709002, 0.7103, 0, 0, 0, 0, 0, 0, 0, 0, 0, 0, 0, 0, 0, 0, 0, 0, 0, 0, 0, 0, 0, 0, 0, 0, 0, 0, 0, 0, 0, 0, 0, 0, 0, 0, 0, 0, 0, 0, 0, 0, 0, 0, 0, 0, 0, 0, 0, 0, 0, 0, 0, 0, 0, 0, 0, 0, 0, 0, 0, 0, 0, 0, 0, 0, 0, 0, 0, 0, 0, 0, 0, 0, 0, 0, 0, 0, 0, 0, 0, 0.760333, 0.761719, 0.972091, 0.973031, 0.974351, 0, 0, 0, 0, 0.816184, 0.817636, 0.818956, 0.820053, 0, 0, 0, 0, 0.742178, 0.743564, 0.744883, 0, 0.793723, 0, 0, 0, 0, 0, 0.871022, 0.872144, 0, 0.701116, 0.702436, 0, 0, 0, 0, 0.745944, 0.746031, 0, 0.704587, 0.705709, 0, 0, 0.734348, 0, 0, 0, 0.779276, 0, 0.809384, 0.81044, 0.811896, 0, 0.903103, 1.00776, 1.00908, 1.01046, 1.01133, 0.731169, 0.715752, 0.717138, 0, 0, 0, 0, 0, 0, 0, 0, 0, 0, 0, 0, 0, 0, 0, 0, 0, 0.761212, 0.7624, 0.763852, 0, 0, 0, 0, 0.708406, 0.709482, 0.711825, 0.713079, 0, 0, 0, 0, 0, 0, 0, 0, 0.734621, 0.728566, 0, 0, 0, 0, 0, 0.779757, 0.781407, 0.782782, 0, 0, 0, 0, 0.819022, 0.820672, 0.821992, 0.816148, 0.817479, 0, 0, 0, 0, 0, 0, 0, 0.76788, 0.768615, 0.750906, 0.751896, 0.792802, 0.708585, 0.709179, 0.701497, 0.723383, 0.723555, 0.72455, 0.73541, 0.730723, 0.729923, 0.731243, 0.858364, 0.709957, 0.711277, 0.717923, 0.719243, 0.838999, 0.840319, 0.841639, 0.788577, 0.790425, 0, 0.755302, 0.756622, 0, 0, 0.787454, 0, 0.794741, 0.796061, 0.797381, 0, 0, 0, 0, 0, 0, 0, 0, 0, 0, 0.963818, 0.964874, 0.747504, 0.900751, 0.901939, 0.802485, 0.879356, 0.880643, 0.825096, 0.82635, 0.887031, 0.872445, 0.873866, 0.870244, 0.865778, 0.797702, 0.799022, 0, 0.875203, 0.876458, 0.738669, 0.872234, 0.873422, 0.84627, 0.84759, 0.848778, 0.791652, 0.792972, 0.795084, 0.822129, 0.715142, 0, 0.710994, 0.712313, 0, 0.890757, 0.891966, 0.89001, 0.891594, 0.892892, 0.725161, 0.737564, 0.738884, 0.740204, 0.741524, 0.744674, 0, 0, 0.718344, 0.764871, 0.765544, 0.804584, 0.805904, 0.804055, 0.804414, 0.885307, 0.886795, 0.807243, 0.808629, 0.935672, 0.8561, 0.845985, 0.847833, 0.849153, 0.825165, 0.80454, 0.805849, 0.806905, 0.962409, 0.962911, 0.805695, 0.878335, 0.879919, 0.740318, 0.741638, 0.842689, 0.790354, 0.791674, 0.703331, 0.818962, 0.875422, 0.876412, 0.954998, 0.956318, 0.90292, 0.920373, 0.927405, 0.997349, 0.998669, 0.999989, 1.00169, 1.02818, 0.9104, 0.91172, 0.963294, 0.964398, 0.835689, 0.969254, 0.970706, 0.923697, 0.925324, 0.926644, 0.910153, 0.911407, 0.80487, 0.753138, 0.71311, 0.878904,
0, 0, 0, 0, 0, 0, 0, 0, 0, 0, 0, 0, 0, 0, 0.704093, 0.705923, 0, 0, 0, 0, 0, 0, 0, 0, 0, 0, 0, 0, 0, 0, 0, 0, 0, 0, 0, 0, 0, 0, 0, 0, 0, 0, 0, 0, 0, 0, 0, 0, 0, 0, 0, 0, 0, 0, 0, 0, 0, 0, 0, 0, 0, 0, 0, 0, 0, 0, 0, 0, 0, 0, 0, 0, 0, 0, 0, 0, 0, 0, 0, 0, 0, 0, 0, 0, 0, 0, 0, 0, 0, 0, 0, 0, 0, 0, 0, 0, 0.713292, 0, 0.968819, 0.970187, 0.971027, 0.720465, 0.721833, 0, 0, 0, 0, 0, 0, 0, 0, 0, 0, 0, 0, 0, 0, 0, 0, 0, 0, 0, 0, 0, 0, 0, 0, 0, 0, 0, 0, 0, 0, 0, 0, 0, 0, 0, 0, 0, 0, 0, 0, 0, 0, 0, 0, 0, 0, 0, 0, 0, 0, 0, 0, 0, 0, 0, 0, 0, 0, 0, 0, 0, 0, 0, 0, 0, 0, 0, 0, 0, 0, 0, 0, 0, 0, 0, 0, 0, 0, 0, 0.78112, 0.782488, 0.993038, 0.994064, 0.995504, 0, 0, 0, 0, 0.838125, 0.839469, 0.840909, 0.842106, 0, 0, 0, 0, 0.765028, 0.766396, 0.767836, 0, 0.816813, 0, 0, 0, 0, 0, 0.894901, 0.896221, 0.723885, 0.725301, 0.726741, 0, 0, 0, 0, 0.771069, 0.771163, 0, 0.72981, 0.731106, 0, 0, 0.759917, 0, 0, 0, 0.805464, 0, 0.835811, 0.836963, 0.838552, 0, 0.929898, 1.03467, 1.03611, 1.03772, 1.03866, 0.75869, 0.74332, 0.744688, 0, 0, 0, 0, 0, 0.72415, 0, 0, 0, 0, 0, 0, 0, 0, 0, 0, 0, 0.790855, 0.792391, 0.793735, 0.70182, 0.703332, 0, 0.719563, 0.739064, 0.740249, 0.742805, 0.744269, 0, 0, 0, 0.70642, 0.731022, 0, 0, 0, 0.766806, 0.76089, 0, 0, 0.719062, 0.713853, 0.715227, 0.812774, 0.814479, 0.815822, 0.728882, 0.730322, 0, 0, 0.852879, 0.854583, 0.856023, 0.850124, 0.851588, 0, 0, 0, 0.716659, 0.711764, 0, 0, 0.803006, 0.803772, 0.786137, 0.787289, 0.828362, 0.744116, 0.744836, 0.737214, 0.759271, 0.759386, 0.760543, 0.771538, 0.766906, 0.766249, 0.76769, 0.894957, 0.746628, 0.748068, 0.754826, 0.756266, 0.876143, 0.877582, 0.879023, 0.82613, 0.828146, 0.700336, 0.793189, 0.794629, 0, 0, 0.825648, 0.735314, 0.83315, 0.83459, 0.83603, 0, 0, 0, 0, 0, 0, 0, 0.719187, 0, 0, 1.00386, 1.00501, 0.787634, 0.940974, 0.942246, 0.842814, 0.91974, 0.921084, 0.865756, 0.867268, 0.928076, 0.913706, 0.915016, 0.911451, 0.907161, 0.83934, 0.84078, 0, 0.917027, 0.918491, 0.780782, 0.914483, 0.915671, 0.888753, 0.890193, 0.891249, 0.834471, 0.835911, 0.838215, 0.865218, 0.758375, 0.730491, 0.754631, 0.756071, 0, 0.934566, 0.935885, 0.934059, 0.935787, 0.937155, 0.769758, 0.782257, 0.783697, 0.785137, 0.786577, 0.789796, 0, 0, 0.763877, 0.810533, 0.811267, 0.85051, 0.85195, 0.850245, 0.850565, 0.931656, 0.93328, 0.85377, 0.855138, 0.982304, 0.903052, 0.893018, 0.895034, 0.896474, 0.872606, 0.852011, 0.853428, 0.854579, 1.01016, 1.01071, 0.853602, 0.926354, 0.928082, 0.788765, 0.790205, 0.891261, 0.839137, 0.840577, 0.752312, 0.868155, 0.924735, 0.925743, 1.0044, 1.00573, 0.952429, 0.970002, 0.977137, 1.04742, 1.04886, 1.0503, 1.05215, 1.07868, 0.960983, 0.962423, 1.01402, 1.01523, 0.886622, 1.02032, 1.0218, 0.975024, 0.976655, 0.978095, 0.961724, 0.963236, 0.856797, 0.805193, 0.765261, 0.931217,
0, 0, 0, 0, 0, 0, 0, 0, 0, 0, 0, 0.805245, 0, 0, 0.804367, 0.721083, 0, 0, 0, 0, 0, 0, 0, 0, 0, 0, 0, 0, 0, 0, 0, 0, 0, 0, 0, 0, 0, 0, 0, 0, 0, 0, 0, 0, 0, 0, 0, 0, 0, 0, 0, 0, 0, 0, 0, 0, 0, 0, 0, 0, 0, 0, 0, 0, 0, 0, 0, 0, 0, 0, 0, 0, 0, 0, 0, 0, 0, 0, 0, 0, 0, 0, 0, 0, 0, 0, 0, 0, 0, 0, 0, 0, 0, 0, 0, 0, 0, 0, 1.22167, 1.21932, 1.32589, 0.96209, 1.10067, 0, 0, 0, 0, 0, 0, 0, 0, 0, 0, 0, 0, 0, 0, 0, 0, 0, 0, 0, 0, 0, 0, 0, 0, 0, 0, 0, 0, 0, 0, 0, 0, 0, 0, 0, 0, 0, 0, 0, 0, 0, 0, 0, 0, 0, 0, 0, 0, 0, 0, 0, 0, 0, 0, 0, 0, 0, 0, 0, 0, 0, 0, 0, 0, 0, 0, 0, 0, 0, 0, 0, 0, 0, 0, 0, 0, 0, 0, 0, 0.775201, 0.772849, 1.1112, 0.936302, 0.933988, 0, 0, 0, 0, 0, 0, 0, 0, 0, 0, 0, 0, 0.869719, 0.867366, 0.865052, 0, 0.701415, 0, 0, 0, 0, 0, 0, 0, 0, 0, 0, 0, 0, 0, 0, 0, 0, 0, 0, 0, 0, 0, 0, 0, 0, 0, 0, 0, 0, 0, 0, 0, 0, 0, 0, 0, 0, 0, 0, 0, 0, 0, 0, 0, 0, 0, 0, 0, 0, 0, 0, 0, 0, 0, 0, 0, 0, 0, 0, 0, 0, 0, 0, 0, 0, 0, 0, 0, 0, 0, 0, 0, 0, 0, 0, 0, 0, 0, 0, 0, 0, 0, 0, 0, 0, 0, 0, 0, 0, 0, 0, 0, 0, 0, 0, 0, 0, 0, 0, 0, 0, 0, 0, 0, 0, 0, 0, 0, 0, 0, 0, 0, 0, 0, 0, 0, 0, 0, 0, 0, 0, 0, 0, 0, 0, 0, 0, 0, 0, 0, 0, 0, 0, 0, 0, 0, 0, 0, 0, 0, 0, 0, 0, 0, 0, 0, 0, 0, 0, 0, 0, 0, 0, 0, 0, 0, 0, 0, 0, 0, 0, 0, 0, 0, 0, 0, 0, 0, 0, 0, 0, 0, 0, 0, 0, 0, 0, 0, 0, 0, 0, 0, 0, 0, 0, 0, 0, 0, 0, 0, 0, 0, 0, 0, 0, 0, 0, 0, 0, 0, 0, 0, 0, 0, 0, 0, 0, 0, 0, 0, 0, 0, 0, 0, 0, 0, 0, 0, 0, 0, 0, 0, 0, 0, 0, 0, 0, 0, 0, 0, 0, 0, 0, 0, 0, 0, 0, 0, 0, 0, 0, 0, 0, 0, 0, 0, 0, 0, 0, 0, 0, 0, 0, 0, 0,
0, 0, 0, 0, 0, 0, 0, 0, 0, 0, 0, 0, 0, 0, 0, 0, 0, 0, 0, 0, 0, 0, 0, 0, 0, 0, 0, 0, 0, 0, 0, 0, 0, 0, 0, 0, 0, 0, 0, 0, 0, 0, 0, 0, 0, 0, 0, 0, 0, 0, 0, 0, 0, 0, 0, 0, 0, 0, 0, 0, 0, 0, 0, 0, 0, 0, 0, 0, 0, 0, 0, 0, 0, 0, 0, 0, 0, 0, 0, 0, 0, 0, 0, 0, 0, 0, 0, 0, 0, 0, 0, 0, 0, 0, 0, 0, 0, 0, 1.37017, 1.36945, 1.36874, 1.11262, 1.11188, 0, 0, 0, 0, 0, 0, 0, 0, 0, 0, 0, 0, 0, 0, 0, 0, 0, 0, 0, 0, 0, 0, 0, 0, 0, 0, 0, 0, 0, 0, 0, 0, 0, 0, 0, 0, 0, 0, 0, 0, 0, 0, 0, 0, 0, 0, 0, 0, 0, 0, 0, 0, 0, 0, 0, 0, 0, 0, 0, 0, 0, 0, 0, 0, 0, 0, 0, 0, 0, 0, 0, 0, 0, 0, 0, 0, 0, 0, 0, 1.00997, 1.00925, 1.21715, 1.21644, 1.21572, 0, 0, 0, 0, 0, 0, 0, 0, 0, 0, 0, 0, 0.956468, 0.955743, 0.955029, 0.863179, 1.00028, 0, 0, 0, 0, 0, 0, 0, 0, 0, 0, 0, 0, 0, 0, 0, 0, 0, 0, 0, 0, 0, 0, 0, 0, 0, 0, 0, 0, 0, 0, 0, 0, 0, 0, 0, 0, 0, 0, 0, 0, 0, 0, 0, 0, 0, 0, 0, 0, 0, 0, 0, 0, 0, 0, 0, 0, 0, 0, 0, 0, 0, 0, 0, 0, 0, 0, 0, 0, 0, 0, 0, 0, 0, 0, 0, 0, 0, 0, 0, 0, 0, 0, 0, 0, 0, 0, 0, 0, 0, 0, 0, 0, 0, 0, 0, 0, 0, 0, 0, 0, 0, 0, 0, 0, 0, 0, 0, 0, 0, 0, 0, 0, 0, 0, 0, 0, 0, 0, 0, 0, 0, 0, 0, 0, 0, 0, 0, 0, 0, 0, 0, 0, 0, 0, 0, 0, 0, 0, 0, 0, 0, 0, 0, 0, 0, 0, 0, 0, 0, 0, 0, 0, 0, 0, 0, 0, 0, 0, 0, 0, 0, 0, 0, 0, 0, 0, 0, 0, 0, 0, 0, 0, 0, 0, 0, 0, 0, 0, 0, 0, 0, 0, 0, 0, 0, 0, 0, 0, 0, 0, 0, 0, 0, 0, 0, 0, 0, 0, 0, 0, 0, 0, 0, 0, 0, 0, 0, 0, 0, 0, 0, 0, 0, 0, 0, 0, 0, 0, 0, 0, 0, 0, 0, 0, 0, 0, 0, 0, 0, 0, 0, 0, 0, 0, 0, 0, 0, 0, 0, 0, 0, 0, 0, 0, 0, 0, 0, 0, 0, 0, 0, 0, 0, 0,
0, 0, 0, 0, 0, 0, 0, 0, 0, 0, 0, 0, 0, 0, 0, 0, 0, 0, 0, 0, 0, 0, 0, 0, 0, 0, 0, 0, 0, 0, 0, 0, 0, 0, 0, 0, 0, 0, 0, 0, 0, 0, 0, 0, 0, 0, 0, 0, 0, 0, 0, 0, 0, 0, 0, 0, 0, 0, 0, 0, 0, 0, 0, 0, 0, 0, 0, 0, 0, 0, 0, 0, 0, 0, 0, 0, 0, 0, 0, 0, 0, 0, 0, 0, 0, 0, 0, 0, 0, 0, 0, 0, 0, 0, 0, 0, 0, 0, 1.53465, 1.53654, 1.72814, 1.72879, 1.73056, 0.939465, 0.941265, 0, 0, 0, 0, 0, 0, 0, 0, 0, 0.705801, 0.707586, 0, 0.758261, 0.759431, 0.789174, 0.790704, 0.79287, 0.782387, 0.78409, 0.707383, 0.709897, 0.711623, 0, 0, 0, 0, 0, 0, 0.734829, 0.736629, 0, 0, 0, 0.76141, 0.76321, 0.765774, 0.706434, 0.708234, 0, 0.880822, 0.725814, 0.727704, 0.791226, 0.792996, 0, 0, 0, 0, 0, 0, 0, 0, 0, 0, 0, 0, 0, 0.708434, 0, 0, 0, 0, 0, 0, 0, 0, 0, 0, 0.703584, 0.704737, 0.705997, 0.702332, 0.704117, 0, 0, 0.734538, 0, 1.61136, 1.61325, 2.31492, 2.3162, 2.318, 1.3198, 1.3216, 0, 0, 0.90151, 0.90349, 0.90529, 0.906787, 0, 0, 0, 0, 1.51456, 1.51645, 1.51825, 1.3469, 1.41043, 0, 0, 0.88193, 0.88373, 0.88499, 1.09087, 1.0924, 0.728782, 0.730612, 0.732412, 0, 0.755068, 0.756853, 0.758563, 0.760919, 0.734566, 0, 0.725613, 0.727143, 0, 0, 0.958789, 0.742878, 0.745038, 0.746838, 1.36317, 1.00827, 1.37591, 1.37735, 1.37934, 0.968795, 1.13462, 1.13884, 1.14064, 1.14252, 1.14371, 0.996721, 0.986237, 0.988127, 0.825375, 0.882537, 0.88433, 0, 0, 0.808721, 0, 0, 0, 0.88774, 0, 0, 0, 0.701391, 0, 0, 0, 0.849032, 0.850652, 0.852632, 0.853395, 0.855201, 0.813524, 0.867709, 0.870576, 0.818794, 0.909556, 0.911266, 0.838393, 0.753568, 0.755368, 0, 0.754362, 0.756662, 0.758282, 0.760082, 0.808975, 0.786491, 0.763293, 0.765182, 0.965786, 0.926835, 0.928553, 0.959362, 0.961537, 0.911707, 0.769836, 0.771636, 0, 0, 0.826657, 0.828907, 0.830707, 0.970059, 0.971858, 1.01317, 1.01555, 1.01735, 0.918596, 0.921426, 0.829743, 0.830463, 0.943689, 0.875002, 1.04222, 1.04357, 1.0472, 0.878059, 0.878869, 0.704836, 0.786354, 0.786589, 0.820274, 0.840008, 0.841673, 0.842857, 0.844657, 0.836736, 0, 0, 0.895168, 0.896968, 0.810352, 0.812152, 0.813952, 0.8432, 0.84572, 0.740935, 0.81149, 0.81329, 0, 0, 0.891173, 0.793247, 1.06141, 1.06321, 1.06501, 0.914905, 0.916705, 0, 0.81104, 0.81284, 0.815, 0.8168, 0.941676, 0.770503, 0.771628, 1.04823, 1.04967, 0.877402, 1.09597, 1.09759, 0.964861, 1.01014, 1.04779, 1.04958, 1.05147, 1.23702, 1.23879, 1.16352, 1.16541, 1.16754, 1.15742, 1.15922, 0.984129, 1.20367, 1.20538, 0.849932, 1.0409, 1.04252, 1.06681, 1.06861, 1.14207, 1.16825, 1.17005, 1.14643, 1.24572, 1.24797, 0.977531, 1.13169, 1.13349, 0.808864, 1.02838, 1.1283, 1.13033, 1.13249, 1.13431, 1.09374, 1.07057, 1.07237, 1.07417, 1.07597, 1.13103, 0.906785, 0.908585, 1.18153, 1.18383, 1.00147, 1.00456, 1.11191, 0.96118, 0.91702, 1.03331, 1.03534, 0.975693, 0.977583, 1.02928, 0.952541, 0.953539, 0.956059, 0.957859, 0.902464, 0.978374, 0.980144, 0.981584, 1.23957, 1.24026, 1.08875, 1.24736, 1.24952, 0.930801, 0.932601, 1.14886, 1.05989, 1.06169, 1.02687, 1.15103, 1.12796, 1.12931, 1.25186, 1.25348, 1.25529, 1.08202, 1.13068, 1.23041, 1.23221, 1.23401, 1.35471, 1.35715, 1.19642, 1.19822, 1.26422, 1.21362, 0.982232, 1.1732, 1.17518, 1.10224, 1.17922, 1.18102, 1.18282, 1.18463, 1.11672, 0.92121, 0.896449, 1.19031,
0, 0, 0, 0, 0, 0, 0, 0, 0, 0, 0, 0, 0, 0, 0, 0, 0, 0, 0, 0, 0, 0, 0, 0, 0, 0, 0, 0, 0, 0, 0, 0, 0, 0.712588, 0, 0, 0, 0, 0, 0, 0, 0, 0, 0, 0, 0, 0, 0, 0.706392, 0, 0, 0, 0, 0, 0.797562, 0.799482, 0, 0.823201, 0, 0, 0, 0, 0, 0, 0, 0, 0, 0, 0, 0, 0, 0, 0, 0, 0, 0, 0, 0, 0, 0, 0, 0, 0, 0, 0, 0.834421, 0, 0, 0, 0, 0, 0, 0, 0, 0, 0, 0, 0, 1.54591, 1.54773, 1.88485, 1.74022, 1.93399, 0.951135, 0.953055, 0, 0, 0, 0, 0, 0, 0.74648, 0.7484, 0, 0.858875, 0.720866, 0, 0.850227, 0.851443, 0.889133, 0.890845, 0.965132, 0.955225, 1.02371, 0.880771, 0.883843, 0.934477, 0, 0, 0, 0.735098, 0, 0, 0.836496, 0.838416, 0, 0.768896, 0.95439, 1.0166, 1.01852, 1.02397, 0.88209, 0.88401, 0, 0.897252, 0.742373, 0.744197, 0.886062, 0.887886, 0, 0, 0, 0.844352, 0.846176, 0.726266, 0.93937, 0.941674, 0, 0.849781, 0.71062, 0, 0, 0.866985, 0.726615, 0.728439, 0, 0, 0, 0, 0, 0, 0, 0, 0.809705, 0.96333, 0.965442, 0.870257, 0.872145, 0, 0, 0.833316, 0, 1.63216, 1.63398, 2.55779, 2.3372, 2.33912, 1.34114, 1.34306, 0, 0.714388, 0.923482, 0.925338, 0.927258, 1.07646, 0.75733, 0, 0.73174, 0.73366, 1.6612, 1.66302, 1.66494, 1.36987, 1.51174, 0.741169, 0.743089, 1.0456, 1.04749, 0.961104, 1.11482, 1.11651, 0.752884, 0.754836, 0.756756, 0, 0.779687, 0.781623, 0.783511, 1.04145, 0.885687, 0, 0.876896, 0.878528, 0.710562, 0.712482, 1.07084, 0.768713, 0.771017, 0.772937, 1.38937, 1.0345, 1.40235, 1.40389, 1.53464, 0.995537, 1.29047, 1.31574, 1.31766, 1.47384, 1.47499, 1.18257, 1.17266, 1.17497, 0.959194, 1.06963, 1.01215, 0, 0, 0.92268, 0.715804, 0.718108, 0.720028, 0.919286, 0.725006, 0.726926, 0.728846, 0.730766, 0, 0.776834, 0.778754, 0.965063, 0.967047, 1.0792, 1.043, 1.04454, 0.861972, 1.05722, 1.0775, 0.862764, 1.11731, 1.11885, 1.08629, 0.973325, 0.975245, 0.862597, 1.00356, 0.99364, 0.994792, 0.996712, 1.06672, 1.01648, 0.908433, 0.910385, 1.1969, 1.15807, 0.965793, 1.25724, 1.25948, 0.968419, 0.826669, 0.828589, 0.712127, 0.714431, 1.03622, 1.03842, 1.08583, 1.21661, 1.24088, 1.25371, 1.2564, 1.21161, 1.11304, 1.07213, 0.892299, 0.893067, 1.0945, 0.914172, 1.07745, 1.07892, 1.19542, 0.997057, 0.997921, 0.823995, 0.935774, 0.88601, 1.02853, 1.0501, 1.05055, 0.897209, 0.899129, 1.01853, 0.863019, 0.864939, 1.07737, 1.07929, 0.963684, 0.965604, 0.967524, 0.942248, 0.944936, 0.840294, 0.941743, 0.943663, 0.708921, 0.709881, 1.01585, 0.917954, 1.25165, 1.25357, 1.25549, 0.953761, 0.955681, 0, 0.850232, 0.852152, 0.854456, 0.856376, 0.981504, 0.810295, 0.811495, 1.0883, 1.08984, 0.917544, 1.22254, 1.22428, 1.09167, 1.24682, 1.39236, 1.32431, 1.32617, 1.51116, 1.51415, 1.43902, 1.34661, 1.28099, 1.27099, 1.27291, 1.02582, 1.33188, 1.3339, 0.978418, 1.16951, 1.17126, 1.1758, 1.17772, 1.39352, 1.40874, 1.41066, 1.18957, 1.4868, 1.29117, 1.02095, 1.17536, 1.17728, 0.852699, 1.15867, 1.34681, 1.26087, 1.26317, 1.26511, 1.1383, 1.12361, 1.12553, 1.12745, 1.12937, 1.18461, 0.951977, 0.953897, 1.22709, 1.43491, 1.20808, 1.23909, 1.36422, 1.16772, 1.03625, 1.26093, 1.28323, 1.13499, 1.13694, 1.27815, 1.198, 1.06409, 1.06678, 1.0687, 1.01342, 1.05822, 1.06004, 1.06158, 1.40082, 1.28805, 1.13662, 1.31752, 1.31982, 1.04424, 1.04616, 1.30997, 1.18486, 1.18678, 1.07584, 1.24815, 1.25196, 1.25332, 1.48345, 1.48518, 1.39129, 1.21882, 1.38596, 1.4858, 1.48772, 1.48964, 1.57398, 1.6292, 1.31539, 1.31731, 1.55489, 1.35094, 1.11954, 1.31063, 1.31276, 1.17194, 1.43951, 1.44143, 1.39414, 1.39567, 1.25492, 0.991282, 1.01574, 1.30968,
0, 0, 0, 0, 0, 0, 0, 0, 0, 0, 0, 0, 0, 0, 0, 0.729617, 0, 0, 0, 0, 0, 0, 0, 0, 0.7228, 0, 0, 0, 0, 0, 0.717564, 0.703461, 0.708547, 0.815158, 0.730728, 0, 0, 0, 0, 0, 0, 0, 0, 0, 0, 0, 0.807644, 0.81273, 0.850136, 0.776403, 0.704388, 0.836332, 0.70071, 0.77059, 0.957142, 0.962228, 0.730924, 0.991487, 0.76299, 0, 0.852476, 0.858833, 0, 0.752074, 0.757202, 0, 0.801967, 0.807562, 0.76406, 0.769145, 0, 0, 0, 0, 0.839116, 0.844244, 0.863517, 0.868349, 0.840605, 0.713031, 0.716846, 0, 0.700662, 0, 0.897802, 1.08786, 0.899844, 0.903997, 0.908023, 0, 0, 0, 0.736911, 0.741996, 0.747082, 0.753185, 0.969903, 0.835086, 1.83882, 1.84289, 2.18347, 2.04171, 2.23776, 1.25881, 1.2639, 0.909556, 0.913371, 0, 0.894745, 0.899831, 0.892386, 1.07965, 1.08474, 0.871089, 1.20484, 1.07011, 0.920992, 1.20366, 1.20739, 1.24673, 1.25177, 1.32859, 1.32297, 1.39363, 1.25399, 1.25857, 1.31151, 0.962049, 0.828893, 0.834233, 1.12732, 0.922573, 0.927659, 1.23681, 1.2419, 0.957501, 1.17641, 1.36355, 1.42909, 1.43418, 1.44186, 1.30176, 1.30685, 1.00459, 1.32869, 1.17566, 1.17972, 1.32471, 1.32878, 1.12084, 1.12592, 1.13105, 1.30026, 1.30509, 1.18819, 1.4053, 1.41064, 1.12851, 1.32466, 1.1879, 1.10425, 1.10832, 1.35304, 1.21636, 1.22043, 1.08455, 1.08964, 0.873571, 1.02103, 1.0251, 1.03023, 1.19426, 1.17384, 1.32885, 1.48496, 1.4903, 1.39674, 1.40068, 1.17899, 1.00317, 1.37477, 1.23995, 2.17767, 2.18174, 3.10881, 2.89116, 2.89624, 1.9037, 1.90878, 0.914123, 1.28645, 1.49814, 1.50212, 1.50721, 1.65979, 1.34439, 1.09713, 1.32576, 1.33085, 2.26033, 2.2644, 2.26949, 1.97762, 2.12261, 1.35951, 1.3646, 1.67043, 1.67556, 1.58908, 1.74468, 1.74985, 1.38842, 1.39342, 1.3985, 1.21549, 1.42917, 1.43434, 1.43951, 1.70084, 1.54492, 1.32031, 1.54041, 1.54473, 1.38085, 1.38593, 1.74864, 1.44966, 1.45372, 1.45881, 2.07765, 1.72623, 2.09681, 2.10291, 2.23601, 1.69956, 1.99737, 2.02554, 2.03063, 2.19022, 2.1948, 1.90456, 1.89893, 1.90427, 1.69163, 1.80454, 1.74999, 1.39977, 1.40511, 1.66941, 1.46569, 1.46976, 1.47484, 1.67644, 1.48695, 1.49204, 1.49712, 1.50221, 1.24724, 1.55639, 1.56148, 1.7495, 1.75552, 1.87046, 1.8362, 1.84103, 1.66216, 1.859, 1.88238, 1.67157, 1.93336, 1.93819, 1.90787, 1.79639, 1.80147, 1.69082, 1.83499, 1.82836, 1.83421, 1.83929, 1.91402, 1.86595, 1.76204, 1.76721, 2.05561, 2.01934, 1.82847, 2.12232, 2.12656, 1.84281, 1.70431, 1.7094, 1.59657, 1.60064, 1.92477, 1.92909, 1.97957, 2.11344, 2.1403, 2.15896, 2.16328, 2.12165, 2.02696, 1.98836, 1.81224, 1.81427, 2.02108, 1.84019, 2.00637, 2.01082, 2.12966, 1.93251, 1.9348, 1.76252, 1.87976, 1.82938, 1.97466, 1.99697, 2.00308, 1.85315, 1.85823, 1.9801, 1.82851, 1.8336, 2.0485, 2.05359, 1.94115, 1.94624, 1.95132, 1.92914, 1.93626, 1.83491, 1.9397, 1.94479, 1.71185, 1.7149, 2.02354, 1.93019, 2.26631, 2.2714, 2.27649, 1.97852, 1.98361, 1.65664, 1.88386, 1.88894, 1.89505, 1.90013, 2.02753, 1.85975, 1.86293, 2.1409, 2.14586, 1.97479, 2.28136, 2.28649, 2.15812, 2.31648, 2.46223, 2.39636, 2.40158, 2.5933, 2.59788, 2.52519, 2.43495, 2.37142, 2.36477, 2.36986, 2.12689, 2.43706, 2.44316, 2.09035, 2.28294, 2.28806, 2.29543, 2.30052, 2.51827, 2.53625, 2.54134, 2.32121, 2.62337, 2.42983, 2.16601, 2.32386, 2.32894, 2.0075, 2.31665, 2.50782, 2.42487, 2.42894, 2.43398, 2.30962, 2.29887, 2.30396, 2.30904, 2.31413, 2.37259, 2.14389, 2.14898, 2.42658, 2.63772, 2.41383, 2.44731, 2.57418, 2.38384, 2.25187, 2.48187, 2.5076, 2.36216, 2.36733, 2.51089, 2.43482, 2.30108, 2.3082, 2.31329, 2.26118, 2.30705, 2.31112, 2.31595, 2.65934, 2.54957, 2.40053, 2.58377, 2.58911, 2.31985, 2.32494, 2.59048, 2.4694, 2.47449, 2.36748, 2.54212, 2.55119, 2.55391, 2.78576, 2.79084, 2.69994, 2.53049, 2.70195, 2.80436, 2.80944, 2.81453, 2.90223, 2.95963, 2.64882, 2.65391, 2.89476, 2.69534, 2.46416, 2.65674, 2.66085, 2.5236, 2.79576, 2.80085, 2.75672, 2.76155, 2.6236, 2.36263, 2.38962, 2.68596,
0, 0, 0, 0, 0, 0, 0, 0, 0, 0, 0, 0, 0, 0, 0, 0, 0, 0, 0, 0, 0, 0, 0, 0, 0, 0, 0, 0, 0, 0, 0, 0, 0, 0, 0, 0, 0, 0, 0, 0, 0, 0, 0, 0, 0, 0, 0, 0, 0, 0, 0, 0, 0, 0, 0, 0, 0, 0, 0, 0, 0, 0, 0, 0, 0, 0, 0, 0, 0, 0, 0, 0, 0, 0, 0, 0, 0, 0, 0, 0, 0, 0, 0, 0, 0, 0, 0, 0, 0, 0, 0, 0, 0, 0, 0, 0, 0.703907, 0, 1.00194, 1.00406, 1.19624, 1.19703, 1.19915, 0.959743, 0.961903, 0, 0, 0, 0, 0, 0, 0, 0, 0, 0, 0, 0, 0, 0, 0.74838, 0.750324, 0.752923, 0.789168, 0.791068, 0, 0, 0.702331, 0, 0, 0, 0.716862, 0, 0, 0.819028, 0.821188, 0, 0.799874, 0.801168, 0.763906, 0.766066, 0.769089, 0, 0, 0, 0, 0, 0, 0, 0, 0.708409, 0.710569, 0.712765, 0.879046, 0.881242, 0, 0.834131, 0.836255, 0, 0.744926, 0.747078, 0, 0, 0.78267, 0.715927, 0.717979, 0, 0, 0, 0, 0, 0, 0, 0, 0.781247, 0.812876, 0.814892, 0.817357, 0.819373, 0, 0, 0.809249, 0, 1.10728, 1.1094, 1.81161, 1.81315, 1.81531, 1.38392, 1.38608, 0, 0.757894, 0.951926, 0.953942, 0.956102, 0.957897, 0.802024, 0, 0.776962, 0.779122, 1.01667, 1.01879, 1.02095, 0.849868, 0.91339, 0.715109, 0.717269, 0.940073, 0.942233, 0.943745, 1.01967, 1.02173, 0.800986, 0.803038, 0.805198, 0, 0.805138, 0.807334, 0.80953, 0.93571, 0.935853, 0.708525, 0.927332, 0.929222, 0.761428, 0.763588, 0.864673, 0, 0, 0, 1.26873, 1.08708, 1.31257, 1.3143, 1.31668, 0.90987, 1.07217, 1.12994, 1.1321, 1.15979, 1.16209, 0.997543, 1.03379, 1.03591, 0.893205, 0.944474, 0.946627, 0.714666, 0.716934, 0.91228, 0.705664, 0.708256, 0.710416, 0.909902, 0.718408, 0.720568, 0.722728, 0.724888, 0, 0.835912, 0.838072, 0.993397, 0.995701, 0.997717, 0.919022, 0.920837, 0.92291, 0.94678, 0.95022, 0.921056, 0.940646, 0.942914, 0.954254, 0.956423, 0.958583, 0.837738, 0.925236, 0.915506, 0.917781, 0.919941, 1.01355, 0.970498, 0.964684, 0.966736, 1.07837, 0.982808, 0.983303, 1.08152, 1.084, 1.03441, 0.893255, 0.895415, 0, 0, 1.02139, 1.02388, 1.02604, 1.16601, 1.16817, 1.05581, 1.0587, 1.01415, 1.00139, 0.997613, 0.962175, 0.963039, 0.985661, 0.984542, 1.08443, 1.08615, 1.09052, 1.06811, 1.06914, 0.895421, 0.957434, 0.957662, 0.959343, 0.980988, 0.98193, 0.969955, 0.972115, 1.09162, 0.936265, 0.938425, 1.15127, 1.15343, 1.03806, 1.04022, 1.04238, 1.01725, 1.02028, 0.915748, 0.986833, 0.988993, 0.754492, 0.755572, 1.06176, 0.994672, 1.3287, 1.33086, 1.33302, 1.03159, 1.03375, 0.703602, 0.92873, 0.93089, 0.933482, 0.935642, 0.948114, 0.889993, 0.891289, 1.16682, 1.16855, 0.996468, 1.21527, 1.21706, 1.10404, 1.18672, 1.28919, 1.22142, 1.22372, 1.27074, 1.27266, 1.19801, 1.20014, 1.20269, 1.23278, 1.23494, 1.00177, 1.29435, 1.29662, 1.06275, 1.18603, 1.18781, 1.21273, 1.21489, 1.21647, 1.20845, 1.21061, 1.21146, 1.30097, 1.14332, 1.10789, 1.22832, 1.23048, 0.906113, 1.18189, 1.28002, 1.28247, 1.28506, 1.28718, 1.16868, 1.2129, 1.21506, 1.21722, 1.21938, 1.27494, 1.04248, 1.04464, 1.21017, 1.25563, 1.192, 1.19572, 1.19788, 1.18672, 1.12854, 1.28039, 1.28282, 1.21956, 1.22162, 1.27764, 1.18318, 1.15806, 1.16108, 1.16324, 1.1082, 1.12189, 1.12394, 1.12567, 1.29339, 1.29421, 1.14342, 1.30242, 1.30501, 1.14113, 1.14329, 1.34731, 1.28252, 1.28468, 1.1739, 1.34644, 1.21161, 1.21317, 1.34497, 1.34688, 1.34905, 1.31815, 1.32491, 1.42222, 1.42438, 1.42654, 1.46439, 1.46732, 1.30677, 1.30893, 1.37527, 1.37518, 1.22151, 1.34479, 1.347, 1.27468, 1.33157, 1.33373, 1.28668, 1.28888, 1.29061, 1.0953, 1.11995, 1.41421,
0, 0, 0, 0, 0, 0, 0, 0, 0, 0, 0, 0, 0, 0, 0, 0, 0, 0, 0, 0, 0, 0, 0, 0, 0, 0, 0, 0, 0, 0, 0.710211, 0.716853, 0.723844, 0.729612, 0.703392, 0, 0, 0, 0, 0, 0, 0, 0, 0, 0.708246, 0.736502, 0.74799, 0.754981, 0.783631, 0.721815, 0.728807, 0.755284, 0, 0.722451, 0.817038, 0.82403, 0.81837, 0.897973, 0.868264, 0, 0.961015, 0.966258, 0.717116, 0.863004, 0.870344, 0.727319, 0.873619, 0.878863, 0.885854, 0.892846, 0.748315, 0, 0, 0.778431, 0.872799, 0.879791, 0.870934, 0.878275, 0.85249, 0.859482, 0.863677, 0.838078, 0.84437, 0.828016, 1.04892, 1.05525, 1.02238, 1.02762, 1.03287, 0.735442, 0, 0.834009, 0.898473, 0.905465, 0.912456, 0.919098, 1.14306, 1.01115, 1.45137, 1.45802, 1.65125, 1.65685, 1.66349, 1.42923, 1.43622, 1.09622, 1.10496, 0.860808, 1.08807, 1.09506, 1.0882, 1.18734, 1.19433, 1.04388, 1.09403, 1.10242, 0.959787, 1.16657, 1.17024, 1.294, 1.30081, 1.3064, 1.34953, 1.35477, 1.21765, 1.22289, 1.2784, 1.19074, 1.0617, 1.06834, 1.31488, 1.11236, 1.11936, 1.42971, 1.4367, 1.20222, 1.42102, 1.42295, 1.39253, 1.39953, 1.40477, 1.30497, 1.31196, 1.25939, 1.28117, 1.20753, 1.21313, 1.35902, 1.36461, 1.39126, 1.39825, 1.40559, 1.57671, 1.58405, 1.39629, 1.54595, 1.55259, 1.41582, 1.47202, 1.47901, 1.33066, 1.3373, 1.52532, 1.4631, 1.46869, 1.33504, 1.34203, 1.17698, 1.29487, 1.30046, 1.3078, 1.39807, 1.40419, 1.57291, 1.60878, 1.61315, 1.62014, 1.62538, 1.46686, 1.32562, 1.63427, 1.50237, 1.94259, 1.94923, 2.65391, 2.6609, 2.66789, 2.242, 2.24899, 1.25664, 1.63163, 1.82885, 1.8341, 1.84109, 1.84808, 1.69747, 1.45332, 1.68058, 1.68757, 1.93139, 1.93803, 1.94502, 1.78041, 1.84312, 1.6571, 1.66409, 1.89083, 1.89782, 1.90201, 1.98011, 1.9864, 1.77006, 1.77565, 1.78264, 1.60622, 1.79499, 1.80233, 1.80967, 1.93444, 1.94318, 1.71901, 1.93922, 1.94481, 1.78407, 1.79107, 1.89793, 1.68374, 1.69213, 1.69912, 2.31922, 2.14275, 2.37272, 2.38006, 2.38531, 1.98409, 2.14895, 2.21155, 2.21854, 2.25171, 2.26045, 2.09817, 2.1413, 2.14794, 2.01117, 2.06597, 2.07296, 1.84648, 1.85312, 2.05168, 1.85056, 1.85615, 1.86314, 2.0666, 1.88307, 1.89006, 1.89705, 1.90404, 1.71457, 2.02493, 2.03192, 2.18993, 2.19867, 2.20392, 2.13338, 2.14072, 2.14771, 2.175, 2.18059, 2.15591, 2.17948, 2.18787, 2.20677, 2.21201, 2.219, 2.10169, 2.19285, 2.18873, 2.19712, 2.20411, 2.30247, 2.26169, 2.26245, 2.26804, 2.38691, 2.2963, 2.3013, 2.40251, 2.40776, 2.36271, 2.23235, 2.23935, 2.04639, 2.05198, 2.37797, 2.38321, 2.3902, 2.53871, 2.5457, 2.43686, 2.44246, 2.40274, 2.39591, 2.39465, 2.36616, 2.37036, 2.39668, 2.40017, 2.50205, 2.50905, 2.51429, 2.49717, 2.50067, 2.3308, 2.39545, 2.39965, 2.40594, 2.43118, 2.43817, 2.43025, 2.43724, 2.56106, 2.41013, 2.41712, 2.63658, 2.64357, 2.53309, 2.54008, 2.54707, 2.52548, 2.53072, 2.43406, 2.50955, 2.51654, 2.28539, 2.28958, 2.59924, 2.53879, 2.87724, 2.88423, 2.89122, 2.59345, 2.60044, 2.27737, 2.50728, 2.51427, 2.51986, 2.52685, 2.54451, 2.49157, 2.49507, 2.77264, 2.77893, 2.61087, 2.83107, 2.83527, 2.72709, 2.81566, 2.92241, 2.8585, 2.86724, 2.91931, 2.92455, 2.85877, 2.86541, 2.87066, 2.90228, 2.90927, 2.686, 2.98061, 2.989, 2.75954, 2.88396, 2.88816, 2.92184, 2.92884, 2.93408, 2.93008, 2.93707, 2.94232, 3.03874, 2.88409, 2.85416, 2.97856, 2.98556, 2.66745, 2.94839, 3.05128, 3.05827, 3.06386, 3.07051, 2.96012, 3.00866, 3.01565, 3.02264, 3.02963, 3.0918, 2.86373, 2.87073, 3.04024, 3.08927, 3.03228, 3.03753, 3.04452, 3.03707, 2.98481, 3.13927, 3.14627, 3.08743, 3.09302, 3.15798, 3.06738, 3.04914, 3.05439, 3.06138, 3.0113, 3.02765, 3.03324, 3.04058, 3.21071, 3.2177, 3.07647, 3.24057, 3.24617, 3.08724, 3.09423, 3.3057, 3.24725, 3.25425, 3.14787, 3.32438, 3.19318, 3.19738, 3.3319, 3.33837, 3.34536, 3.31563, 3.33111, 3.43173, 3.43872, 3.44571, 3.48788, 3.49312, 3.34387, 3.35086, 3.41868, 3.42567, 3.2734, 3.39783, 3.40167, 3.33936, 3.39986, 3.40685, 3.36463, 3.37197, 3.37896, 3.18854, 3.21706, 3.51776,
0, 0, 0, 0, 0, 0, 0, 0, 0, 0, 0, 0, 0, 0, 0, 0, 0, 0, 0, 0, 0, 0, 0, 0, 0, 0, 0, 0, 0, 0, 0, 0, 0, 0, 0, 0, 0, 0, 0, 0, 0, 0, 0, 0, 0, 0, 0, 0, 0, 0, 0, 0, 0, 0, 0, 0, 0, 0, 0, 0, 0, 0, 0, 0, 0, 0, 0, 0, 0, 0, 0, 0, 0, 0, 0, 0, 0, 0, 0, 0, 0, 0, 0, 0, 0, 0, 0, 0, 0, 0, 0, 0, 0, 0, 0, 0, 0, 0, 0, 0, 0, 0, 0, 0, 0, 0, 0, 0, 0, 0, 0, 0, 0, 0, 0, 0, 0, 0, 0, 0, 0, 0, 0, 0, 0, 0, 0, 0, 0, 0, 0, 0, 0, 0, 0, 0, 0.700581, 0.700921, 0, 0, 0, 0, 0, 0, 0, 0, 0, 0, 0, 0, 0, 0, 0, 0, 0, 0, 0, 0, 0, 0, 0, 0, 0, 0, 0, 0, 0, 0, 0, 0, 0, 0, 0, 0, 0, 0, 0, 0, 0, 0, 0, 0, 0.787708, 0.78867, 0.789617, 0, 0, 0, 0, 0, 0, 0, 0, 0, 0, 0, 0, 0, 0, 0.921399, 0.922157, 0.923104, 0, 0.764611, 0, 0, 0, 0, 0, 0, 0, 0, 0, 0, 0, 0, 0, 0, 0, 0, 0, 0.77738, 0.778106, 0, 0, 0, 0, 0, 0, 0, 0, 0, 0, 0, 0, 0, 0, 0, 0.794683, 0.795819, 0.796813, 0.740456, 0.741418, 0, 0, 0, 0, 0, 0, 0, 0, 0, 0, 0, 0, 0, 0, 0, 0, 0, 0, 0, 0.721379, 0, 0, 0, 0, 0, 0, 0, 0, 0, 0, 0, 0, 0, 0, 0, 0, 0.735127, 0.74351, 0.744457, 0.745214, 0.785192, 0.700713, 0, 0.837725, 0.83853, 0.738137, 0, 0, 0, 0, 0, 0, 0.81669, 0.817652, 0.818788, 0, 0, 0, 0, 0, 0, 0, 0, 0, 0, 0, 0, 0, 0, 0, 0, 0, 0, 0, 0, 0, 0, 0, 0, 0, 0.871274, 0.872221, 0, 0, 0, 0, 0, 0, 0, 0, 0, 0, 0, 0, 0.71806, 0.719007, 0.719954, 0, 0, 0, 0, 0, 0, 0, 0, 0, 0, 0, 0, 0, 0.926889, 0.927426, 0.803227, 0.804173, 0.804931, 0.737375, 0.738512, 0.835532, 0.836336, 0.851914, 0.852876, 0.853642, 0.777456, 0.778403, 0, 0.854178, 0.855314, 0, 0.835649, 0.836185, 0, 0, 0.731251, 0, 0, 0, 0, 0, 0, 0, 0, 0, 0.739787, 0.814021, 0.814967, 0.815725, 0.816679, 0, 0, 0, 0, 0, 0.702844, 0, 0, 0, 0.706016, 0.707152, 0.764129, 0.765076, 0.766212, 0, 0.856279, 0.855228, 0.856175, 0.856932, 0.857737, 0.75887, 0.734325, 0.73513, 0.736077, 0, 0, 0, 0, 0.779547, 0.762681, 0, 0.836954, 0.837711, 0, 0, 0, 0, 0, 0, 0, 0.756406, 0.757006, 0.894612, 0.895567, 0.896514, 0.874191, 0.874956, 0.944553, 0.9455, 0.946447, 0.983723, 0.984528, 0.848799, 0.849746, 0.929166, 0.911836, 0.705667, 0.905236, 0.90582, 0.708711, 0.743646, 0.795619, 0.727729, 0.72866, 0.729607, 0, 0, 0,
0, 0, 0, 0, 0, 0, 0, 0, 0, 0, 0, 0, 0, 0, 0, 0, 0, 0, 0, 0, 0, 0, 0, 0, 0, 0, 0, 0, 0, 0, 0, 0, 0, 0, 0, 0, 0, 0, 0, 0, 0, 0, 0, 0, 0, 0, 0, 0, 0, 0, 0, 0, 0, 0, 0, 0, 0, 0, 0, 0, 0, 0, 0, 0, 0, 0, 0, 0, 0, 0, 0, 0, 0, 0, 0, 0, 0, 0, 0, 0, 0, 0, 0, 0, 0, 0, 0, 0, 0, 0, 0, 0, 0, 0, 0, 0, 1.37677, 1.23163, 1.63415, 1.63679, 1.63843, 0.972292, 0.974854, 0.718765, 0.721285, 0, 0, 0, 0, 0, 0, 0.766408, 0.768928, 0, 0.837931, 0.799267, 0, 0.975122, 0.97676, 0.760359, 0.762501, 0.765533, 0.794343, 0.796727, 0.705416, 0.708945, 0.728666, 0, 0, 0, 0.735025, 0, 0, 0.818984, 0.821504, 0, 0.735804, 0.791998, 0.794255, 0.796775, 0.810017, 0.725787, 0.728307, 0.724785, 0, 0, 0, 0.799025, 0.801587, 0.913052, 0.915572, 0.91805, 1.04794, 1.05033, 0.71362, 0.812868, 0.815514, 0.72369, 0.74403, 0.746541, 0, 0, 0.811633, 0.762806, 0.765452, 0, 0, 0, 0, 0, 0, 0, 0, 0.790735, 0.881039, 0.883685, 0.886561, 0.889165, 0.764339, 0, 0.919795, 0.774652, 1.17717, 1.17982, 1.2085, 1.2103, 1.21282, 0.815212, 0.817732, 0, 1.45528, 1.59925, 1.60202, 1.60454, 1.60664, 0.793441, 0, 0.786146, 0.788666, 0.993991, 0.996637, 0.999157, 0.885874, 0.936536, 0.956796, 0.959316, 1.00019, 1.00271, 1.00448, 1.67443, 1.67657, 1.50581, 1.50837, 1.51089, 0, 0.815881, 0.818359, 0.820753, 1.01393, 1.01409, 0.80226, 0.939843, 0.941985, 0.808577, 0.811097, 1.22927, 0.9568, 0.959824, 0.962345, 1.13198, 0.939903, 1.11632, 1.11833, 1.12112, 1.07207, 1.73568, 1.84153, 1.84405, 1.84669, 1.84835, 1.05092, 1.07973, 1.08238, 0.990555, 1.01092, 1.01343, 0.789256, 0.791902, 1.03282, 0.83625, 0.839274, 0.841794, 0.981631, 0.745225, 0.747745, 0.750265, 0.752785, 0, 0.895559, 0.898079, 1.09194, 1.09421, 1.09698, 1.0063, 1.0087, 0.930494, 0.993865, 1.01423, 1.01622, 1.02069, 1.02309, 1.04279, 1.04532, 1.04784, 0.976414, 1.01117, 0.950355, 0.952623, 0.955143, 1.05147, 1.04342, 1.04524, 1.04788, 1.06109, 1.01115, 1.00779, 1.12207, 1.12514, 1.11199, 1.02833, 1.03085, 0.839842, 0.842866, 1.18706, 1.19021, 1.19273, 1.17589, 1.17841, 1.01991, 1.02324, 1.02572, 1.02247, 1.01912, 0.948262, 0.94927, 1.24654, 1.24794, 1.23083, 1.23272, 1.2753, 1.05733, 1.05847, 1.05627, 1.06673, 1.06706, 1.06895, 1.08973, 1.0856, 1.08624, 1.08876, 1.21684, 1.07591, 1.07843, 1.09295, 1.09547, 1.27548, 1.278, 1.28052, 1.22866, 1.23219, 1.03955, 1.19614, 1.19866, 0.954029, 0.955373, 1.2328, 1.08078, 1.28785, 1.29037, 1.29289, 1.02093, 1.02345, 0.820869, 0.914916, 0.917436, 0.92046, 0.92298, 1.03098, 1.00891, 1.01049, 1.31775, 1.31977, 1.1484, 1.28601, 1.28828, 1.1933, 1.31749, 1.32009, 1.26568, 1.26808, 1.33003, 1.33139, 1.32489, 1.32753, 1.3306, 1.30303, 1.30555, 1.10667, 1.38414, 1.38653, 1.16014, 1.26298, 1.26525, 1.31337, 1.31589, 1.31815, 1.26925, 1.27177, 1.2758, 1.34463, 1.23909, 1.21225, 1.23704, 1.23956, 0.978861, 1.25637, 1.35617, 1.35902, 1.36204, 1.36461, 1.19771, 1.15118, 1.1537, 1.15622, 1.15874, 1.19813, 1.06098, 1.0635, 1.25882, 1.30916, 1.31045, 1.35102, 1.35354, 1.22279, 1.22347, 1.30613, 1.34017, 1.3426, 1.34524, 1.38897, 1.31059, 1.30079, 1.30431, 1.30683, 1.29718, 1.31161, 1.31417, 1.31619, 1.47393, 1.47489, 1.28601, 1.35459, 1.35761, 1.18951, 1.19203, 1.42387, 1.3722, 1.37472, 1.28792, 1.40441, 1.38219, 1.38408, 1.54599, 1.54825, 1.55079, 1.33847, 1.34283, 1.53781, 1.54033, 1.54285, 1.61136, 1.61479, 1.4041, 1.40662, 1.45989, 1.462, 1.34536, 1.4482, 1.45097, 1.45387, 1.45698, 1.4595, 1.44421, 1.4466, 1.44281, 1.27293, 1.23386, 1.49555,
0, 0, 0, 0, 0, 0, 0, 0, 0, 0, 0, 0, 0, 0, 0, 0, 0, 0, 0, 0, 0, 0, 0, 0, 0, 0, 0, 0, 0, 0, 0, 0.763117, 0.765757, 0.767407, 0.826249, 0.827965, 0.719783, 0.737205, 0, 0, 0, 0, 0, 0, 0, 0.71658, 0.813386, 0.815963, 0.821185, 0.75586, 0, 0.713282, 0, 0.81924, 0.979999, 0.982639, 0.799745, 1.07712, 0, 0, 0, 0, 0, 0, 0, 0, 0, 0, 0, 0, 0, 0, 0, 0, 0.833026, 0.835533, 0.821664, 0.823776, 0.754999, 0, 0, 0, 0, 0, 0, 0.884945, 0.737115, 0.740019, 0.742637, 0, 0, 0, 0, 0, 0, 0, 1.38766, 1.24268, 1.64536, 1.64813, 2.00177, 1.00577, 1.98633, 1.58894, 1.59158, 1.39954, 1.40152, 0, 0.910659, 0.913299, 0, 0.884233, 0.886873, 0, 1.09964, 0.954571, 0.709186, 1.16391, 1.16563, 1.02568, 1.02792, 1.09977, 1.06548, 1.1429, 1.0513, 1.05552, 1.07553, 0.85044, 0, 0, 0.78807, 0, 0, 0.872413, 0.875053, 0, 0.751292, 1.00103, 1.12595, 1.1286, 1.16765, 1.08365, 1.07938, 0.891458, 1.02798, 0.828438, 0.83121, 0.981468, 0.98413, 0.929946, 0.932586, 0.93527, 1.06528, 1.06779, 0.734773, 1.00684, 1.01001, 0.848703, 0.952685, 0.871793, 0, 0, 0.918856, 0.819625, 0.822397, 0, 0, 0, 0.747665, 0.750833, 0.753517, 0.857896, 0.796516, 0.810499, 1.05932, 1.06222, 1.01148, 1.01452, 0.841693, 0, 1.01575, 0.870767, 1.27344, 1.27621, 1.64551, 1.23144, 1.23408, 0.836554, 0.839194, 0, 1.47698, 2.47942, 2.48233, 2.48497, 2.62249, 1.62526, 0.823775, 1.1344, 1.13704, 1.02192, 1.0247, 1.02734, 0.908959, 0.959719, 0.98011, 0.98275, 1.40283, 1.40533, 1.25965, 1.94227, 1.94451, 1.52991, 1.5326, 1.53524, 0.79541, 1.01215, 1.01475, 1.01726, 1.29406, 1.08842, 0.827375, 1.09749, 1.09973, 0.834028, 0.836668, 1.25495, 0.982558, 0.985727, 0.988366, 1.23679, 0.966141, 1.3867, 1.38881, 1.54318, 1.34275, 2.15828, 2.19564, 2.19828, 2.32409, 2.32567, 1.39875, 1.36446, 1.36763, 1.20632, 1.31033, 1.22946, 0.817401, 0.820173, 1.0612, 0.864708, 0.867876, 0.870516, 1.08512, 0.848843, 0.851483, 0.854123, 0.856763, 0, 0.925064, 0.927704, 1.17892, 1.18129, 1.2542, 1.30693, 1.30904, 1.12037, 1.30785, 1.32889, 1.2198, 1.37241, 1.37452, 1.30734, 1.25584, 1.25848, 1.03443, 1.34201, 1.25749, 1.25908, 1.26172, 1.32781, 1.13804, 1.08079, 1.08356, 1.51175, 1.4265, 1.29858, 1.56847, 1.5719, 1.15626, 1.06164, 1.06428, 0.904803, 0.907971, 1.25232, 1.25562, 1.29114, 1.58658, 1.64199, 1.49103, 1.49452, 1.49703, 1.29448, 1.28022, 1.1427, 1.14376, 1.55233, 1.36574, 1.40687, 1.40885, 1.53528, 1.19924, 1.20043, 1.20243, 1.3311, 1.16571, 1.25317, 1.31378, 1.22406, 1.13934, 1.14198, 1.27018, 1.11255, 1.11519, 1.23168, 1.23432, 1.31823, 1.32087, 1.32351, 1.27179, 1.27549, 1.07729, 1.234, 1.23664, 0.992111, 0.993519, 1.2711, 1.1191, 1.32637, 1.32901, 1.33165, 1.05979, 1.06243, 0.859958, 1.09379, 1.09643, 1.0996, 1.10224, 1.27781, 1.05474, 1.05639, 1.36376, 1.36587, 1.18854, 1.32624, 1.32862, 1.2373, 1.48467, 2.36065, 2.30647, 2.30885, 2.37093, 2.32359, 1.84962, 1.78207, 1.7139, 1.66705, 1.66969, 1.33656, 1.61419, 1.6167, 1.20231, 1.30523, 1.30761, 1.39395, 1.39659, 1.57306, 1.78439, 1.78703, 1.56722, 1.87003, 1.7355, 1.25567, 1.49419, 1.49683, 1.1988, 1.47647, 1.84998, 1.79305, 1.79622, 1.79882, 1.63212, 1.61232, 1.61496, 1.6176, 1.62024, 1.62892, 1.37933, 1.38197, 1.57742, 1.73825, 1.6237, 1.68071, 1.72668, 1.43529, 1.42026, 1.50307, 1.59558, 1.39231, 1.39508, 1.58911, 1.50627, 1.41057, 1.41427, 1.41691, 1.45506, 1.46548, 1.46817, 1.47028, 1.81917, 1.69819, 1.50943, 1.65449, 1.65766, 1.4095, 1.41214, 1.67394, 1.55448, 1.55712, 1.47043, 1.59034, 1.63532, 1.6373, 1.91313, 1.9155, 1.80102, 1.43224, 1.48004, 1.67515, 1.67779, 1.68043, 1.99776, 2.05774, 1.73143, 1.73407, 1.92307, 1.66428, 1.39635, 1.49927, 1.50218, 1.69975, 1.87481, 1.87745, 1.86228, 1.86439, 1.54263, 1.32495, 1.28598, 1.68133,
0, 0, 0, 0, 0, 0, 0, 0, 0, 0, 0, 0, 0, 0, 0, 0, 0, 0, 0, 0, 0, 0, 0, 0, 0, 0, 0, 0, 0, 0, 0, 0.767066, 0.769826, 0.771508, 0.830242, 0.831553, 0.72407, 0.741151, 0, 0, 0, 0, 0, 0, 0, 0.721741, 0.818705, 0.821399, 0.826583, 0.761609, 0, 0.719177, 0, 0.825267, 0.986442, 0.989202, 0.806132, 1.08392, 0, 0, 0, 0, 0, 0, 0, 0, 0, 0, 0, 0, 0, 0, 0, 0, 0.841458, 0.844356, 0.830559, 0.832767, 0.764298, 0, 0, 0, 0, 0, 0, 0.894844, 0.74698, 0.749648, 0.752247, 0, 0, 0, 0, 0, 0, 0, 1.39839, 1.25376, 1.65668, 1.65931, 2.0133, 1.01717, 1.99791, 1.60078, 1.60354, 1.4117, 1.41386, 0, 0.923258, 0.926018, 0, 0.897347, 0.900107, 0, 1.11257, 0.967828, 0.722543, 1.17738, 1.17917, 1.03933, 1.04172, 1.11371, 1.07951, 1.15708, 1.06557, 1.06999, 1.09028, 0.865175, 0, 0, 0.802801, 0, 0, 0.887528, 0.890288, 0, 0.766807, 1.01667, 1.14173, 1.1445, 1.18321, 1.09974, 1.09568, 0.907477, 1.04437, 0.844921, 0.847819, 0.997873, 1.00061, 0.946677, 0.949437, 0.952335, 1.08246, 1.08536, 0.752468, 1.02462, 1.02793, 0.866709, 0.970826, 0.89004, 0, 0, 0.937279, 0.83813, 0.840936, 0, 0, 0, 0.766652, 0.769964, 0.772862, 0.877669, 0.816296, 0.830315, 1.07926, 1.08229, 1.0317, 1.03425, 0.861687, 0, 1.03599, 0.891366, 1.29429, 1.29691, 1.66661, 1.25243, 1.25519, 0.857921, 0.860681, 0, 1.49871, 2.50128, 2.50432, 2.50708, 2.64501, 1.64777, 0.846198, 1.15717, 1.15993, 1.04484, 1.04746, 1.05022, 0.931856, 0.982666, 1.00326, 1.00602, 1.42632, 1.42922, 1.28349, 1.96616, 1.96851, 1.55405, 1.55676, 1.55952, 0.819849, 1.03667, 1.03947, 1.04209, 1.31919, 1.11366, 0.852538, 1.12275, 1.12514, 0.859299, 0.862059, 1.28047, 1.00834, 1.01165, 1.01441, 1.26297, 0.992404, 1.41312, 1.41533, 1.57012, 1.36947, 2.1854, 2.22287, 2.22563, 2.3514, 2.35305, 1.42628, 1.39208, 1.3954, 1.23417, 1.33833, 1.25764, 0.845642, 0.848264, 1.08943, 0.893191, 0.896503, 0.899263, 1.11398, 0.877782, 0.880542, 0.883302, 0.886062, 0, 0.954381, 0.957141, 1.2085, 1.21135, 1.28444, 1.33733, 1.33954, 1.15085, 1.33846, 1.35971, 1.25068, 1.40351, 1.40572, 1.33875, 1.28731, 1.29007, 1.06605, 1.374, 1.28957, 1.29123, 1.29399, 1.36001, 1.17036, 1.11322, 1.11584, 1.54416, 1.4593, 1.33161, 1.60175, 1.60499, 1.18925, 1.09478, 1.09754, 0.938302, 0.941614, 1.28629, 1.28965, 1.32519, 1.62076, 1.67629, 1.52528, 1.52893, 1.53182, 1.3294, 1.31533, 1.17771, 1.17881, 1.58763, 1.40093, 1.4421, 1.44417, 1.57101, 1.23477, 1.23601, 1.23825, 1.36715, 1.20161, 1.28922, 1.35004, 1.26032, 1.17573, 1.17849, 1.30688, 1.14928, 1.15204, 1.26874, 1.2715, 1.35544, 1.3582, 1.36096, 1.30945, 1.31332, 1.11513, 1.27197, 1.27473, 1.03022, 1.03167, 1.30925, 1.15724, 1.36473, 1.36749, 1.37025, 1.09867, 1.10143, 0.899047, 1.13299, 1.13575, 1.13906, 1.14182, 1.31755, 1.09454, 1.09626, 1.40391, 1.40611, 1.2287, 1.36653, 1.36897, 1.27756, 1.52538, 2.40088, 2.34701, 2.34993, 2.41214, 2.36502, 1.89103, 1.82315, 1.75517, 1.70863, 1.71139, 1.37844, 1.65595, 1.65866, 1.24439, 1.34754, 1.34982, 1.4365, 1.43926, 1.61586, 1.82741, 1.83017, 1.61042, 1.91338, 1.77887, 1.29912, 1.53775, 1.54051, 1.24256, 1.52021, 1.89413, 1.83703, 1.84034, 1.84297, 1.67682, 1.65702, 1.65978, 1.66254, 1.6653, 1.6742, 1.42452, 1.42728, 1.62289, 1.78395, 1.66949, 1.72682, 1.77297, 1.48167, 1.46648, 1.54948, 1.64207, 1.4389, 1.44152, 1.63568, 1.55323, 1.45771, 1.46158, 1.46434, 1.50261, 1.51297, 1.51568, 1.51789, 1.86713, 1.74608, 1.55748, 1.70273, 1.70604, 1.45801, 1.46077, 1.72273, 1.60333, 1.60609, 1.51941, 1.63948, 1.68456, 1.68663, 1.96262, 1.96511, 1.85046, 1.4818, 1.52992, 1.72523, 1.72799, 1.73075, 2.04818, 2.10847, 1.78218, 1.78494, 1.97402, 1.71504, 1.44725, 1.5504, 1.55323, 1.75114, 1.92636, 1.92912, 1.91407, 1.91628, 1.59462, 1.37707, 1.3382, 1.73375,
0, 0, 0, 0, 0, 0, 0, 0, 0, 0, 0, 0, 0, 0, 0, 0, 0, 0, 0, 0, 0, 0, 0, 0, 0, 0, 0, 0, 0, 0, 0, 0, 0, 0, 0.707289, 0.706759, 0, 0, 0, 0, 0, 0, 0, 0, 0, 0, 0, 0, 0, 0, 0, 0, 0, 0, 0.795332, 0.794338, 0, 0.883789, 0, 0, 0, 0, 0, 0, 0, 0, 0, 0, 0, 0, 0, 0, 0, 0, 0, 0, 0, 0, 0, 0, 0, 0, 0, 0, 0, 0, 0, 0, 0, 0, 0, 0, 0, 0, 0, 0, 1.05803, 0.909441, 1.30882, 1.30803, 1.65939, 0, 1.63569, 1.23393, 1.23294, 1.03623, 1.03502, 0, 0, 0, 0, 0, 0, 0, 0.704827, 0, 0, 0.758734, 0.75774, 0, 0, 0, 0, 0.719547, 0, 0, 0, 0, 0, 0, 0, 0, 0, 0, 0, 0, 0, 0, 0, 0, 0, 0, 0, 0, 0, 0, 0, 0, 0, 0, 0, 0, 0, 0, 0, 0, 0, 0, 0, 0, 0, 0, 0, 0, 0, 0, 0, 0, 0, 0, 0, 0, 0, 0, 0, 0, 0, 0, 0, 0, 0, 0, 0, 0, 1.01331, 0, 0, 0, 0, 0, 0.821217, 1.82026, 1.81933, 1.81833, 1.95171, 0.95077, 0, 0, 0, 0, 0, 0, 0, 0, 0, 0, 0, 0, 0, 1.22101, 1.22044, 0.801386, 0.800441, 0.799447, 0, 0, 0, 0, 0, 0, 0, 0, 0, 0, 0, 0, 0, 0, 0, 0, 0, 0, 0, 0.738495, 0, 1.34774, 1.38146, 1.38047, 1.50324, 1.502, 0, 0, 0, 0, 0, 0, 0, 0, 0, 0, 0, 0, 0, 0, 0, 0, 0, 0, 0, 0, 0, 0, 0, 0, 0, 0, 0, 0, 0, 0, 0, 0, 0, 0, 0, 0, 0, 0, 0, 0, 0, 0, 0, 0, 0, 0, 0, 0, 0, 0, 0, 0, 0, 0, 0, 0, 0, 0, 0, 0, 0, 0, 0, 0, 0, 0, 0, 0, 0, 0, 0, 0, 0, 0, 0, 0, 0, 0, 0, 0, 0, 0, 0, 0, 0, 0, 0, 0, 0, 0, 0, 0, 0, 0, 0, 0, 0, 0, 0, 0, 0, 0, 0, 0, 0, 0, 0, 0, 0, 0, 0, 0, 0, 0, 0, 0, 0, 1.13033, 1.07319, 1.07198, 1.12889, 1.07972, 0, 0, 0, 0, 0, 0, 0, 0, 0, 0, 0, 0, 0, 0, 0, 0, 0, 0, 0, 0, 0, 0, 0, 0, 0, 0, 0, 0, 0, 0, 0, 0, 0, 0, 0, 0, 0, 0, 0, 0, 0, 0, 0, 0, 0, 0, 0, 0, 0, 0, 0, 0, 0, 0, 0, 0, 0, 0, 0, 0, 0, 0, 0, 0, 0, 0, 0, 0, 0, 0, 0, 0, 0, 0, 0, 0, 0, 0, 0, 0, 0, 0, 0, 0, 0, 0, 0, 0, 0, 0, 0, 0, 0, 0, 0, 0,
0.925924, 1.08156, 1.09663, 0.867508, 0, 0, 0, 0, 0, 0, 0, 0.785183, 0, 0, 0.80022, 0.716446, 0, 0.800215, 0.815285, 0, 0.771282, 1.0537, 0.975956, 0.983993, 1.12504, 0.979392, 0.742122, 0.757192, 0.775401, 0.760621, 0.886698, 0.979729, 0.994799, 1.00711, 1.07612, 1.18481, 1.04317, 1.11779, 1.13286, 0.905193, 0.81465, 0.826203, 0, 0, 0.850327, 1.10417, 1.25655, 1.27162, 1.28317, 1.26308, 1.09754, 1.18048, 1.17087, 1.43437, 1.58121, 1.59628, 1.45884, 1.67079, 1.30801, 1.11297, 1.22532, 1.24265, 0.991974, 1.0423, 1.06039, 1.22925, 1.33396, 1.34853, 1.32789, 1.34296, 1.11217, 1.29188, 1.30996, 1.36029, 1.59054, 1.60548, 1.60233, 1.61715, 1.80663, 1.59155, 1.6026, 1.45204, 1.4651, 1.28434, 1.4279, 1.69159, 1.61194, 1.62651, 1.64095, 1.51206, 1.28079, 1.44299, 1.49709, 1.51216, 1.52723, 1.54305, 2.39175, 2.38578, 2.60717, 2.62149, 2.83655, 1.99789, 2.85705, 2.80015, 2.81522, 3.50495, 3.51776, 2.53584, 2.67284, 2.68791, 1.76906, 2.03449, 2.04956, 1.91652, 2.32727, 2.32205, 2.08702, 2.55189, 2.56244, 2.29701, 2.31044, 2.40575, 2.38467, 2.52514, 2.47762, 2.48917, 2.54448, 2.25986, 1.94524, 1.96107, 2.2357, 2.1459, 2.16097, 2.31912, 2.33419, 2.07928, 2.21832, 2.47156, 2.60858, 2.62365, 2.67681, 2.68704, 2.65103, 2.48151, 2.71391, 2.5345, 2.54881, 2.59914, 2.61346, 2.56098, 2.57605, 2.591, 2.72823, 2.74305, 2.42462, 2.71445, 2.72651, 2.60856, 2.72827, 2.65552, 2.44012, 2.45595, 2.72982, 2.64003, 2.65434, 2.63039, 2.64546, 2.5535, 2.74216, 2.76025, 2.77519, 2.8851, 2.74098, 2.71813, 2.97577, 2.99021, 2.94871, 2.96014, 2.82823, 2.59395, 3.02712, 3.00316, 3.22396, 3.23601, 3.45196, 3.21939, 3.23446, 3.04396, 3.05903, 2.70864, 3.72321, 4.73451, 4.74581, 4.76088, 5.77558, 4.79491, 3.81299, 3.94999, 3.96506, 3.21351, 3.22783, 3.24289, 3.11011, 3.16044, 3.277, 3.29207, 3.72523, 3.74018, 3.72679, 4.41105, 4.42461, 4.02159, 4.03364, 4.04871, 3.32555, 3.5447, 3.56279, 3.58087, 3.79659, 3.62496, 3.42088, 3.57138, 3.58481, 3.3337, 3.34877, 3.78152, 3.65351, 3.66556, 3.68063, 3.94128, 3.68364, 4.11606, 4.13188, 4.1962, 4.10512, 4.828, 4.87779, 4.89286, 5.00176, 5.01959, 4.11238, 4.0913, 4.10336, 3.98541, 4.10813, 4.03239, 3.63681, 3.65263, 3.90477, 3.81195, 3.82913, 3.84419, 4.06383, 3.84509, 3.86016, 3.87523, 3.8903, 3.6957, 3.85385, 3.86892, 4.13183, 4.1474, 4.23618, 4.33693, 4.35501, 4.17291, 4.59251, 4.59722, 4.48119, 4.67595, 4.69077, 4.43935, 4.4034, 4.41847, 4.20381, 4.52045, 4.47214, 4.49098, 4.50605, 4.51429, 4.39324, 4.36707, 4.38138, 4.74518, 4.77327, 4.70058, 4.76242, 4.77385, 4.49968, 4.36018, 4.37525, 4.39098, 4.40906, 4.59413, 4.61246, 4.66378, 4.94878, 4.96373, 4.97918, 4.99375, 5.01183, 4.87269, 4.89664, 4.82685, 4.83287, 5.25887, 5.00629, 5.05215, 5.06572, 5.22132, 4.87504, 4.88258, 4.87084, 4.97853, 4.77933, 4.88521, 4.95426, 4.87796, 4.80342, 4.81849, 4.84556, 4.71653, 4.7316, 4.77968, 4.79475, 4.94564, 4.96071, 4.97578, 5.08312, 5.10422, 4.8948, 5.06486, 5.07993, 4.93193, 4.94097, 5.09762, 4.96147, 5.18071, 5.19578, 5.21084, 5.07982, 5.09488, 4.9088, 5.15278, 5.16784, 5.18593, 5.201, 5.38682, 5.17587, 5.18491, 5.34349, 5.35555, 5.18831, 5.33049, 5.33903, 5.29161, 5.55452, 6.42954, 6.4489, 6.4646, 6.5007, 6.51226, 6.24928, 6.21301, 6.19206, 6.17023, 6.1853, 5.6698, 5.82871, 5.84453, 5.43603, 5.5452, 5.56039, 5.69467, 5.70974, 5.90392, 6.26142, 6.27649, 6.07446, 6.38984, 6.21503, 5.7491, 5.99776, 6.01283, 5.73011, 5.88826, 6.39366, 6.2297, 6.24779, 6.26298, 6.43666, 6.42759, 6.44266, 6.45773, 6.4728, 6.51357, 6.05979, 6.07486, 6.49458, 6.52813, 6.28836, 6.30766, 6.44364, 6.12181, 6.11099, 6.16113, 6.27861, 6.14528, 6.1596, 6.31112, 6.31697, 6.1808, 6.1921, 6.20717, 6.25775, 6.36935, 6.38141, 6.39723, 6.71773, 6.64784, 6.48279, 6.99465, 7.01273, 6.77697, 6.79204, 7.07178, 6.67252, 6.68759, 6.54242, 6.84469, 6.90288, 6.91355, 7.05711, 7.06603, 6.80322, 6.46437, 6.56706, 6.78715, 6.80222, 6.81729, 7.15452, 7.15359, 6.88158, 6.89665, 7.0548, 6.80321, 6.54365, 6.65281, 6.66499, 6.91654, 7.10792, 7.12299, 7.12124, 7.13606, 6.82255, 6.61884, 6.61783, 7.02328,
0.877667, 0.887814, 0.892973, 0.79101, 0, 0, 0, 0, 0, 0, 0, 0, 0, 0, 0, 0, 0, 0, 0, 0, 0, 0.769214, 0.750982, 0.754637, 0.758722, 0.711741, 0, 0, 0, 0, 0, 0, 0, 0, 0, 0, 0, 0, 0, 0, 0, 0, 0, 0, 0, 0, 0.703449, 0.708609, 0.712994, 0.718154, 0, 0, 0, 0.804717, 0.842595, 0.847754, 0.852914, 0.922152, 0.74574, 0, 0, 0, 0, 0, 0, 0, 0, 0, 0, 0, 0, 0, 0, 0, 0.808918, 0.814078, 0.748118, 0.753278, 0.839662, 0.844822, 0.84809, 0, 0, 0, 0, 0.804169, 0.809328, 0.813542, 0.817627, 0, 0, 0, 0, 0, 0, 0, 0, 0, 0.707031, 0.712276, 0.89479, 0.900207, 1.6991, 1.70323, 1.70839, 2.51318, 2.51912, 1.5259, 1.65112, 1.65628, 0, 0.941273, 0.946433, 0.824494, 0.979047, 0.98425, 0.846238, 1.0302, 1.03278, 1.17853, 1.18365, 1.18778, 1.15736, 1.23837, 1.24353, 1.24792, 1.25213, 1.06164, 0.737097, 0.742515, 1.009, 0.90512, 0.91028, 1.05865, 1.06381, 0.80614, 0.917142, 1.05888, 1.13147, 1.13663, 1.17945, 1.18251, 1.13676, 1.14089, 1.29138, 1.17314, 1.17727, 1.20343, 1.20755, 1.02426, 1.02942, 1.03462, 1.16195, 1.16702, 0.970655, 1.17811, 1.18336, 1.13615, 1.15813, 1.16329, 0.895962, 0.90009, 1.16396, 1.08224, 1.08637, 1.06945, 1.07461, 0.977842, 1.15655, 1.16068, 1.16588, 1.17104, 1.11533, 1.07949, 1.24201, 1.24566, 1.25082, 1.25491, 1.13687, 0.896809, 1.32096, 1.30512, 1.34543, 1.35068, 1.39476, 1.1956, 1.20076, 1.17069, 1.17585, 0.927405, 1.12464, 1.94235, 1.94656, 1.95172, 2.95124, 2.9564, 1.96318, 2.0884, 2.09356, 1.33282, 1.33695, 1.34211, 1.19912, 1.22528, 1.21951, 1.22467, 1.56207, 1.56723, 1.57045, 1.44973, 1.45481, 1.2268, 1.23093, 1.23609, 1.31116, 1.45219, 1.4574, 1.46247, 1.5331, 1.53904, 1.34978, 1.49553, 1.50064, 1.23564, 1.2408, 1.52064, 1.38258, 1.38671, 1.39187, 1.46637, 1.25168, 1.62109, 1.62728, 1.63167, 1.61835, 1.62287, 1.6614, 1.66656, 1.76291, 1.76798, 1.77211, 1.74169, 1.74694, 1.69973, 1.72068, 1.72584, 1.31627, 1.32169, 1.56348, 1.46063, 1.46476, 1.46992, 1.65994, 1.45413, 1.45929, 1.46445, 1.46961, 1.26536, 1.41373, 1.41889, 1.67133, 1.67744, 1.68165, 1.78193, 1.78709, 1.66996, 2.00614, 2.01027, 1.94622, 2.07459, 2.07966, 1.8208, 1.82519, 1.83035, 1.60402, 1.84596, 1.78774, 1.79393, 1.79909, 1.8469, 1.69441, 1.69957, 1.7037, 1.97972, 1.9868, 1.99119, 1.9954, 1.99948, 1.76102, 1.61164, 1.6168, 1.62648, 1.63267, 1.80912, 1.81334, 1.8185, 2.06355, 2.06871, 2.08302, 2.08741, 2.09257, 1.94348, 1.9477, 1.94714, 1.95024, 1.95394, 1.84863, 1.83942, 1.8444, 1.89507, 1.89782, 1.90036, 1.93549, 1.93923, 1.7961, 1.83116, 1.88235, 1.80634, 1.8115, 1.81666, 1.82089, 1.69583, 1.70099, 1.74107, 1.74623, 1.88693, 1.89209, 1.89725, 1.99659, 2.00098, 1.78147, 1.92052, 1.92568, 1.76946, 1.77255, 1.92041, 1.79297, 1.93873, 1.94389, 1.94905, 1.80996, 1.81512, 1.68071, 1.91713, 1.92229, 1.92642, 1.93158, 2.02408, 1.88914, 1.89172, 2.04725, 2.05176, 1.87752, 1.9896, 1.99252, 1.95469, 2.13312, 2.88934, 2.90157, 2.90768, 2.91284, 2.91705, 2.75524, 2.75937, 2.76376, 2.73231, 2.73747, 2.21205, 2.36145, 2.36764, 1.95545, 2.04744, 2.05264, 2.19408, 2.19924, 2.2816, 2.50824, 2.5134, 2.51779, 2.522, 2.40504, 2.08441, 2.28068, 2.28584, 2.11813, 2.26651, 2.63143, 2.58765, 2.59178, 2.5969, 2.76347, 2.74977, 2.75493, 2.76009, 2.76525, 2.79583, 2.33021, 2.33537, 2.74723, 2.75238, 2.52119, 2.52557, 2.63798, 2.30476, 2.30726, 2.34994, 2.35511, 2.30841, 2.31254, 2.35673, 2.36112, 2.27526, 2.27964, 2.2848, 2.32564, 2.41319, 2.41831, 2.4245, 2.64719, 2.65235, 2.51438, 3.01909, 3.02451, 2.78478, 2.78994, 2.98685, 2.65436, 2.65952, 2.5014, 2.79652, 2.8435, 2.84626, 2.84884, 2.85382, 2.7112, 2.34576, 2.37716, 2.44158, 2.44674, 2.4519, 2.67468, 2.66632, 2.67148, 2.67664, 2.74008, 2.6036, 2.33469, 2.42667, 2.43084, 2.68651, 2.69072, 2.69588, 2.68422, 2.6893, 2.54231, 2.32622, 2.31728, 2.71746,
0, 0, 0, 0, 0, 0, 0, 0, 0, 0, 0, 0, 0, 0, 0, 0, 0, 0, 0, 0, 0, 0, 0, 0, 0, 0, 0, 0, 0, 0, 0, 0, 0, 0, 0, 0, 0, 0, 0, 0, 0, 0, 0, 0, 0, 0, 0, 0, 0, 0, 0, 0, 0, 0, 0, 0, 0, 0, 0, 0, 0, 0, 0, 0, 0, 0, 0, 0, 0, 0, 0, 0, 0, 0, 0, 0, 0, 0, 0, 0, 0, 0, 0, 0, 0, 0, 0, 0, 0, 0, 0, 0, 0, 0, 0, 0, 0, 0, 0, 0, 0, 0, 0, 0, 0, 1.32381, 1.3264, 1.33029, 1.33369, 1.33693, 0, 0, 0, 0, 0, 0, 0, 0, 0, 0, 0, 0, 0, 0, 0, 0, 0, 0, 0, 0, 0, 0, 0, 0, 0, 0, 0, 0, 0, 0, 0, 0, 0, 0, 0, 0, 0, 0, 0, 0, 0, 0, 0, 0, 0, 0.709586, 0.712826, 0.716066, 0.718837, 0.722077, 0, 0, 0, 0, 0, 0, 0, 0, 0, 0, 0, 0.702445, 0.704119, 0, 0, 0, 0, 0, 0, 0, 0, 0, 0, 0, 0, 0, 0, 0, 0, 0, 0, 0.921238, 0.923776, 0.927016, 1.59917, 1.60099, 1.60488, 1.60828, 1.61152, 0.762829, 0.766069, 0.769309, 0, 0, 0.759486, 0.762726, 0.766897, 0.770137, 0.772162, 0.750175, 0.753009, 0, 0, 0, 0.7892, 0.800901, 0.804195, 0.807489, 0.875677, 0.87589, 0.878563, 0.880183, 0.883018, 0.829254, 0.832494, 0.836854, 0, 0, 0.70277, 0.775914, 0.778628, 0.815904, 0.818496, 0.822071, 0.824004, 0.828664, 0.864473, 0.867713, 0.877599, 0.881541, 0.882725, 0.885799, 0.888985, 0.889088, 0.892508, 0.895748, 0.866787, 0.870189, 0.88132, 0.88456, 0.888448, 0.891688, 0.963809, 0.967049, 0.970289, 0.973529, 0.976769, 0.794583, 0.94098, 0.94422, 0.94746, 0.950884, 0.95394, 1.05292, 1.05617, 1.05941, 1.24617, 1.25007, 1.25336, 1.25718, 1.26047, 1.00018, 1.00293, 1.00617, 1.00868, 1.12325, 1.12739, 1.13068, 1.13392, 1.137, 1.02081, 1.02315, 1.02639, 1.0859, 1.08866, 1.09175, 1.09517, 1.09812, 1.04949, 0.956341, 0.959581, 1.09099, 1.09488, 1.09764, 1.10147, 1.10471, 1.04138, 1.04462, 1.05755, 1.06183, 1.06507, 1.17685, 1.18156, 1.18324, 1.18478, 1.1878, 1.12537, 1.09022, 1.09305, 1.09772, 1.09942, 1.10104, 1.13541, 1.13799, 1.13969, 1.14285, 1.1456, 1.06767, 1.07042, 1.07366, 1.0769, 1.07972, 1.08296, 1.08694, 1.09018, 1.22934, 1.23258, 1.23582, 1.2414, 1.24415, 1.17842, 1.18124, 1.18448, 1.04533, 1.04703, 1.17588, 1.17912, 1.18171, 1.18495, 1.18819, 1.04892, 1.05216, 1.0554, 1.19802, 1.20126, 1.20515, 1.20839, 1.21114, 1.13197, 1.134, 1.23095, 1.23355, 1.23622, 1.23784, 1.24067, 1.23421, 1.23745, 1.42851, 1.4317, 1.43519, 1.43843, 1.4414, 1.64461, 1.64785, 1.65174, 1.65498, 1.65822, 1.27053, 1.27632, 1.27956, 1.28123, 1.28253, 1.28558, 1.29372, 1.29696, 1.33692, 1.34107, 1.34431, 1.34856, 1.3517, 1.29471, 1.23712, 1.36696, 1.3702, 1.37344, 1.37668, 1.37965, 1.36557, 1.36945, 1.37269, 1.50635, 1.5103, 1.51354, 1.51678, 1.52002, 1.54907, 1.55224, 1.55548, 1.55927, 1.56251, 1.37465, 1.37867, 1.44428, 1.44757, 1.44911, 1.45227, 1.45592, 1.40547, 1.40871, 1.43414, 1.43769, 1.44093, 1.44368, 1.44692, 1.34234, 1.42403, 1.42721, 1.4311, 1.43434, 1.43557, 1.43389, 1.80014, 1.80403, 1.80806, 1.8113, 1.81554, 1.51353, 1.51677, 1.51938, 1.61815, 1.62041, 1.62211, 1.62373, 1.62689, 1.48211, 1.4862, 1.49015, 1.44573, 1.44897, 1.45221, 1.48019, 1.48459, 1.48783, 1.49107, 1.51598, 1.51922, 1.51937, 1.52067, 1.52418, 1.52498, 1.52881, 1.53205, 1.53529, 1.53853, 1.49159, 1.49473, 1.48425, 1.60953,
0, 0, 0, 0, 0.772418, 0.775937, 0, 0.718575, 0.723008, 0, 0, 0, 0, 0, 0.806686, 0.729665, 0.719079, 0.941386, 0.944746, 0.851647, 0.9519, 1.12322, 1.12847, 1.13018, 1.13351, 1.12541, 0.855562, 0.858922, 0.862982, 0.792685, 0.836549, 0.845373, 0.848733, 0.850781, 0.852093, 0.860234, 0.86332, 0.868086, 0, 0, 0.768958, 0.771618, 0, 0, 0.791393, 0.976449, 0.981427, 0.984787, 0.988811, 0.795628, 0, 0, 0, 0, 0, 0, 0, 0, 0, 0, 0, 0, 0, 0, 0, 0, 0.916264, 0.920968, 0.924328, 0.927688, 0, 0, 0, 0, 0, 0, 0, 0, 0, 0, 0, 0.906234, 0.908894, 0.712277, 0.93413, 0.975699, 0.979901, 0.983149, 0.986369, 0, 0, 0, 0, 0, 0, 0, 0, 0, 0, 0, 0.725593, 0.726809, 0.860636, 0.737988, 0.741348, 1.45712, 1.45975, 1.34269, 2.3458, 2.34916, 1.3734, 1.49785, 1.50121, 0, 0, 0, 0, 0, 0, 1.08213, 1.08513, 1.08917, 1.09537, 1.1783, 0.864369, 0.868617, 0.885158, 0.888518, 0, 0, 0.827331, 0, 0, 1.14124, 1.1446, 0.99739, 1.14144, 1.14354, 1.14483, 1.1482, 1.15271, 0.837996, 0.821867, 0.825059, 0, 0, 0, 0, 0, 0.730386, 0.733746, 0.737078, 1.14533, 1.14863, 1.14819, 1.29302, 1.29644, 0.981824, 0.999273, 1.00262, 0.794039, 0.798071, 0.929587, 0.831273, 0.834465, 0, 0, 0, 0.810657, 0.814689, 0.818021, 0.984279, 0.986183, 1.22552, 1.26085, 1.26408, 1.26791, 1.27113, 0.869433, 0.731158, 0.838435, 0, 0.888182, 0.891598, 0.896058, 0.868909, 0.872269, 0.770207, 0.773567, 0, 0, 0.986155, 0.989403, 0.992763, 1.74268, 1.74451, 1.62745, 2.63056, 2.63392, 1.67252, 1.67571, 1.67907, 0.851521, 0.875449, 0.943819, 0.947179, 0.951505, 0.954837, 0.878068, 0.816608, 0.819576, 0.719019, 0.722435, 0.725795, 0.813787, 1.03457, 1.0379, 1.04121, 1.11817, 1.11839, 0.903741, 1.47108, 1.47408, 1.27708, 1.28044, 1.28508, 0.760201, 0.764233, 0.767593, 0.917127, 0.919941, 1.02789, 1.03058, 1.03429, 1.02635, 1.03118, 1.06711, 1.07047, 1.46449, 1.46846, 1.46969, 1.47589, 1.4793, 1.16469, 1.18197, 1.18532, 1.04936, 1.05288, 1.17233, 0.913167, 0.917199, 0.920559, 1.0816, 0.996136, 0.999496, 1.00286, 1.00622, 0.824012, 1.39306, 1.39642, 1.54175, 1.54522, 1.54847, 1.3316, 1.33442, 1.33765, 1.5247, 1.47769, 1.48057, 1.48653, 1.49006, 1.24248, 1.24585, 1.24921, 1.28871, 1.40534, 1.4073, 1.41077, 1.41413, 1.74624, 1.63015, 1.63258, 1.636, 1.69571, 1.36011, 1.27267, 1.31401, 1.31787, 1.26942, 1.11865, 1.12201, 1.12464, 1.12867, 1.43731, 1.44117, 1.44453, 1.38175, 1.38511, 1.3405, 1.34494, 1.34827, 1.45984, 1.3982, 1.40049, 1.40184, 1.40703, 1.267, 1.20631, 1.20897, 1.25169, 1.25289, 1.25445, 1.28937, 1.29455, 1.28188, 1.42736, 1.42993, 1.3511, 1.35331, 1.35667, 1.49783, 1.4118, 1.41516, 1.5229, 1.52626, 1.66636, 1.66972, 1.67308, 1.54267, 1.54738, 1.32261, 1.3431, 1.34646, 1.12645, 1.12824, 1.65429, 1.64002, 1.64254, 1.6459, 1.64926, 1.09026, 1.09362, 1.09449, 1.23737, 1.24073, 1.24476, 1.24812, 1.3426, 1.20577, 1.20787, 1.55042, 1.55311, 1.49794, 1.84373, 1.84679, 1.78765, 1.84248, 2.0347, 1.84141, 1.84488, 1.84775, 1.85148, 2.05522, 1.85018, 1.80732, 1.89106, 1.89442, 1.36606, 1.88131, 1.88484, 1.74583, 1.85518, 1.85823, 1.59856, 1.60192, 1.64216, 1.45542, 1.45878, 1.44029, 1.44349, 1.37997, 1.28069, 1.45289, 1.45625, 1.41735, 1.9864, 1.98947, 1.97552, 1.97955, 1.98294, 1.66593, 1.71401, 1.71737, 1.72073, 1.72409, 1.75408, 1.59759, 1.60095, 1.68143, 1.78612, 1.59679, 1.60257, 1.66791, 1.67138, 1.6555, 2.07568, 2.07947, 2.02906, 2.03248, 2.0581, 1.72421, 1.59357, 1.59828, 1.60164, 1.50614, 1.59045, 1.59364, 1.59632, 1.59968, 1.597, 1.48163, 1.96236, 1.9664, 1.92199, 1.92535, 1.93095, 1.62812, 1.63148, 1.5685, 1.71645, 1.76058, 1.76304, 2.23882, 2.24221, 2.08058, 2.05292, 2.0587, 1.69911, 1.70247, 1.70583, 1.73427, 1.73883, 1.7396, 1.74296, 2.111, 2.07575, 1.99279, 2.10214, 2.10586, 1.83886, 1.84289, 1.84625, 1.83553, 1.83884, 1.77214, 1.70392, 1.60119, 1.80136,
0, 0, 0, 0, 0.76056, 0.761453, 0, 0.702412, 0.70327, 0, 0, 0, 0, 0, 0.771284, 0, 0, 0.901584, 0.902635, 0.806742, 0.904685, 1.07556, 1.0764, 1.07704, 1.07798, 1.06749, 0.796392, 0.797444, 0.798276, 0.725707, 0.767877, 0.774073, 0.775124, 0.775702, 0.77614, 0.781106, 0.781623, 0.782473, 0, 0, 0, 0, 0, 0, 0, 0.880441, 0.881299, 0.882351, 0.883183, 0, 0, 0, 0, 0, 0, 0, 0, 0, 0, 0, 0, 0, 0, 0, 0, 0, 0.772915, 0.773809, 0.77486, 0.775912, 0, 0, 0, 0, 0, 0, 0, 0, 0, 0, 0, 0.727399, 0.728415, 0, 0.751603, 0.792558, 0.793609, 0.794468, 0.7953, 0, 0, 0, 0, 0, 0, 0, 0, 0, 0, 0, 0, 0, 0, 0, 0, 1.2255, 1.22674, 1.10643, 2.10725, 2.1083, 1.13069, 1.25376, 1.25481, 0, 0, 0, 0, 0, 0, 0.821153, 0.822196, 0.823037, 0.828137, 0.908018, 0, 0, 0, 0, 0, 0, 0, 0, 0, 0.846664, 0.847716, 0.70079, 0.843719, 0.844458, 0.845194, 0.846245, 0.847077, 0, 0, 0, 0, 0, 0, 0, 0, 0, 0, 0, 0.814559, 0.815593, 0.810432, 0.954378, 0.955447, 0, 0, 0, 0, 0, 0, 0, 0, 0, 0, 0, 0, 0, 0, 0, 0, 0.845785, 0.881771, 0.882515, 0.883567, 0.884399, 0, 0, 0, 0, 0, 0, 0, 0, 0, 0, 0, 0, 0, 0, 0, 0, 1.31479, 1.31584, 1.19553, 2.19635, 2.1974, 1.23501, 1.23585, 1.2369, 0, 0, 0, 0, 0, 0, 0, 0, 0, 0, 0, 0, 0, 0, 0, 0, 0, 0, 0, 0.98831, 0.989353, 0.788303, 0.789354, 0.790213, 0, 0, 0, 0, 0, 0, 0, 0, 0, 0, 0, 0, 0.940223, 0.941257, 0.942098, 0.947199, 0.948268, 0, 0, 0, 0, 0, 0, 0, 0, 0, 0, 0, 0, 0, 0, 0, 0.824591, 0.825642, 0.969248, 0.970492, 0.971351, 0.752974, 0.753973, 0.755024, 0.937446, 0.888748, 0.890009, 0.891113, 0.892375, 0, 0, 0, 0, 0.797571, 0.796247, 0.797491, 0.798542, 1.12839, 1.01222, 1.01327, 1.01434, 1.06803, 0.731374, 0, 0, 0, 0, 0, 0, 0, 0, 0.78853, 0.789424, 0.790475, 0.725257, 0.726308, 0, 0, 0, 0.792521, 0.729185, 0.730166, 0.730797, 0.73155, 0, 0, 0, 0, 0, 0, 0, 0, 0, 0.737182, 0.73804, 0, 0, 0, 0.796714, 0.707736, 0.708788, 0.816249, 0.817301, 0.953941, 0.954992, 0.956043, 0.82328, 0.824173, 0, 0, 0, 0, 0, 0.917609, 0.901862, 0.902703, 0.903754, 0.904806, 0, 0, 0, 0, 0, 0, 0, 0, 0, 0, 0.780549, 0.781469, 0.726637, 1.06948, 1.07054, 1.01093, 1.06334, 1.25288, 1.05727, 1.05851, 1.05956, 1.06042, 1.26225, 1.05486, 1.00881, 1.09024, 1.09129, 0, 1.07348, 1.07474, 0.93497, 1.04301, 1.04407, 0.782031, 0.783083, 0.819103, 0, 0, 0, 0, 0, 0, 0, 0, 0, 1.14225, 1.14309, 1.12623, 1.12707, 1.12811, 0.811007, 0.857359, 0.85841, 0.859461, 0.860512, 0.888971, 0.729493, 0.730545, 0.809358, 0.91039, 0.719024, 0.719918, 0.783074, 0.784318, 0.769218, 1.1852, 1.18625, 1.13733, 1.1384, 1.1606, 0.823948, 0, 0, 0, 0, 0, 0, 0, 0, 0, 0, 1.03693, 1.03777, 0.991706, 0.992757, 0.993651, 0, 0, 0, 0.772975, 0.814752, 0.815418, 1.28926, 1.29022, 1.12729, 1.09823, 1.10154, 0.740292, 0.741344, 0.742395, 0.766575, 0.767913, 0.768964, 0.770015, 1.13267, 1.09864, 1.01224, 1.12028, 1.12113, 0.853912, 0.85477, 0.855821, 0.842796, 0.84383, 0.77491, 0.703881, 0, 0.799645,
0, 0, 0, 0, 0.737243, 0.741374, 0, 0.703594, 0.708463, 0, 0, 0, 0, 0, 0.757676, 0.762251, 0.726299, 0.730032, 0.733632, 0, 0, 0.739529, 0.745109, 0.747089, 0.840581, 0.743118, 0.72018, 0.72378, 0.72804, 0, 0.74452, 0.747693, 0.751293, 0.794553, 0.79624, 0.741935, 0.745242, 0.750348, 0, 0, 0, 0, 0, 0, 0.785533, 0.854015, 0.859469, 0.863069, 0.896365, 0.701918, 0.705312, 0, 0, 0, 0, 0, 0, 0, 0, 0, 0, 0, 0, 0, 0, 0, 0.737443, 0.742483, 0.746083, 0.749683, 0, 0, 0, 0, 0, 0, 0, 0, 0, 0, 0, 0.750673, 0.753372, 0.731169, 1.02934, 1.03682, 1.04132, 1.04528, 1.04885, 0, 0, 0, 0.732704, 0.736304, 0.739904, 0.744224, 0, 0, 1.37899, 1.38277, 1.42224, 1.42354, 1.47034, 0.720528, 0.724128, 0.715066, 0.717766, 0, 1.40562, 1.40922, 1.42894, 1.56585, 1.56945, 0.734051, 0.908998, 0.774364, 0.756093, 0.872789, 0.875129, 1.3402, 1.34326, 1.34759, 1.33855, 1.34196, 1.02814, 1.03318, 1.05002, 0.802841, 0.701546, 0.705326, 0.996558, 0.738322, 0.741922, 1.31124, 1.31484, 1.02828, 1.18133, 1.21529, 1.34338, 1.34698, 1.35202, 1.0379, 1.0415, 0.820002, 1.03084, 0.972669, 0.976449, 1.14081, 1.14444, 0.872514, 0.876114, 0.879774, 1.28826, 1.29168, 1.2332, 1.25221, 1.25599, 0.941438, 0.979809, 0.962714, 0.898233, 0.902553, 1.106, 1.00805, 1.01183, 0.854662, 0.858262, 0, 0.768047, 0.772367, 0.776027, 0.91522, 0.916839, 1.34704, 1.34935, 1.35187, 1.35038, 1.35395, 0.952721, 0.771776, 1.14038, 0.983211, 1.70416, 1.70794, 1.80314, 1.80571, 1.80931, 0.885364, 0.888964, 0, 0.858506, 0.983158, 0.987118, 0.990718, 1.02102, 1.02287, 0.820318, 1.71072, 1.71432, 2.68268, 2.68646, 2.69006, 1.69384, 1.85818, 1.08855, 1.09215, 1.23733, 1.24099, 1.16567, 1.12538, 1.12844, 0.930686, 0.934346, 0.937946, 0.890353, 1.11132, 1.11498, 1.1184, 1.12311, 1.09764, 0.900821, 1.45079, 1.45385, 1.32798, 1.33158, 1.69099, 1.12887, 1.13319, 1.13679, 1.32545, 1.03714, 1.34178, 1.34466, 1.34864, 1.34085, 1.34602, 1.35204, 1.35564, 1.74984, 1.75398, 1.75529, 1.74625, 1.75003, 1.43548, 1.45323, 1.45682, 1.10565, 1.10943, 1.37272, 1.11376, 1.11808, 1.12168, 1.23348, 1.12969, 1.13329, 1.13689, 1.14049, 0.88287, 1.45212, 1.45572, 1.64378, 1.64702, 1.65098, 1.3381, 1.34152, 1.31664, 1.35769, 1.31087, 1.31375, 1.37899, 1.38325, 1.43977, 1.44338, 1.44698, 1.33602, 1.33962, 1.33902, 1.34226, 1.34586, 1.67798, 1.66301, 1.64045, 1.64423, 1.84736, 1.51187, 1.42494, 1.46682, 1.47117, 1.4135, 1.26878, 1.27238, 1.18065, 1.18497, 1.49393, 1.49843, 1.50203, 1.61593, 1.61953, 1.56526, 1.57002, 1.57368, 1.47047, 1.40912, 1.38885, 1.39029, 1.43544, 1.43744, 1.37683, 1.37953, 1.42282, 1.42415, 1.42577, 1.26047, 1.34445, 1.34492, 1.43706, 1.4403, 1.4429, 1.4352, 1.4388, 1.58038, 1.48508, 1.48868, 1.63693, 1.64053, 1.55562, 1.55922, 1.56282, 1.43288, 1.43792, 1.3981, 1.50053, 1.50413, 1.24162, 1.24354, 1.81273, 1.71672, 1.95804, 1.96164, 1.96524, 1.40385, 1.40745, 1.17267, 1.24314, 1.24674, 1.25106, 1.25466, 1.38076, 1.31678, 1.31903, 1.69565, 1.69853, 1.57821, 2.04615, 2.04939, 1.91846, 1.96599, 1.99212, 1.79938, 1.80262, 1.96649, 1.97102, 1.9749, 1.77004, 1.77115, 1.76283, 1.76643, 1.61186, 2.18112, 2.18454, 1.83018, 2.02168, 2.02492, 1.82276, 1.82636, 1.8296, 1.6806, 1.6842, 1.6723, 1.67621, 1.61304, 1.52637, 1.67793, 1.68153, 1.46486, 2.03417, 2.13566, 2.13973, 2.14405, 2.14759, 1.6457, 1.62388, 1.62748, 1.63108, 1.63468, 1.68824, 1.53214, 1.53574, 1.70155, 1.81648, 1.81831, 1.8245, 1.8281, 1.66095, 1.60627, 2.03781, 2.06179, 2.06525, 2.06903, 2.07533, 1.75575, 1.67882, 1.68386, 1.68746, 1.64997, 1.72786, 1.73149, 1.73437, 1.92162, 1.82806, 1.80919, 1.92676, 1.93108, 1.64468, 1.64828, 1.82447, 1.77872, 1.78232, 1.71973, 1.78609, 1.83277, 1.83547, 2.33973, 2.34297, 2.34659, 2.17512, 2.226, 2.00578, 2.00938, 2.01298, 1.99682, 2.04519, 2.00273, 2.00633, 2.37472, 2.32472, 2.09478, 2.28628, 2.29024, 1.88676, 2.06978, 2.07338, 2.0629, 2.06632, 2.06922, 1.80797, 1.70543, 1.95915,
0, 0, 0, 0, 0.738146, 0.74229, 0, 0.704718, 0.709378, 0, 0, 0, 0, 0, 0.759671, 0.764399, 0.728558, 0.732415, 0.736135, 0, 0, 0.742195, 0.74801, 0.749994, 0.843178, 0.745835, 0.723111, 0.726831, 0.731109, 0, 0.747931, 0.75121, 0.75493, 0.798562, 0.800019, 0.745646, 0.749063, 0.75434, 0, 0, 0, 0, 0, 0, 0.790654, 0.859232, 0.864495, 0.868215, 0.901481, 0.707598, 0.711105, 0, 0, 0, 0, 0, 0, 0, 0, 0, 0, 0, 0, 0, 0, 0, 0.745282, 0.75049, 0.75421, 0.75793, 0, 0, 0, 0, 0, 0, 0, 0, 0, 0, 0, 0.760034, 0.762886, 0.740667, 1.039, 1.04659, 1.05124, 1.05484, 1.05834, 0, 0, 0, 0.743268, 0.746988, 0.750708, 0.755172, 0.706801, 0, 1.39048, 1.39426, 1.43392, 1.43527, 1.48176, 0.732123, 0.735843, 0.727275, 0.730189, 0, 1.4183, 1.42202, 1.44175, 1.57877, 1.58249, 0.746854, 0.921889, 0.787375, 0.769434, 0.886531, 0.888794, 1.35389, 1.35712, 1.3616, 1.35265, 1.3558, 1.04247, 1.04718, 1.0646, 0.817664, 0.716365, 0.719899, 1.01125, 0.753343, 0.757063, 1.32631, 1.33003, 1.04361, 1.19687, 1.23082, 1.35883, 1.36255, 1.36763, 1.05362, 1.05734, 0.835949, 1.047, 0.98916, 0.993066, 1.15712, 1.1608, 0.889149, 0.892869, 0.896775, 1.30538, 1.30929, 1.25095, 1.27005, 1.27359, 0.959501, 0.99806, 0.981017, 0.916314, 0.920778, 1.12471, 1.02651, 1.0303, 0.873561, 0.877281, 0, 0.786962, 0.791426, 0.795332, 0.934526, 0.936634, 1.3669, 1.36928, 1.37157, 1.37011, 1.37361, 0.972627, 0.791707, 1.16055, 1.00382, 1.72519, 1.72897, 1.82435, 1.82701, 1.83073, 0.906715, 0.910435, 0, 0.880217, 1.00529, 1.00889, 1.01261, 1.04343, 1.04546, 0.842907, 1.73357, 1.73729, 2.70578, 2.70956, 2.71328, 1.717, 1.88096, 1.1116, 1.11532, 1.26074, 1.26465, 1.18976, 1.14906, 1.15259, 0.954803, 0.958585, 0.962305, 0.9148, 1.13557, 1.13948, 1.14339, 1.14826, 1.12284, 0.926008, 1.47609, 1.47932, 1.35321, 1.35693, 1.71645, 1.15464, 1.1591, 1.16282, 1.35188, 1.06338, 1.36846, 1.37143, 1.37554, 1.36782, 1.37317, 1.3793, 1.38302, 1.77688, 1.78153, 1.78289, 1.77394, 1.77747, 1.46339, 1.48138, 1.48509, 1.13393, 1.13747, 1.40088, 1.14223, 1.1467, 1.15042, 1.26262, 1.15863, 1.16235, 1.16607, 1.16979, 0.912299, 1.48136, 1.48508, 1.67329, 1.67713, 1.68073, 1.36812, 1.37202, 1.34718, 1.38837, 1.34165, 1.34468, 1.41002, 1.41441, 1.47121, 1.47494, 1.47866, 1.36781, 1.37153, 1.37061, 1.37445, 1.37817, 1.71029, 1.69546, 1.67294, 1.67647, 1.87965, 1.54472, 1.45805, 1.49991, 1.50435, 1.44625, 1.30208, 1.3058, 1.21415, 1.21862, 1.52798, 1.53251, 1.53623, 1.65021, 1.65393, 1.59917, 1.60409, 1.60799, 1.50501, 1.44425, 1.42391, 1.4254, 1.47068, 1.47269, 1.41214, 1.41499, 1.45857, 1.4598, 1.46163, 1.29638, 1.38041, 1.38083, 1.47321, 1.47606, 1.47925, 1.47165, 1.47537, 1.61717, 1.52187, 1.52559, 1.67408, 1.6778, 1.59289, 1.59661, 1.60033, 1.47063, 1.47584, 1.43599, 1.53854, 1.54226, 1.27971, 1.28169, 1.85082, 1.75478, 1.99634, 2.00006, 2.00378, 1.44272, 1.44644, 1.21176, 1.2825, 1.28622, 1.29069, 1.29441, 1.42063, 1.35658, 1.35891, 1.73588, 1.73886, 1.6184, 2.08645, 2.08949, 1.95868, 2.00624, 2.03237, 1.84, 1.84384, 2.00767, 2.01235, 2.01586, 1.81093, 1.81279, 1.80459, 1.80831, 1.65374, 2.22281, 2.22646, 1.87224, 2.06402, 2.06706, 1.86536, 1.86908, 1.87193, 1.7237, 1.72742, 1.71555, 1.7191, 1.65654, 1.56981, 1.72176, 1.72548, 1.50863, 2.07787, 2.17946, 2.18367, 2.18814, 2.19167, 1.69049, 1.66864, 1.67236, 1.67608, 1.6798, 1.73349, 1.57735, 1.58107, 1.74716, 1.86226, 1.86416, 1.87055, 1.87427, 1.70728, 1.65254, 2.08422, 2.10832, 2.1119, 2.11543, 2.12182, 1.80283, 1.72592, 1.73113, 1.73485, 1.69748, 1.7755, 1.77919, 1.78216, 1.96971, 1.87556, 1.85725, 1.97503, 1.97949, 1.69338, 1.6971, 1.87293, 1.82762, 1.83134, 1.76872, 1.83547, 1.88216, 1.88489, 2.38921, 2.39225, 2.39599, 2.22464, 2.27555, 2.05597, 2.05969, 2.06341, 2.04735, 2.09595, 2.05356, 2.05728, 2.4254, 2.37544, 2.14566, 2.33744, 2.34123, 1.9382, 2.12101, 2.12473, 2.11437, 2.11827, 2.12127, 1.86014, 1.7577, 2.01166,
0, 0, 0, 0, 0.810259, 0.796347, 0, 0.846768, 0.848851, 0, 0, 0, 0, 0, 0.746687, 0.84682, 0.718258, 0.788472, 0.790786, 0, 0.703791, 0.79309, 0.714406, 0.716026, 0.869148, 0.709106, 0.738644, 0.740959, 0.742926, 0, 0.819102, 0.825035, 0.827349, 0.881498, 0.872695, 0.817424, 0.798628, 0.800132, 0, 0, 0, 0, 0, 0, 0.764026, 0.890013, 0.933664, 0.945474, 1.06485, 0.873533, 0.726733, 0, 0, 0, 0, 0, 0, 0, 0, 0, 0, 0, 0, 0, 0, 0, 0.736715, 0.738682, 0, 0, 0, 0, 0, 0, 0.707277, 0.710054, 0.725339, 0.728117, 0, 0, 0, 0, 0, 0, 0.928115, 1.10898, 0.936166, 0.937979, 0.939792, 0, 0, 0, 0, 0, 0, 0, 0, 0, 1.3964, 1.39883, 1.55608, 1.51103, 1.63421, 0.722732, 0.725047, 0, 0, 0, 1.32712, 1.32943, 1.32162, 1.50838, 1.51069, 0, 0.947692, 0.790179, 0, 0.729355, 0.730512, 1.19449, 1.19628, 1.29936, 1.28979, 1.29187, 0.915426, 0.917509, 0.934733, 0, 0, 0, 0.853409, 0, 0, 1.16362, 1.16594, 0.862071, 1.01526, 1.19545, 1.35414, 1.35645, 1.35844, 1.0445, 0.994274, 0, 0.920487, 0.796365, 0.798795, 0.959953, 0.962229, 0.749565, 0.751879, 0.754656, 1.16141, 1.16419, 1.04415, 1.30446, 1.30631, 0.851526, 1.04359, 0.869676, 0.701882, 0.704312, 1.01211, 0.824564, 0.826917, 0, 0, 0, 0, 0, 0, 0.78962, 0.704019, 1.13513, 1.31559, 1.31698, 1.21362, 1.21546, 0.734264, 0, 0.919837, 0.762806, 1.49485, 1.49728, 1.69103, 1.60884, 1.61115, 0, 0, 0, 0, 0.808904, 0.81145, 0.813764, 0.963659, 0.784512, 0, 1.52325, 1.52556, 2.43824, 2.44052, 2.44283, 1.44601, 1.60717, 0.853616, 0.85593, 1.22406, 1.22684, 1.06819, 1.00698, 1.00895, 0, 0, 0, 0.739703, 0.956798, 0.959575, 0.962352, 1.09519, 0.829309, 0, 1.18068, 1.18248, 1.05427, 1.05658, 1.41511, 0.853181, 0.855958, 0.858272, 1.04394, 0.7563, 1.0577, 1.0599, 1.27166, 1.08958, 1.23873, 1.24346, 1.24578, 1.63706, 1.63972, 1.56145, 1.55188, 1.55373, 1.13949, 1.25659, 1.1581, 0.803645, 0.805497, 1.06792, 0.809143, 0.81192, 0.814235, 1.01, 0.819922, 0.822236, 0.824551, 0.826865, 0, 1.13365, 1.13596, 1.32272, 1.32554, 1.46379, 1.34021, 1.34299, 1.16082, 1.35652, 1.31111, 0.986696, 1.18519, 1.18739, 1.23609, 1.1084, 1.11071, 0.998461, 1.22952, 1.20684, 1.2095, 1.21181, 1.54093, 1.32399, 1.29309, 1.29495, 1.5042, 1.27815, 1.0729, 1.23013, 1.23197, 1.05595, 0.912409, 0.914723, 0.839516, 0.842293, 1.14943, 1.15132, 1.2727, 1.29099, 1.35235, 1.4331, 1.43565, 1.43843, 1.42435, 1.36574, 1.1859, 1.18699, 1.38888, 1.12921, 1.19475, 1.19649, 1.32282, 1.12398, 1.12512, 0.927214, 1.03913, 0.964337, 1.168, 1.36255, 1.36532, 1.25732, 1.25963, 1.40299, 1.09502, 1.09733, 1.24443, 1.24675, 1.2736, 1.27592, 1.27823, 1.1494, 1.15137, 0.995889, 1.09744, 1.09976, 0.833879, 0.835094, 1.40125, 1.30375, 1.59322, 1.59553, 1.59785, 1.03638, 1.03869, 0.753849, 0.955384, 0.957699, 0.960476, 0.96279, 1.08806, 0.890652, 0.892099, 1.26687, 1.26912, 1.1469, 1.61532, 1.61665, 1.48444, 1.66617, 1.73373, 1.54207, 1.54488, 1.70835, 1.68073, 1.67592, 1.46819, 1.32617, 1.31656, 1.31887, 1.16346, 1.72956, 1.73191, 1.37757, 1.569, 1.57033, 1.38603, 1.38835, 1.65233, 1.50812, 1.51043, 1.37321, 1.49638, 1.39509, 1.12516, 1.2951, 1.29742, 1.07547, 1.64203, 1.89541, 1.66585, 1.66828, 1.67013, 1.17042, 1.14751, 1.14983, 1.15214, 1.15446, 1.20652, 1.04816, 1.05048, 1.22957, 1.41092, 1.33115, 1.34876, 1.4503, 1.2851, 1.16729, 1.65591, 1.67861, 1.56618, 1.56803, 1.68744, 1.3714, 1.17927, 1.18124, 1.18356, 1.14498, 1.22177, 1.22404, 1.22682, 1.59251, 1.47173, 1.29457, 1.4171, 1.41988, 1.15487, 1.15719, 1.41981, 1.29509, 1.2974, 1.23188, 1.35644, 1.32755, 1.32928, 1.89561, 1.89688, 1.81421, 1.64145, 1.8669, 1.69359, 1.6959, 1.69822, 1.68009, 1.66441, 1.46464, 1.46696, 2.03288, 1.7782, 1.54767, 1.7391, 1.74054, 1.33702, 1.53799, 1.62943, 1.5291, 1.53188, 1.51361, 1.25066, 1.15041, 1.4403,
Main Loop Time: 3.67507
Number of Graph Matching Computed: 15114
Number of Zero Entries Cells: 7477
Number of Pruned Cells: 0
Number of Estimated Cells Above Threshold: 0
Number of Cells Above Threshold: 0
Env Time: 0.00143333
Dataloader Time: 0.0359187
FaissIndex Time: 0.00766419
Algorithm Time: 3.69628
