creating environment with lakes: /root/data/en/king_james_bible_para/6_2/, /root/data/en/esv_chapter/6/
1 text1_files listed
1 text2_files listed
Inverted Index Size: 357
Words: 170
Vector Size: 300
Normalized vector storage check
Index Trained: 1
Ntotal: 109
Sliding Window Computation time: 4.9922e-05
Out of dictionary words: 61
K: 109
NB: 109
Faiss Search Time: 0.0736595
size of I: 11881
Size of valid edges: 11630
Vector Size: 1500
Normalized vector storage check
Index Trained: 1
Ntotal: 52140
K: 52140
NB: 26
1.17372, 1.35596, 1.35596, 1.35596, 1.35596, 0, 0, 0, 0, 0, 0, 0, 0, 0, 0, 0, 0, 0, 0, 0, 0, 0, 0, 1.23547, 1.23547, 0.999999, 0.999999, 1.26279, 0, 0, 0, 0, 0.94277, 0.94277, 0.94277, 0, 0.794149, 0, 0, 0, 0.924537, 0.924537, 0.838132, 0.906741, 0.906741, 0, 0, 0, 0, 0, 0, 0, 0, 0, 1.1418, 1.1898, 1.1898, 1.1898, 1.1898, 2, 2, 2, 2, 1.16415, 0, 0, 0, 0, 0, 0, 0, 0, 0.765212, 0.862814, 0.862814, 0.862814, 0.994649, 0, 1.24361, 1.11493, 1.11493, 1.11493, 1.11493, 0, 0, 0, 0, 0.999999, 2, 2, 2, 2, 1, 0, 0, 0, 0, 0, 0, 0, 0, 0, 0, 0, 0.883232, 0.883232, 0.786694, 1.03451, 1.03451, 0.756535, 1.27946, 1.27946, 0.999999, 1.01016, 1.14091, 0, 0, 0, 0, 0, 0, 0, 0, 0, 0, 0, 0.755053, 0.862814, 0.862814, 1.39037, 1.39037, 0.989014, 0.989014, 0.989014, 0, 0, 0, 0, 0, 0, 1.12818, 2, 2, 2, 2, 1.09995, 0, 0, 0.722825, 0.722825, 0.722825, 0.722825, 1.36912, 2, 2, 2, 2, 1, 0, 0, 0, 0, 0, 0, 0, 1.26419, 1.26419, 0.999999, 1.10842, 1.10842, 0, 1.3537, 1.3537, 1.3537, 1.3537, 1.05647, 0, 1.35437, 1.35437, 1.35437, 1.10842, 1.10842, 0, 0, 0, 0, 1.3537, 1.3537, 1.3537, 2, 2, 0.999999, 1.26419, 1.26419, 0, 1.26419, 1.26419, 0.999999, 1.10842, 1.24326, 0.826295, 0.826295, 0.826295, 0.86604, 0.86604, 0, 1.28301, 1.28301, 1.06289, 1.06289, 1.06289, 0, 0, 0, 1.06245, 1.06245, 1.08416, 1.08416, 1.08416, 0, 0, 0, 0.810846, 0.810846, 0.755965, 0, 0, 0, 0, 0, 0, 0, 0, 0, 0, 0, 0, 0, 0, 0, 0.981409, 0.981409, 0.846212, 1.12399, 1.12399, 0, 0, 0, 0, 0, 0, 1.26419, 1.26419, 0.999999, 1.10842, 1.10842, 0, 0, 0, 0, 0, 0, 0, 0, 0, 0, 0, 0, 0, 0, 0, 0, 0, 0, 0, 0, 0, 0, 0, 0, 0, 0, 1.26419, 1.26419, 0.999999, 1.10842, 1.10842, 0, 1.10842, 2, 2, 2, 2, 1.3537, 0, 0, 0, 0, 0, 0, 0, 0, 1.27088, 1, 1, 1, 1, 0, 0, 0, 0, 0, 0, 0, 0.878575, 0.878575, 0.918651, 0.918651, 1.01825, 0, 0, 0, 0, 0, 0.733028, 0.733028, 0.733028, 0, 0, 0, 0, 0, 0, 0, 0, 0, 0, 0, 0, 0, 0, 0, 0, 0, 0, 0, 0, 0, 0, 0, 0, 0, 0, 0, 0, 0, 0, 1.26419, 1.26419, 0.999999, 1.10842, 1.10842, 0, 0, 0, 0, 0.969202, 0.969202, 0.853062, 0.853062, 0.992624, 0, 0, 0, 0, 0, 0, 0, 0, 0, 0, 0, 0.989014, 0.989014, 0.989014, 0.989014, 0.881176, 0, 0, 0, 0, 0, 0, 0, 0, 0, 0, 0, 0, 0, 0, 0, 0, 0, 1.24586, 1.24586, 1.24586, 1.13331, 1.30746, 0, 0, 0, 0, 0, 0, 0, 0, 0, 0, 0, 0, 0, 0, 0, 0, 0, 0, 0, 0, 0, 0, 0, 0, 0, 0, 0, 0, 0, 0, 0, 1.08857, 0.838132, 1.03193, 1.03193, 1.03193, 0, 0, 0, 0, 0, 0, 0, 0, 0, 0,
1.1738, 1.51881, 1.51898, 1.45592, 1.45604, 0, 0, 0, 0, 0, 0, 0, 0, 0, 0, 0, 0, 0, 0, 0, 0, 0, 0, 1.23833, 1.23846, 1.00311, 1.00323, 1.26612, 0, 0, 0.743065, 0.743184, 1.11581, 0.946831, 0.946949, 0, 0.798562, 0, 0, 0, 1.00085, 1.06432, 0.895025, 1.0468, 1.04692, 0, 0, 0, 0, 0, 0, 0, 0, 0, 1.28119, 1.3826, 1.30575, 1.19673, 1.44021, 2.01822, 2.00725, 2.79915, 2.79929, 1.87453, 0.896292, 0.896412, 0, 0, 0.797783, 0.797903, 0.798017, 0, 0.85068, 0.875088, 1.06525, 1.06539, 1.19738, 0, 1.45419, 1.32565, 1.32577, 1.15848, 1.268, 0, 0, 0, 0, 1.01049, 2.01061, 2.01073, 2.01084, 2.01096, 1.0111, 0, 0, 0, 0, 0, 0, 0, 0, 0, 0, 0, 0.970432, 1.11534, 0.987311, 1.26686, 1.26695, 0.769464, 1.29245, 1.29256, 1.01325, 1.10032, 1.24132, 0, 0, 0, 0, 0, 0, 0, 0, 0, 0, 0, 0.769968, 0.881328, 1.07149, 1.59925, 1.59937, 1.19812, 1.19818, 1.00474, 0, 0, 0, 0, 0, 0, 1.1706, 2.17066, 2.14604, 2.1462, 2.19922, 1.2993, 0, 0, 0.922553, 0.740329, 0.740434, 0.74053, 1.38697, 2.01799, 2.01811, 2.01822, 2.01834, 1.01848, 0, 0, 0, 0, 0.711328, 0.711472, 0, 1.2835, 1.48002, 1.21595, 1.81146, 1.81158, 1.16541, 2.1655, 2.16562, 1.37398, 1.37409, 1.2051, 0, 1.37509, 1.64128, 1.6414, 1.84069, 1.84085, 0.973902, 0.813288, 0.813408, 0, 1.37553, 1.37566, 1.37575, 2.2077, 2.0223, 1.02238, 1.28661, 1.28673, 0, 1.28686, 1.48338, 1.21931, 1.81482, 2.0582, 1.64134, 1.64149, 1.64161, 1.07422, 1.07441, 0, 1.30699, 1.30711, 1.17176, 1.17189, 1.17201, 0, 0, 0, 1.11963, 1.11973, 1.1092, 1.10933, 1.10944, 0, 0, 0, 1.05339, 1.0535, 0.78199, 0.763915, 0.764041, 0, 0, 0, 0, 0, 0, 0, 0, 0, 0, 0, 0, 0, 1.00913, 1.0093, 1.10499, 1.47401, 1.47413, 0.827489, 0.902599, 0.701871, 0.818219, 0, 0, 1.29316, 1.48968, 1.22561, 1.82112, 1.82124, 1.2275, 1.06476, 1.10073, 0, 0, 0, 0, 0, 0, 0, 0, 0, 0, 0, 0, 0, 0, 0, 0, 0, 0.784492, 0, 0, 0.724348, 0.724492, 0, 1.29652, 1.49304, 1.22897, 1.82448, 1.82459, 0.987618, 1.82483, 2.82495, 2.03328, 2.21892, 2.21908, 1.57386, 0.73421, 0.734342, 0, 0, 0, 0, 0, 0, 1.30549, 1.03474, 1.03486, 1.03498, 1.0351, 0, 0, 0, 0, 0, 0, 0, 0.914622, 0.986665, 1.02684, 1.02701, 1.17763, 0, 0, 0, 0, 0, 0.770245, 0.929161, 0.929287, 0.853617, 0.853713, 0, 0, 0, 0, 0, 0, 0, 0.715477, 0.715597, 0, 0, 0, 0, 0, 0, 0, 0, 0, 0.702117, 0, 0, 0, 0.792832, 0, 0, 0.732688, 0.732832, 0, 1.30486, 1.50138, 1.23731, 1.83282, 1.83293, 1.14052, 1.35475, 1.35487, 0, 1.09784, 1.08295, 0.895055, 1.08071, 1.22039, 0.705543, 0, 0.771545, 0.766082, 0, 0, 0, 0, 0, 0, 0, 1.17271, 1.10585, 1.24761, 1.24779, 1.02744, 0, 0, 0, 0, 0, 0, 0, 0, 0, 0, 0, 0, 0, 0, 0, 0.728881, 0, 1.39423, 1.39435, 1.39447, 1.17992, 1.35418, 0, 0, 0, 0, 0, 0, 0, 0, 0, 0, 0, 0, 0, 0, 0, 0, 0, 0, 0, 0, 0, 0, 0, 0, 0, 0, 0, 0, 0, 0, 0, 1.13911, 0.940565, 1.21748, 1.2176, 1.21783, 0.734593, 0, 0.847558, 0.847654, 0, 0.883525, 0.706529, 0, 0, 0.890109,
1.17306, 1.51617, 1.51448, 1.4496, 1.44781, 0, 0, 0, 0, 0, 0, 0, 0, 0, 0, 0, 0, 0, 0, 0, 0, 0, 0, 1.19363, 1.19148, 0.9544, 0.952606, 1.21369, 0, 0, 0, 0, 1.05425, 0.883458, 0.881754, 0, 0.72791, 0, 0, 0, 0.922447, 0.984456, 0.813731, 0.963715, 0.961921, 0, 0, 0, 0, 0, 0, 0, 0, 0, 1.17747, 1.27694, 1.19784, 1.08653, 1.32851, 1.90527, 1.89233, 2.68278, 2.68145, 1.75328, 0.774437, 0.772643, 0, 0, 0, 0, 0, 0, 0.712195, 0.735094, 0.923551, 0.922116, 1.05243, 0, 1.30497, 1.1746, 1.17281, 1.00394, 1.11083, 0, 0, 0, 0, 0.844075, 1.8421, 1.84031, 1.83896, 1.83762, 0.835857, 0, 0, 0, 0, 0, 0, 0, 0, 0, 0, 0, 0.772273, 0.915267, 0.785115, 1.06287, 1.06157, 0, 1.08536, 1.08415, 0.803173, 0.888302, 1.02751, 0, 0, 0, 0, 0, 0, 0, 0, 0, 0, 0, 0, 0, 0.830268, 1.35612, 1.35432, 0.95054, 0.948657, 0.753205, 0, 0, 0, 0, 0, 0, 0.907777, 1.90652, 1.87998, 1.87864, 1.93021, 1.02729, 0, 0, 0, 0, 0, 0, 1.10261, 1.73178, 1.72998, 1.72864, 1.72729, 0.725173, 0, 0, 0, 0, 0, 0, 0, 0.975782, 1.1713, 0.905409, 1.49901, 1.49722, 0.848438, 1.84618, 1.84439, 1.05116, 1.04981, 0.879281, 0, 1.04515, 1.30953, 1.30774, 1.50502, 1.50369, 0, 0, 0, 0, 1.0282, 1.02604, 1.0238, 1.85497, 1.66764, 0, 0.929096, 0.928154, 0, 0.925553, 1.12107, 0.85518, 1.44878, 1.69043, 1.27019, 1.26875, 1.26702, 0, 0, 0, 0.925445, 0.923651, 0.786576, 0.784423, 0.782629, 0, 0, 0, 0.72396, 0.723063, 0.710364, 0.708211, 0.706776, 0, 0, 0, 0, 0, 0, 0, 0, 0, 0, 0, 0, 0, 0, 0, 0, 0, 0, 0, 0, 0, 0, 0, 0, 1.02633, 1.0249, 0, 0, 0, 0, 0, 0, 0.831373, 1.02689, 0.760999, 1.3546, 1.35281, 0.755838, 0, 0, 0, 0, 0, 0, 0, 0, 0, 0, 0, 0, 0, 0, 0, 0, 0, 0, 0, 0, 0, 0, 0, 0, 0, 0.781143, 0.976662, 0.71077, 1.30437, 1.30293, 0, 1.29897, 2.29709, 1.5035, 1.68724, 1.68591, 1.03808, 0, 0, 0, 0, 0, 0, 0, 0, 0.754907, 0, 0, 0, 0, 0, 0, 0, 0, 0, 0, 0, 0, 0, 0, 0, 0, 0, 0, 0, 0, 0, 0, 0, 0, 0, 0, 0, 0, 0, 0, 0, 0, 0, 0, 0, 0, 0, 0, 0, 0, 0, 0, 0, 0, 0, 0, 0, 0, 0, 0, 0, 0, 0, 0, 0, 0.851986, 0, 1.17969, 1.17826, 0, 0, 0, 0, 0, 0, 0, 0, 0, 0, 0, 0, 0, 0, 0, 0, 0, 0, 0, 0, 0, 0, 0, 0, 0, 0, 0, 0, 0, 0, 0, 0, 0, 0, 0, 0, 0, 0, 0, 0, 0, 0, 0, 0, 0, 0, 0, 0, 0, 0, 0, 0, 0, 0, 0, 0, 0, 0, 0, 0, 0, 0, 0, 0, 0, 0, 0, 0, 0, 0, 0, 0, 0, 0, 0, 0, 0, 0, 0, 0, 0, 0, 0, 0, 0, 0, 0, 0, 0, 0, 0, 0, 0,
0, 0.720262, 0.72351, 0.812064, 0.815886, 0, 0, 0.727856, 0, 0.723415, 0.727237, 0, 0, 0, 0, 0, 0, 0, 0, 0, 0, 0, 0, 0, 0, 0, 0, 0, 0, 0, 0, 0, 1.0529, 0.886899, 0.889957, 0.771315, 0.89566, 0, 0, 0, 0, 0.72899, 0, 0.720743, 0.724564, 0, 0, 0, 0, 0, 0, 0, 0.762449, 0.766271, 0.766627, 0.823864, 0.823068, 0, 0.850616, 1.4701, 1.47392, 2.21936, 2.22264, 2.27416, 1.28096, 1.28478, 0.978044, 0.981866, 0.865363, 0.869185, 0.873038, 0, 0, 0, 0.842252, 0.846265, 0.982395, 0.923437, 1.72426, 1.73792, 1.74174, 1.54447, 1.69147, 0.90318, 0, 0, 0, 0, 1.58092, 1.58474, 1.58774, 1.59073, 1.35125, 0, 0, 0.714807, 0.718628, 0.723405, 0.801838, 0.80566, 0.774175, 0.932127, 0.935758, 0.709308, 0.911352, 0.946124, 0.821137, 1.10575, 1.10785, 0.911454, 0.937229, 0.941051, 0, 0.791861, 0.936744, 0.700146, 0.703935, 0.708521, 0, 0, 0, 0.718925, 0.722747, 0.726568, 0.73039, 0.734211, 0, 0.896725, 1.04097, 1.57089, 1.57472, 1.53945, 1.54404, 1.33374, 0.939815, 0.943636, 0.762869, 0.919866, 0.923688, 0, 0.919662, 1.92357, 1.85558, 1.85883, 1.91484, 1.79397, 0.97234, 1.03526, 1.30445, 1.12402, 1.12781, 1.13144, 1.18198, 1.81594, 1.81976, 1.82276, 1.82575, 1.58551, 0, 0.944218, 0.94804, 0.951861, 1.27435, 1.27836, 0.932111, 1.17732, 1.28006, 1.02011, 1.64015, 1.64397, 1.62294, 2.62428, 2.6281, 1.84049, 1.84362, 1.8349, 1.01157, 1.25876, 1.47855, 1.48237, 1.71422, 1.71766, 1.65499, 1.47576, 1.47958, 0.888623, 1.89024, 1.894, 1.89839, 2.14564, 1.95269, 0.956105, 1.2763, 1.2805, 1.03911, 1.28432, 1.38707, 1.12711, 1.74715, 1.96599, 2.01174, 2.01575, 2.01874, 1.55512, 1.55856, 1.27923, 1.28994, 1.29376, 1.16702, 1.17065, 1.17448, 1.05518, 1.059, 0.91478, 1.16002, 1.16346, 1.12628, 1.13016, 1.13392, 1.16506, 1.29604, 1.26163, 1.50261, 1.50564, 1.28377, 1.22402, 1.22765, 1.23695, 1.24153, 1.48094, 1.32949, 1.33137, 1.18428, 1.18733, 1.23664, 1.23989, 1.24371, 1.31235, 1.31617, 1.10717, 1.3353, 1.33855, 1.46099, 1.83445, 1.83821, 1.74634, 1.82436, 1.61905, 1.67927, 1.44141, 1.4437, 1.48495, 1.58769, 1.32774, 1.94778, 1.9516, 2.1306, 1.98004, 2.06662, 1.27863, 1.28246, 1.09651, 1.2263, 1.09468, 1.09671, 1.17114, 1.17439, 1.08219, 1.23626, 1.42066, 1.371, 1.37483, 1.56305, 1.63096, 1.43294, 1.43676, 1.76052, 1.60963, 1.36649, 1.68898, 1.69299, 1.34674, 1.59195, 1.69469, 1.43474, 2.05478, 2.05783, 1.99363, 2.03783, 3.04098, 2.30236, 2.50295, 2.50613, 2.45221, 1.61842, 1.66182, 1.66564, 1.50718, 1.41739, 1.42197, 1.22098, 1.22486, 2.22575, 2.10408, 2.1079, 2.11173, 2.11555, 1.24394, 1.24776, 1.31339, 1.31721, 1.44554, 1.35122, 1.35504, 1.49555, 1.5715, 1.63925, 1.6425, 1.80977, 1.66187, 1.59374, 1.43599, 1.79434, 1.56208, 1.7629, 1.92459, 1.92838, 1.89769, 1.90132, 1.71798, 1.53585, 1.53796, 1.33518, 1.47945, 1.57204, 1.47933, 1.71461, 1.71843, 1.584, 1.46539, 1.57339, 1.34536, 1.34778, 1.50186, 1.68626, 1.6366, 1.64042, 1.82864, 1.89655, 1.69853, 1.70236, 2.02612, 1.87522, 1.63209, 1.95457, 1.95859, 1.61234, 1.85755, 1.96029, 1.70033, 2.32037, 2.32343, 2.26872, 2.44662, 2.45045, 1.66259, 1.89059, 1.84499, 1.65939, 1.86012, 2.00423, 1.8556, 1.78671, 1.92729, 2.0233, 1.79016, 1.79551, 1.79933, 1.83651, 1.62309, 1.62691, 1.82846, 2.36098, 2.29766, 2.44313, 2.44641, 2.26167, 1.67842, 1.68224, 1.64362, 1.81352, 1.81734, 1.82116, 2.12262, 1.95341, 1.77759, 1.78141, 1.78524, 1.59333, 1.8178, 1.82162, 1.8236, 2.04194, 1.96466, 2.69334, 2.69639, 2.70021, 2.51797, 2.6079, 1.61469, 1.61854, 1.62237, 1.62619, 1.74392, 1.74774, 1.84175, 1.84557, 1.84939, 1.61684, 1.7229, 1.86932, 1.87314, 1.87639, 1.88021, 1.92742, 1.69999, 1.70381, 1.70763, 1.95447, 1.90208, 1.9059, 1.90973, 1.91278, 1.67493, 1.5878, 1.80172, 2.01668, 2.0205, 2.02432, 2.02815, 2.16874, 2.01516, 2.29596, 2.29978, 2.30399, 2.13224, 2.20619, 2.27667, 2.27877, 2.042, 2.31837, 2.1451, 2.04089, 2.04471, 2.31082,
0, 0, 0, 0, 0, 0, 0, 0, 0, 0, 0, 0, 0, 0, 0, 0, 0, 0, 0, 0, 0, 0, 0, 0, 0, 0, 0, 0, 0, 0, 0, 0, 0, 0, 0, 0, 0, 0, 0, 0, 0, 0, 0, 0, 0, 0, 0, 0, 0, 0, 0, 0, 0, 0, 0.705832, 0.706316, 0, 0, 0, 0, 0, 1.19358, 1.19417, 1.23125, 1.06569, 1.06617, 0.756937, 0.757417, 0.714679, 0.715159, 0.715643, 0, 0, 0, 0.710936, 0.711512, 0.751573, 0, 0, 0, 0, 0, 0, 0, 0, 0, 0, 0, 0, 0, 0, 0, 0, 0, 0, 0, 0, 0, 0, 0, 0, 0, 0, 0, 0, 0.708975, 0, 0.772012, 0.772396, 0, 0, 0, 0, 0, 0, 0, 0, 0, 0, 0, 0, 0, 0, 0, 0, 0, 0, 0, 0.735896, 0.736359, 0.736839, 0, 0, 0, 0, 0, 0, 0, 0, 0, 0, 0, 0, 0, 0, 0, 0, 0, 0, 0, 0, 0, 0, 0, 0, 0, 0, 0, 0, 0, 0, 0, 0, 0, 0, 0, 0.921822, 0, 1.34636, 1.34684, 1.34997, 1.23485, 1.23533, 0, 0, 0, 0, 0, 0.739898, 0.740378, 1.34805, 1.34873, 1.10579, 0.877678, 0.878158, 0, 0, 0, 0, 0, 0, 0, 0, 0, 0, 0, 0.935262, 0, 1.3598, 1.36032, 1.40365, 1.31475, 1.31521, 0.820523, 0.821291, 0, 0, 0, 0, 0, 0, 0, 0, 0, 0, 0, 0, 0, 0, 0, 0, 0, 0.710709, 0.711181, 0, 0, 0, 0, 0, 0, 0, 0, 0, 0, 0, 0, 0, 0, 0, 0, 0, 0, 0.744599, 0.855156, 0.874978, 0.761338, 0.856013, 0, 0.830461, 0, 0, 0.723744, 0.960462, 0, 1.385, 1.38548, 1.26214, 1.10283, 1.18699, 0, 0, 0, 0, 0, 0, 0, 0, 0, 0, 0, 0, 0, 0.737604, 1.07069, 0.869217, 0.869697, 0.990745, 0.811977, 0, 0, 0, 0, 0.737184, 0.973902, 0, 1.39844, 1.39893, 1.20519, 1.21286, 1.29678, 0, 0.740058, 0.740711, 0, 0, 0.772459, 0, 0, 0, 0, 0, 0, 0, 0, 0, 0, 0, 0, 0, 0, 0, 0, 0, 0, 0, 0, 0, 0, 0.792345, 0, 0, 0, 0, 0, 0, 0, 0, 0.759464, 0.759848, 0, 0, 0, 0, 0, 0, 0, 0, 0, 0, 0, 0, 0, 0, 0, 0, 0, 0, 0.770964, 1.10405, 0.902577, 0.903057, 1.02411, 0.845337, 0, 0.708666, 0.709242, 0, 0.770544, 1.00726, 0, 1.4318, 1.43229, 1.361, 1.21814, 1.21862, 0, 0, 0, 0, 0.724642, 0.732783, 0, 0, 0, 0.727085, 0, 0, 0, 0, 0, 0, 0, 0, 0, 0.741227, 0.760138, 0, 0, 0, 0, 0, 0, 0, 0, 0, 0, 0, 0, 0, 0, 0, 0, 0.860158, 0.798004, 0, 0, 0, 0, 0, 0, 0, 0, 0, 0, 0, 0, 0, 0, 0, 0, 0, 0, 0, 0, 0, 0, 0, 0, 0, 0, 0, 0, 0, 0, 0, 0, 0, 0, 0, 0, 0, 0, 0.725598, 0.726078, 0.780458, 0, 0, 0.735784, 0.736168, 0, 0.909391, 0.721819, 0, 0, 0.735159,
0, 0, 0, 0, 0, 0, 0, 0, 0, 0, 0, 0, 0, 0, 0, 0, 0, 0, 0, 0, 0, 0, 0, 0, 0, 0, 0, 0, 0, 0, 0, 0, 0, 0, 0, 0, 0, 0, 0, 0, 0, 0, 0, 0, 0, 0, 0, 0, 0, 0, 0, 0, 0, 0, 0, 0, 0, 0, 0, 0, 0, 0.717653, 0.711106, 0.742258, 0, 0, 0, 0, 0, 0, 0, 0, 0, 0, 0, 0, 0, 0, 0, 0, 0, 0, 0, 0, 0, 0, 0, 0, 0, 0, 0, 0, 0, 0, 0, 0, 0, 0, 0, 0, 0, 0, 0, 0, 0, 0, 0, 0, 0, 0, 0, 0, 0, 0, 0, 0, 0, 0, 0, 0, 0, 0, 0, 0, 0, 0, 0, 0, 0, 0, 0, 0, 0, 0, 0, 0, 0, 0, 0, 0, 0, 0, 0, 0, 0, 0, 0, 0, 0, 0, 0, 0, 0, 0, 0, 0, 0, 0, 0, 0, 0, 0, 0, 0, 0, 0, 0, 0, 0, 0, 0, 0, 0, 0, 0, 0, 0, 0, 0, 0, 0, 0, 0, 0, 0, 0, 0, 0, 0, 0, 0, 0, 0, 0, 0, 0, 0, 0, 0, 0, 0, 0, 0, 0, 0, 0, 0, 0, 0, 0, 0, 0, 0, 0, 0, 0, 0, 0, 0, 0, 0, 0, 0, 0, 0, 0, 0, 0, 0, 0, 0, 0, 0, 0, 0, 0, 0, 0, 0, 0, 0, 0, 0, 0, 0, 0, 0, 0, 0, 0, 0, 0, 0, 0, 0, 0, 0, 0, 0, 0, 0, 0, 0, 0, 0, 0, 0, 0, 0, 0, 0, 0, 0, 0, 0, 0, 0, 0, 0, 0, 0, 0, 0, 0, 0, 0, 0, 0, 0, 0, 0, 0, 0, 0, 0, 0, 0, 0, 0, 0, 0, 0, 0, 0, 0, 0, 0, 0, 0, 0, 0, 0, 0, 0, 0, 0, 0, 0, 0, 0, 0, 0, 0, 0, 0, 0, 0, 0, 0, 0, 0, 0, 0, 0, 0, 0, 0, 0, 0, 0, 0, 0, 0, 0, 0, 0, 0, 0, 0, 0, 0, 0, 0, 0, 0, 0, 0, 0, 0, 0, 0, 0, 0, 0, 0, 0, 0, 0, 0, 0, 0, 0, 0, 0, 0, 0, 0, 0, 0, 0, 0, 0, 0, 0, 0, 0, 0, 0, 0, 0, 0, 0, 0, 0, 0, 0, 0, 0, 0, 0, 0, 0, 0, 0, 0, 0, 0, 0, 0, 0, 0, 0, 0, 0, 0, 0, 0, 0, 0, 0, 0, 0, 0, 0, 0, 0, 0, 0, 0, 0, 0, 0, 0, 0, 0, 0, 0, 0, 0, 0, 0, 0, 0, 0, 0, 0, 0, 0, 0, 0, 0, 0, 0, 0, 0,
0, 0.774678, 0.775686, 0.933529, 0.934249, 0, 0, 0, 0, 0, 0, 0, 0, 0, 0, 0, 0, 0, 0, 0, 0, 0, 0, 0, 0, 0, 0, 0, 0, 0, 0, 0, 0, 0, 0, 0, 0, 0, 0, 0, 0, 0, 0, 0, 0, 0, 0, 0, 0, 0, 0, 0, 0.709944, 0.710664, 0.70871, 0.74235, 0.738327, 0, 0.761249, 0.787935, 0, 1.10706, 1.10792, 0.883721, 0, 0, 0, 0, 0, 0, 0, 0, 0, 0, 0, 0, 0.795529, 0, 0, 0.704841, 0.705561, 0, 1.46159, 1.29622, 1.06083, 1.06154, 1.06226, 0, 0.702971, 0.703691, 0.704483, 0.705197, 0, 0, 0, 0, 0, 0, 0, 0, 0, 0, 0, 0, 0, 0, 0, 0.745526, 0.746102, 0, 0, 0, 0, 0, 0.737456, 0, 0, 0, 0, 0, 0, 0, 0, 0, 0, 0, 0, 0, 0, 0.965961, 0.966681, 0.893786, 0.894162, 0, 0, 0, 0, 0, 0, 0, 0, 0.890663, 0.836836, 0.837844, 0.869084, 0.759, 0, 0, 0.837083, 0, 0, 0, 0.708436, 0.747251, 0.747971, 0.748763, 0.749477, 0, 0, 1.11231, 1.11303, 1.11375, 1.43328, 1.43414, 0, 0.723782, 0.772265, 0, 0.878214, 0.878934, 0.930618, 1.10774, 1.10846, 0, 0, 0, 0, 0.786321, 0.970011, 0.970731, 0.93834, 0.939336, 0.780268, 0, 0, 0, 0, 0, 0, 0.969376, 0.773243, 0, 0.74243, 0.74321, 0, 0.743942, 0.792425, 0, 0.898374, 1.13373, 1.12723, 0.999955, 1.00073, 0.936028, 0.898679, 0.744817, 0.797879, 0.798599, 0, 0, 0, 0, 0, 0, 0, 0, 0, 0, 0, 0, 0.719145, 0, 0.715662, 0.71634, 0, 0, 0, 0, 0, 0.812325, 0, 0, 0, 0, 0, 0, 0, 0, 0, 0, 0.707558, 0.708565, 0.800653, 0.898296, 1.0843, 0.834036, 0.891165, 0.701321, 0.965093, 0, 0, 0.781742, 0.830225, 0, 0.936174, 0.936894, 1.16483, 0.884155, 0.953724, 0, 0, 0, 0, 0, 0, 0, 0, 0, 0, 0, 0, 0, 0.779921, 1.21756, 1.01636, 1.01708, 1.88659, 1.73252, 1.19187, 1.5114, 1.51226, 0, 0.801902, 0.850385, 0, 0.956334, 0.95706, 0.902763, 0.910719, 1.26186, 0.839123, 1.0367, 1.03769, 0.916292, 0.860828, 0.97651, 0.87392, 0.763651, 0, 0, 0, 0, 0, 0, 0, 0, 0, 0, 0, 0, 0, 0, 0, 0, 0, 0, 0.802771, 0.803779, 1.14095, 0.978997, 0.855159, 0, 0.861736, 0, 0.840884, 0.940888, 0.941644, 1.04877, 1.04934, 0.836193, 0, 0, 0, 0, 0.795229, 0, 0.813255, 0.813975, 0, 0, 0, 0, 0, 0, 0, 0, 0, 0.829961, 1.2676, 1.0664, 1.06712, 1.93663, 1.78256, 1.24191, 1.56144, 1.5623, 0, 0.851942, 0.900425, 0.721369, 1.00637, 1.0071, 1.01985, 1.1465, 1.14722, 0.724441, 0.934816, 0.886218, 0, 0.737075, 0.986989, 0.824866, 0.718011, 0.807243, 0.901101, 0, 0, 0, 0, 0, 0, 0.909809, 0.964558, 0.920187, 1.02406, 1.02517, 0.984032, 0, 0, 0, 0.830733, 0.831453, 0.832173, 0.977325, 0.918444, 0.739384, 0.740104, 0.740824, 0, 0.735738, 0.736458, 0.736854, 0.882069, 0.812449, 0.986644, 0.98737, 0.98809, 0.802616, 0.83062, 0, 0, 0, 0, 0, 0, 0.763201, 0.763921, 0.764641, 0, 0, 0, 0, 0, 0, 0.72688, 0, 0, 0, 0.803594, 0.72331, 0.72403, 0.72475, 0.725614, 0, 0, 0, 0.782314, 0.783034, 0.783754, 0.784474, 0.875043, 0.768018, 1.05192, 1.05264, 1.05396, 0.9419, 0.907613, 0.959339, 0.959915, 0.798921, 1.03197, 0.75673, 0, 0, 1.04912,
0, 0.790916, 0.799745, 0.972727, 0.983537, 0.704351, 0, 0, 0, 0, 0, 0, 0, 0, 0, 0, 0, 0, 0, 0, 0, 0, 0, 0.816489, 0.82784, 0, 0, 0.916313, 0.814782, 0.829917, 0.954415, 0.964595, 1.01402, 0.925838, 0.936829, 0.749325, 0.881423, 0.720375, 0.731186, 0.741996, 1.03842, 1.10964, 0.926485, 1.0671, 1.07791, 1.04242, 0.828338, 0.839149, 0, 0.926726, 0.784302, 1.05731, 1.24505, 1.25586, 1.25973, 1.30103, 1.31046, 1.1492, 1.34979, 1.38412, 1.29257, 1.72599, 1.73401, 1.51951, 1.21872, 1.22953, 1.24256, 1.25337, 1.22305, 1.23386, 1.24413, 0.971532, 1.18711, 1.27661, 1.39922, 1.40949, 1.56448, 1.45124, 1.48359, 1.50521, 1.51602, 1.5181, 2.29024, 2.13655, 1.91339, 1.92402, 1.93483, 1.2342, 1.59526, 1.60607, 1.61652, 1.6267, 1.35031, 1.16243, 1.17108, 1.39352, 1.40433, 1.41244, 1.51362, 1.52443, 1.48569, 1.59191, 1.60326, 1.39718, 1.69486, 1.7369, 1.62637, 1.82245, 1.8293, 1.54738, 1.67493, 1.6852, 1.4823, 1.61148, 1.86474, 1.66802, 1.67937, 1.69234, 1.50394, 1.27014, 1.28095, 1.68719, 1.698, 1.70882, 1.71963, 1.73044, 1.63088, 1.83876, 1.96136, 2.25274, 2.26356, 2.19931, 2.20994, 1.9912, 1.89648, 1.90729, 1.7043, 1.83645, 1.84726, 1.63268, 1.927, 2.28752, 2.24026, 2.24909, 2.2877, 2.18805, 2.12386, 2.15621, 2.2989, 2.10307, 2.11244, 2.12109, 2.20918, 2.2601, 2.27092, 2.28137, 2.29155, 2.01506, 1.67553, 2.68634, 2.69715, 2.70796, 3.03854, 3.04719, 2.05368, 2.34773, 2.40352, 2.23148, 2.5305, 2.54131, 2.60092, 2.79029, 2.80111, 2.39111, 2.40129, 2.3837, 2.22948, 2.52866, 2.72471, 2.73552, 2.71046, 2.71875, 2.56817, 2.35147, 2.36228, 2.16932, 2.5311, 2.54245, 2.55092, 2.83511, 2.64892, 2.30471, 2.62988, 2.63772, 2.35637, 2.65042, 2.70621, 2.53417, 2.83319, 3.07468, 3.07734, 2.96084, 2.9694, 2.91938, 2.88877, 2.7482, 2.81468, 2.82549, 2.72781, 2.73916, 2.74997, 2.60074, 2.61155, 2.35898, 2.65303, 2.66303, 2.78659, 2.79794, 2.80821, 2.72524, 2.86871, 2.63639, 2.87729, 2.8853, 2.70377, 2.81046, 2.82343, 2.79173, 2.80038, 3.04984, 2.92377, 2.92909, 2.77008, 2.77954, 2.79918, 2.80836, 2.81917, 2.83541, 2.84622, 2.74286, 3.03875, 3.05388, 3.15588, 3.26092, 3.45657, 3.21501, 3.28079, 3.10783, 3.38169, 3.10955, 3.11576, 3.21797, 3.27376, 3.10172, 3.40074, 3.41155, 3.64741, 3.37637, 3.45297, 3.06264, 3.07345, 2.87504, 3.01256, 2.86491, 2.87139, 2.97447, 2.98519, 2.8717, 3.02945, 3.18111, 3.09857, 3.10938, 3.4035, 3.85222, 3.66088, 3.67169, 4.55314, 4.40938, 3.8809, 4.21148, 4.22013, 3.22661, 3.52066, 3.57645, 3.40441, 3.70343, 3.71415, 3.67004, 3.689, 4.05024, 3.63808, 3.84589, 3.85391, 3.74622, 3.7012, 3.82137, 3.72987, 3.62784, 3.42952, 3.43736, 3.21949, 3.22814, 3.58929, 3.47997, 3.49078, 3.50159, 3.5124, 3.37199, 3.38281, 3.48173, 3.49254, 3.60514, 3.49425, 3.50506, 3.6391, 3.72358, 3.85234, 3.86117, 4.21033, 4.05909, 3.94588, 3.79695, 3.9676, 3.7466, 3.97013, 4.07503, 4.088, 4.20888, 4.22023, 4.01318, 3.76465, 3.77014, 3.54813, 3.79631, 4.00634, 3.88701, 4.03934, 4.05015, 3.88731, 3.6989, 3.81402, 3.61762, 3.62302, 3.78078, 3.93243, 3.8499, 3.86071, 4.15482, 4.60355, 4.41221, 4.42302, 5.30447, 5.16071, 4.63222, 4.96281, 4.97145, 3.97794, 4.27199, 4.32778, 4.15574, 4.45476, 4.46548, 4.48842, 4.62391, 4.63472, 4.2231, 4.44192, 4.40568, 4.14159, 4.27312, 4.53053, 4.3792, 4.28874, 4.38301, 4.49355, 4.29527, 4.30446, 4.31527, 4.3073, 4.33025, 4.34106, 4.5673, 4.63477, 4.59773, 4.71717, 4.72519, 4.69588, 4.34357, 4.35438, 4.31659, 4.58228, 4.59309, 4.6039, 4.75716, 4.71007, 4.54072, 4.55153, 4.56234, 4.34086, 4.5769, 4.58771, 4.5942, 4.74577, 4.68677, 4.87507, 4.88579, 4.89661, 4.72262, 4.76014, 4.42007, 4.43034, 4.44115, 4.45196, 4.67332, 4.68413, 4.75985, 4.77066, 4.78147, 4.41494, 4.53121, 4.66684, 4.67765, 4.68684, 4.69765, 4.81354, 4.59821, 4.60902, 4.61983, 4.93222, 4.86271, 4.87352, 4.88433, 4.8973, 4.57926, 4.49166, 4.89033, 4.99033, 5.00114, 5.01195, 5.02276, 5.12544, 5.02906, 5.32335, 5.33416, 5.34227, 5.24337, 5.21657, 5.27839, 5.28631, 5.13057, 5.37396, 5.10884, 5.01382, 5.02463, 5.43358,
0, 0.835779, 0.840961, 0.933914, 0.940011, 0, 0, 0, 0, 0, 0, 0, 0, 0, 0, 0, 0.701784, 0.707881, 0, 0, 0, 0, 0, 0.722864, 0.728657, 0, 0, 0.804779, 0, 0, 1.69365, 1.69842, 1.74444, 1.56738, 1.57378, 0, 0.911854, 0.747554, 0.753651, 0.759749, 1.05519, 0.930805, 0.744849, 0.882211, 0.888309, 0, 0, 0, 0, 0, 0, 0.816174, 0.821357, 0.827455, 1.10836, 1.14589, 1.06096, 0.895432, 1.18787, 1.22056, 1.02608, 1.12577, 1.1306, 0.848763, 0, 0, 0.795498, 0.801596, 1.70241, 1.70851, 1.71466, 1.43587, 1.72888, 0.839936, 1.01474, 1.01962, 1.17148, 1.00194, 1.08443, 1.12295, 1.12905, 1.13119, 1.74713, 1.72687, 1.51509, 1.52129, 1.52739, 0.84079, 1.19681, 1.20291, 1.20961, 1.21566, 0.914303, 0, 0, 1.14565, 1.15174, 1.15937, 1.27994, 1.28604, 0.957387, 1.01524, 1.02104, 0.85688, 1.10196, 1.20591, 1.09147, 1.28429, 1.28887, 1.0047, 1.15617, 1.16166, 0.981135, 1.9649, 2.21485, 1.93583, 1.94187, 1.94919, 0.955341, 0.716413, 0.722511, 1.1254, 1.1315, 1.1376, 1.14369, 1.14979, 1.046, 1.15701, 1.33181, 1.61861, 1.62471, 1.78944, 1.79523, 1.6023, 1.41129, 1.41739, 0.981762, 1.08345, 1.08954, 0.956615, 1.266, 1.59727, 1.69991, 1.70661, 1.74192, 1.51548, 1.44575, 1.7048, 1.8661, 1.64501, 1.65019, 1.65507, 1.52654, 1.57181, 1.57791, 1.58462, 1.59066, 1.2892, 0.945072, 1.95107, 1.95717, 1.96326, 2.26929, 2.27417, 1.27793, 1.58833, 1.73727, 1.58299, 1.71308, 1.71917, 1.86071, 1.90329, 1.90938, 1.82371, 1.83001, 1.57685, 1.42026, 1.73376, 1.96967, 1.97577, 1.73311, 1.73834, 1.43566, 1.2156, 1.2217, 1.54686, 1.90329, 1.90908, 1.91365, 2.2064, 1.79193, 1.4445, 1.74748, 1.75241, 1.44866, 1.75906, 1.908, 1.75372, 1.88381, 2.04807, 1.89332, 1.7941, 1.8005, 1.93191, 1.89328, 1.75686, 1.89159, 1.89768, 1.79623, 1.80203, 1.80812, 1.64897, 1.65506, 1.4017, 1.69297, 1.69643, 1.82202, 1.82782, 1.83422, 1.73007, 1.83519, 1.62587, 1.7802, 1.78502, 1.59889, 1.70007, 1.70586, 1.75493, 1.76225, 1.94591, 1.81652, 1.81927, 1.65926, 1.66459, 1.75305, 1.76159, 1.76769, 1.73804, 1.74414, 1.65794, 1.95095, 1.95613, 1.85239, 1.95419, 2.14583, 1.93409, 2.06087, 1.89756, 2.16832, 1.89079, 1.89648, 2.07918, 2.22812, 2.07385, 2.20393, 2.21003, 2.11423, 1.88206, 1.91145, 1.86985, 1.87595, 1.69114, 1.83919, 1.68875, 1.692, 1.78786, 1.79305, 1.66924, 1.80359, 1.95353, 1.8664, 1.8725, 2.16336, 2.46924, 2.42819, 2.43429, 3.22458, 3.1604, 2.62485, 2.93087, 2.93575, 1.93951, 2.24992, 2.39885, 2.24458, 2.37466, 2.38081, 2.07945, 2.11, 2.43675, 2.34986, 2.77652, 2.7816, 2.63753, 2.59178, 2.63972, 2.3398, 2.23171, 2.03121, 2.03836, 1.89027, 1.89647, 2.25285, 2.11552, 2.12162, 2.12772, 2.13382, 2.78943, 2.79553, 2.96539, 2.97149, 3.08084, 2.31782, 2.32391, 2.22019, 2.30423, 2.43042, 2.43713, 2.69092, 2.50914, 2.43689, 2.34767, 2.50086, 2.28936, 2.73876, 2.86123, 2.86728, 2.88018, 2.88598, 2.47096, 2.22023, 2.22342, 2.07249, 2.3166, 3.27997, 3.18436, 3.28218, 3.28828, 3.17189, 2.17803, 2.29173, 2.08916, 2.09302, 2.22737, 2.37731, 2.29018, 2.29628, 2.58714, 2.89302, 2.85197, 2.85807, 3.64837, 3.58418, 3.04863, 3.35466, 3.35953, 2.3633, 2.6737, 2.82263, 2.66836, 2.79844, 2.80459, 3.50318, 3.47011, 3.47621, 3.38901, 3.68202, 2.76529, 2.49681, 2.86654, 3.12071, 2.96727, 2.85083, 2.9624, 2.70222, 2.4964, 2.50159, 2.50768, 2.49472, 2.60694, 2.61304, 3.03127, 3.11931, 3.12541, 3.21408, 3.21891, 2.99364, 2.6384, 2.6445, 2.60884, 2.87111, 2.87721, 2.88331, 3.03551, 2.88004, 2.76536, 2.77145, 2.77755, 2.55162, 2.75436, 2.76045, 2.7636, 2.91399, 2.88705, 3.09036, 3.09635, 3.10245, 2.93092, 3.72513, 3.381, 3.38715, 3.39324, 3.39934, 2.81549, 2.82158, 2.89556, 2.90166, 2.90776, 2.53354, 2.94095, 3.07414, 3.08024, 3.08877, 3.09487, 2.83993, 2.68382, 2.68992, 2.69602, 2.99814, 2.92838, 2.93448, 2.94058, 2.94698, 2.62622, 2.53349, 2.92881, 3.02598, 3.03208, 3.03818, 3.04428, 3.1388, 3.05888, 3.34813, 3.35423, 3.35941, 3.26095, 3.15396, 3.46035, 3.4637, 3.33628, 3.59285, 3.32314, 3.40332, 3.40942, 3.81353,
0, 0.751855, 0.753367, 0.754187, 0.755267, 0, 0, 0, 0, 0, 0, 0, 0, 0, 0, 0, 0, 0, 0, 0, 0, 0, 0, 0, 0, 0, 0, 0, 0, 0, 1.42301, 1.42394, 1.42493, 1.39712, 1.39815, 0, 0.727581, 0, 0, 0, 0, 0, 0, 0, 0, 0, 0, 0, 0, 0, 0, 0, 0, 0, 0, 0, 0, 0, 0, 0.721696, 0.7232, 0.724028, 0.725261, 0, 0, 0, 0, 0, 1.30134, 1.30242, 1.3035, 1.07721, 1.12504, 0, 0, 0, 0, 0, 0, 0, 0, 0, 1.17184, 1.17286, 1.09114, 1.09228, 1.09336, 0, 0.75344, 0.75452, 0.755564, 0.756581, 0, 0, 0, 0, 0, 0, 0.787402, 0.788482, 0, 0, 0, 0, 0, 0, 0, 0, 0, 0, 0, 0, 0, 1.17532, 1.3666, 1.36768, 1.36876, 1.37006, 0, 0, 0, 0, 0, 0, 0, 0, 0, 0, 0, 0.722013, 0.723093, 0.944418, 0.945552, 0.945227, 0.749156, 0.750236, 0, 0, 0, 0, 0, 0.807037, 0.808365, 0.809409, 0.841001, 0, 0, 0.980448, 0.981667, 0.913335, 0.914298, 0.915162, 0.780613, 0.81986, 0.82094, 0.821984, 0.823001, 0, 0, 1.16836, 1.16944, 1.17052, 1.45359, 1.45489, 0, 0, 0, 0, 0, 0, 0.746663, 0.973525, 0.974605, 0.976117, 0.977161, 0, 0, 0.86712, 0.868418, 0.869498, 0, 0, 0, 0, 0, 0, 0.990175, 0.991237, 0.992155, 0.993235, 0.858704, 0, 0, 0, 0, 0, 0, 0, 0, 0.798157, 0, 0, 0, 0.756243, 0.757971, 0.759051, 0.88847, 0.88955, 0.784086, 0.785148, 0.786228, 0, 0, 0, 0, 0, 0.774752, 0.775815, 0.776913, 0, 0, 0, 0, 0, 0, 0, 0, 0, 0, 0.701173, 0.701582, 0.702086, 0, 0, 0, 0, 0, 0, 0, 0, 0.726409, 0.727921, 0, 0, 0.759013, 0, 0, 0, 0.823692, 0, 0, 0.728631, 0.729536, 0, 0, 0, 0, 0, 0, 0, 0, 0, 0, 0, 0, 0, 0, 0, 0, 0, 0, 0, 0.71516, 0, 0, 0, 1.40416, 1.40546, 1.2877, 1.57077, 1.57207, 0, 0.758871, 0.759776, 0, 0.72591, 0.726981, 0, 0.729063, 0.956228, 0.957524, 1.09422, 1.09567, 1.09684, 1.07009, 1.07119, 0.808082, 0.808412, 0, 0, 0, 0, 0.805351, 0, 0, 0, 0, 1.31695, 1.31803, 1.40633, 1.40741, 1.42609, 0.811191, 0.812271, 0, 0, 0.774753, 0.775567, 1.02442, 0.881134, 0.83775, 0.804807, 0.819515, 0.737776, 1.18215, 1.1838, 1.18489, 1.15457, 1.15563, 0.892114, 0, 0, 0, 0.726216, 1.5846, 1.58465, 1.58538, 1.58646, 1.55763, 0, 0, 0, 0, 0, 0, 0, 0, 0.79022, 0.762391, 0.763359, 0.764439, 1.47922, 1.48052, 1.36276, 1.64583, 1.64713, 0, 0.833931, 0.834836, 0.716006, 0.80097, 0.802041, 1.49567, 1.64724, 1.64832, 1.6496, 1.65031, 0.875066, 0, 0.86949, 1.07289, 1.07397, 1.075, 1.07581, 0.742954, 0, 0, 0, 0, 0.796998, 0.798078, 1.14176, 1.19681, 1.19789, 1.1995, 1.2003, 0.970311, 0.747639, 0.748719, 0.749006, 1.00727, 1.00835, 1.00943, 1.03513, 0.932284, 0.875083, 0.876163, 0.877243, 0, 0.809586, 0.810666, 0.811332, 0.812917, 0.76492, 0.979222, 0.980249, 0.981328, 0.982012, 1.77092, 1.42173, 1.4228, 1.42388, 1.42496, 0.837405, 0.838485, 0.877831, 0.878911, 0.879991, 0, 0.934156, 1.06228, 1.06336, 1.06487, 1.06595, 0.7367, 0, 0, 0, 0.828108, 0.843118, 0.844198, 0.845278, 0.846574, 0, 0, 0.84034, 0.912245, 0.913325, 0.914405, 0.915485, 0.962367, 0.752745, 0.964402, 0.965482, 0.966364, 0.888257, 0.863336, 1.18259, 1.18316, 1.18297, 1.18412, 0.982574, 1.0589, 1.05998, 1.38573,
0, 0.749429, 0.749094, 0.74876, 0.748342, 0, 0, 0, 0, 0, 0, 0, 0, 0, 0, 0, 0, 0, 0, 0, 0, 0, 0, 0, 0, 0, 0, 0, 0, 0, 1.37667, 1.37633, 1.376, 1.34632, 1.34598, 0, 0, 0, 0, 0, 0, 0, 0, 0, 0, 0, 0, 0, 0, 0, 0, 0, 0, 0, 0, 0, 0, 0, 0, 0, 0, 0, 0, 0, 0, 0, 0, 0, 1.19821, 1.19779, 1.19735, 0.970516, 1.01634, 0, 0, 0, 0, 0, 0, 0, 0, 0, 1.04845, 1.04812, 0.964886, 0.964384, 0.963966, 0, 0, 0, 0, 0, 0, 0, 0, 0, 0, 0, 0, 0, 0, 0, 0, 0, 0, 0, 0, 0, 0, 0, 0, 0, 0, 1.00858, 1.19901, 1.19857, 1.19818, 1.19784, 0, 0, 0, 0, 0, 0, 0, 0, 0, 0, 0, 0, 0, 0.74988, 0.749378, 0.748877, 0, 0, 0, 0, 0, 0, 0, 0, 0, 0, 0, 0, 0, 0.76413, 0.763802, 0, 0, 0, 0, 0, 0, 0, 0, 0, 0, 0.935005, 0.934587, 0.934169, 1.21596, 1.21555, 0, 0, 0, 0, 0, 0, 0, 0.72455, 0.724132, 0.723721, 0.723393, 0, 0, 0, 0, 0, 0, 0, 0, 0, 0, 0, 0.718295, 0.71787, 0.717361, 0.716944, 0, 0, 0, 0, 0, 0, 0, 0, 0, 0, 0, 0, 0, 0, 0, 0, 0, 0, 0, 0, 0, 0, 0, 0, 0, 0, 0, 0, 0, 0, 0, 0, 0, 0, 0, 0, 0, 0, 0, 0, 0, 0, 0, 0, 0, 0, 0, 0, 0, 0, 0, 0, 0, 0, 0, 0, 0, 0, 0, 0, 0, 0, 0, 0, 0, 0, 0, 0, 0, 0, 0, 0, 0, 0, 0, 0, 0, 0, 0, 0, 0, 0, 0, 0, 0, 0, 1.00885, 1.00844, 0.888826, 1.17062, 1.17021, 0, 0, 0, 0, 0, 0, 0, 0, 0, 0, 0, 0, 0, 0, 0, 0, 0, 0, 0, 0, 0, 0, 0, 0, 0, 0, 0.877761, 0.877343, 0.964395, 0.963977, 0.980538, 0, 0, 0, 0, 0, 0, 0, 0, 0, 0, 0, 0, 0.717449, 0.717114, 0.716717, 0, 0, 0, 0, 0, 0, 0, 1.10767, 1.10741, 1.10712, 1.10671, 1.0751, 0, 0, 0, 0, 0, 0, 0, 0, 0, 0, 0, 0, 0.979809, 0.979391, 0.859781, 1.14157, 1.14116, 0, 0, 0, 0, 0, 0, 0.979789, 1.13113, 1.13072, 1.13029, 1.12987, 0, 0, 0, 0, 0, 0, 0, 0, 0, 0, 0, 0, 0, 0, 0, 0, 0, 0, 0, 0, 0, 0, 0, 0, 0, 0, 0, 0, 0, 0, 0, 0, 0, 0, 0, 0, 0, 0, 0, 0, 0, 1.18836, 0.837202, 0.836701, 0.836283, 0.835865, 0, 0, 0, 0, 0, 0, 0, 0, 0, 0, 0, 0, 0, 0, 0, 0, 0, 0, 0, 0, 0, 0, 0, 0, 0, 0, 0, 0, 0, 0, 0, 0, 0, 0, 0, 0, 0, 0, 0, 0, 0, 0.735158,
0, 0, 0, 0, 0, 0, 0, 0, 0, 0, 0, 0, 0, 0, 0, 0, 0, 0, 0, 0, 0, 0, 0, 0, 0, 0, 0, 0, 0, 0, 1.04089, 1.04203, 1.04331, 1.04467, 1.04599, 0, 0, 0, 0, 0, 0, 0, 0, 0, 0, 0, 0, 0, 0, 0, 0, 0, 0, 0, 0, 0, 0, 0, 0, 0, 0, 0, 0, 0, 0, 0, 0, 0, 1.09001, 1.09133, 1.09259, 1.09424, 1.09529, 0, 0, 0, 0, 0, 0, 0, 0, 0, 0, 0, 0, 0, 0, 0, 0, 0, 0, 0, 0, 0, 0, 0, 0, 0, 0, 0, 0, 0, 0, 0, 0, 0, 0, 0, 0, 0, 0, 0, 0, 1.1471, 1.14903, 1.15029, 1.15167, 1.15273, 0, 0, 0, 0, 0, 0, 0, 0, 0, 0, 0, 0, 0, 0, 0, 0, 0, 0, 0, 0, 0, 0, 0, 0, 0, 0, 0, 0, 0, 0, 0, 0, 0, 0, 0, 0, 0, 0, 0, 0, 0, 0, 0, 0, 0, 0, 0, 0, 0, 0, 0, 0, 0, 0, 0, 0, 0, 0, 0, 0, 0, 0, 0, 0, 0, 0, 0, 0, 0, 0, 0, 0, 0, 0, 0, 0, 0, 0, 0, 0, 0, 0, 0, 0, 0, 0, 0, 0, 0, 0, 0, 0, 0, 0, 0, 0, 0, 0, 0, 0, 0, 0, 0, 0, 0, 0, 0, 0, 0, 0, 0, 0, 0, 0, 0, 0, 0, 0, 0, 0, 0, 0, 0, 0, 0, 0, 0, 0, 0, 0, 0, 0, 0, 0, 0, 0, 0, 0, 0, 0, 0, 0, 0, 0, 0, 0, 0, 0, 0, 0, 0, 0, 0, 0, 0, 0, 0, 0, 0, 0, 0, 0, 0, 0, 0, 0, 0, 0, 0, 0, 0, 0, 0, 0.810699, 0.812486, 0.813898, 0.815218, 0.816472, 0, 0, 0, 0, 0, 0, 0, 0, 0, 0, 0, 1.38734, 1.38866, 1.3904, 1.39172, 1.39271, 0.778105, 0.779425, 0, 0, 0, 0, 0, 0, 0, 0, 0, 0, 0.853069, 0.854711, 0.856097, 0.857417, 0.858802, 0, 0, 0, 0, 0, 1.42076, 1.42151, 1.42247, 1.42379, 1.42463, 0, 0, 0, 0, 0, 0, 0, 0, 0, 0, 0, 0, 0, 0, 0, 0.726787, 0.728371, 0.729031, 0.756048, 0.756873, 0.757275, 0.758595, 0.759849, 1.45378, 1.45542, 1.45674, 1.45812, 1.45944, 0, 0, 0.906869, 0.908382, 0.909702, 0.910758, 0.911814, 0, 0, 0, 0, 0, 0, 0, 0.922428, 0.923814, 0.925134, 0.927093, 0.928083, 0, 0, 0.700734, 0.702651, 0, 0, 0, 0, 0, 0, 0, 0, 0, 0, 0.700688, 0.701414, 0.703351, 0.72038, 0.721524, 0.722844, 0.724164, 0.724999, 1.51406, 1.51532, 1.51657, 1.51789, 1.51921, 0, 0, 0, 0, 0, 0, 0.931569, 0.932818, 0.934138, 0.935536, 0.936856, 0, 0, 0, 0, 0, 0, 0, 0, 0, 0, 0, 0, 0, 0, 0, 0, 0.779134, 0.781131, 0.782451, 0.783771, 0.784761, 0.707024, 0, 1.00949, 1.01015, 1.00997, 1.01136, 1.01268, 1.08904, 1.09036, 1.09168,
0, 0, 0, 0, 0, 0, 0, 0, 0, 0, 0, 0, 0, 0, 0, 0, 0, 0, 0, 0, 0, 0, 0, 0, 0, 0, 0, 0.718625, 0, 0, 1.42737, 1.43285, 1.8104, 1.81611, 1.82164, 0.830943, 1.16323, 0.701385, 0.706824, 0.712263, 0.716886, 0, 0, 0, 0, 0, 0, 0, 0, 0, 0, 0, 0, 0, 0.743679, 0.796844, 0.803371, 0.809898, 0.814249, 1.62853, 1.63397, 1.63841, 1.6428, 1.38982, 0, 0, 0, 0, 1.47409, 1.47953, 1.48388, 1.38599, 1.39398, 0.72833, 0.732953, 0.737305, 0.873219, 0.857964, 1.62422, 1.51304, 1.51848, 1.52501, 1.53045, 0.886271, 0.80995, 0.815299, 0.820738, 0.780959, 1.78626, 1.7917, 1.79614, 1.80054, 1.50303, 0, 0, 1.09074, 1.09618, 1.10062, 1.20483, 1.21027, 0.835718, 0.841158, 0.846597, 0.749283, 0.913827, 0.919266, 0.828984, 1.08115, 1.08514, 1.0255, 1.17491, 1.17858, 0.904972, 1.67421, 1.7495, 1.75385, 1.76038, 1.76609, 0.830556, 0, 0, 0.910854, 0.916293, 0.921732, 0.927172, 0.932611, 0.899463, 1.01117, 1.01579, 1.54887, 1.55431, 1.7829, 1.78825, 1.79342, 1.27131, 1.27675, 0.838881, 0.93918, 0.944619, 0.872484, 1.18246, 2.05822, 2.06366, 2.0681, 2.0725, 1.87845, 1.16963, 1.51388, 1.60011, 1.60519, 1.60936, 1.61589, 1.48419, 2.12077, 2.12621, 2.13065, 2.13505, 1.83759, 0.843026, 1.19885, 1.20429, 1.20973, 1.4988, 1.50315, 1.15603, 1.44592, 1.44923, 1.19053, 1.30425, 1.30969, 1.45336, 2.35156, 2.357, 2.36135, 2.36574, 1.92914, 1.28836, 1.59888, 1.60459, 1.61003, 1.36952, 1.37396, 1.0765, 1.08194, 1.08738, 1.42449, 2.43097, 2.4375, 2.44393, 2.44937, 2.31558, 1.32052, 1.58721, 1.59056, 1.30832, 1.59822, 1.60153, 1.34283, 1.45655, 1.59574, 1.4461, 1.48271, 1.48824, 1.53197, 1.53659, 1.54203, 1.67465, 1.68009, 1.46513, 1.47166, 1.4771, 1.32177, 1.32721, 1.26745, 1.49425, 1.49733, 1.52448, 1.53101, 1.53536, 1.42421, 1.48681, 1.49144, 1.54171, 1.5461, 1.4977, 1.41808, 1.42461, 1.43861, 1.44296, 1.62848, 1.63219, 1.63487, 1.45623, 1.46099, 1.61838, 1.623, 1.62844, 1.57242, 1.57786, 1.47854, 1.70631, 1.71094, 1.58091, 1.86304, 1.86739, 1.75728, 1.78981, 1.79525, 1.8273, 1.70147, 1.70415, 1.88378, 1.88709, 1.62838, 1.74211, 1.74755, 1.62832, 1.63376, 1.6382, 1.59907, 1.6045, 1.50207, 1.65182, 1.52201, 1.52527, 1.5555, 1.56089, 1.5013, 1.58179, 1.72612, 1.73156, 1.73699, 1.74441, 1.72434, 1.72978, 1.73522, 1.90847, 1.91391, 1.79988, 2.08895, 2.0933, 1.74618, 2.03607, 2.03938, 1.78068, 1.8944, 1.89875, 1.62794, 1.91045, 2.80783, 2.81327, 2.95793, 2.96238, 2.96677, 2.13239, 2.13674, 1.87895, 1.87485, 1.78802, 1.79196, 1.70041, 1.70476, 2.7102, 2.57455, 2.57999, 2.58543, 2.59087, 2.59458, 2.60001, 2.63659, 2.64203, 2.73836, 2.12938, 2.13482, 1.97688, 1.98241, 2.02756, 2.03327, 2.13845, 2.00164, 1.96358, 1.93566, 2.13644, 2.06121, 2.50669, 2.5124, 2.51893, 2.4225, 2.42903, 2.1692, 1.95663, 1.9594, 1.86576, 2.00745, 2.86681, 2.87188, 2.96846, 2.9739, 2.97934, 1.98655, 2.10091, 1.8766, 1.87932, 1.95981, 2.10414, 2.10958, 2.11502, 2.12243, 2.10237, 2.10781, 2.11325, 2.2865, 2.29194, 2.1779, 2.46697, 2.47132, 2.1242, 2.4141, 2.4174, 2.1587, 2.27242, 2.27678, 2.97645, 3.08735, 3.09279, 3.09931, 3.10475, 2.33212, 2.22169, 2.44811, 2.59175, 2.59719, 2.6029, 2.60843, 2.28144, 2.12936, 2.13398, 2.13942, 2.22084, 2.16006, 2.1655, 2.5873, 3.05621, 3.06165, 3.06709, 3.07149, 2.84952, 2.4408, 2.44624, 2.35875, 2.40346, 2.4089, 2.41434, 2.53684, 2.43947, 2.38599, 2.39143, 2.39687, 2.20103, 2.40375, 2.40919, 2.41259, 2.50318, 2.52592, 3.30939, 3.31488, 3.32032, 3.32467, 4.11674, 3.12109, 3.12544, 3.13088, 3.13632, 2.38062, 2.38606, 2.43135, 2.43679, 2.44222, 2.23711, 2.64663, 2.81734, 2.82278, 2.82741, 2.83285, 2.46095, 2.32925, 2.33469, 2.34013, 2.4916, 2.51123, 2.51667, 2.52211, 2.52782, 2.31979, 2.25993, 2.47408, 2.6755, 2.68094, 2.68638, 2.69182, 2.84582, 2.6011, 2.80007, 2.80551, 2.80986, 2.73883, 2.71979, 3.01002, 3.01347, 2.95625, 2.96074, 2.78918, 2.87097, 2.8764, 3.14412,
0, 0, 0, 0, 0, 0, 0, 0, 0, 0, 0, 0, 0, 0, 0, 0, 0, 0, 0, 0, 0, 0, 0, 0, 0, 0, 0, 0, 0, 0, 0, 0, 0, 0, 0, 0, 0, 0, 0, 0, 0, 0, 0, 0, 0, 0, 0, 0, 0, 0, 0, 0, 0, 0, 0, 0, 0, 0, 0, 1.09209, 1.09426, 1.09559, 1.09749, 1.09872, 0, 0, 0, 0, 0, 0, 0, 0, 0, 0, 0, 0, 0, 0, 1.12384, 1.12368, 1.12524, 1.12711, 1.12867, 0, 0, 0, 0, 0, 1.13794, 1.1395, 1.14114, 1.14273, 1.14429, 0, 0, 0, 0, 0, 0, 0, 0, 0, 0, 0, 0, 0, 0, 0, 0, 0, 0, 0, 0, 0, 0, 0, 0, 0, 0, 0, 0, 0, 0, 0, 0, 0, 0, 0, 0, 0.835918, 0.837478, 0.838726, 0.84026, 0.840343, 0, 0, 0, 0, 0, 0, 0, 1.21536, 1.21728, 1.21892, 1.22065, 1.2222, 0, 0, 0, 0, 0, 0, 0, 1.23388, 1.23544, 1.23708, 1.23867, 1.24021, 0, 0, 0, 0, 0, 0, 0, 0, 0, 0, 0, 0, 0, 1.26051, 1.26207, 1.26363, 1.26517, 1.26649, 0, 0, 0, 0, 0, 0, 0, 0, 0, 0, 1.28391, 1.28547, 1.28701, 1.28857, 1.29012, 0, 0, 0, 0, 0, 0, 0, 0, 0, 0, 0, 0, 0, 0, 0, 0, 0, 0, 0, 0, 0, 0, 0, 0, 0, 0, 0, 0, 0, 0, 0, 0, 0, 0, 0, 0, 0, 0, 0, 0, 0, 0, 0, 0, 0, 0, 0, 0, 0, 0, 0, 0, 0.734014, 0.735574, 0.737758, 0.740143, 0.741703, 0, 0, 0, 0, 0, 0, 0, 0, 0, 0, 0, 0, 0, 0, 0, 0, 0, 0, 0, 0, 0, 0, 0, 0, 0, 0, 0, 0, 0.763355, 0.764915, 0.766158, 0.769241, 0.770489, 0, 0, 0, 0, 0, 0, 0, 0, 1.43099, 1.43286, 1.43443, 1.43631, 1.43804, 0, 0, 0, 0, 0, 0, 0, 0, 1.45003, 1.45161, 1.45317, 1.45473, 1.45629, 0, 0, 0, 0, 0, 0, 0, 0, 0, 0, 0, 0.738326, 0.739899, 0.741459, 0.742888, 0.860159, 0.861719, 0.863279, 0.86567, 0.86723, 0.766205, 0.767765, 0.76874, 0, 0, 0, 0, 0, 0, 0.730575, 0.732135, 0.73313, 0.73469, 0.735968, 0, 0, 0, 0, 0, 0, 0, 0.700267, 0.701664, 0.703224, 0.871775, 0.873335, 0.874578, 0.877661, 0.878909, 0.792183, 0.792963, 0.794362, 0, 0, 0, 0, 0.751729, 0.753289, 0.755161, 0.756721, 0.758856, 0, 0, 0.786646, 0.788206, 0.789694, 0.79102, 0.792981, 0, 0, 0, 0.734518, 0.736208, 0.737768, 0.739302, 1.20327, 1.20483, 1.20715, 1.20838, 1.20995, 0.798153, 0.799713, 0.709311, 0.799677, 0.801237, 0.802797, 0.922191, 0.923536, 0.924656, 0.926216, 0.927776, 0.728052, 0.731017, 0.732577, 0.733552, 0.821333, 0.822893, 1.60194, 1.60349, 1.60505, 1.60626, 1.60759, 0, 0, 0, 0, 0.851396, 0.852956, 0.855054, 0.856614, 0.858174, 0, 0, 0.857975, 0.859535, 0.861403, 0.862963, 0.864289, 0.753483, 0.755043, 0.756603, 0.880394, 0.882266, 0.883826, 0.885386, 0.887258, 0.712206, 0, 0.859515, 0.984071, 0.985631, 0.987191, 0.988751, 0.990623, 0.742062, 0.93823, 0.93979, 0.941038, 0.942598, 0.944037, 0.905607, 0.906595, 0.847088, 0.848461, 0.715976, 0.753596, 0.755156, 0.940158,
1.17495, 1.35854, 1.36089, 1.36233, 1.36401, 0, 0, 0, 0, 0, 0, 0, 0, 0, 0, 0, 0, 0, 0, 0, 0, 0, 0, 1.27567, 1.27727, 1.04362, 1.0453, 1.30938, 0, 0, 0, 0, 0.997776, 0.999792, 1.00156, 0, 0.855833, 0, 0, 0, 0.992185, 0.996082, 0.910176, 0.981086, 0.982766, 0, 0, 0, 0, 0, 0, 0, 0, 0, 1.23439, 1.28373, 1.2854, 1.28671, 1.28751, 2.0991, 2.10144, 2.10296, 2.10496, 1.27041, 0, 0, 0, 0, 0, 0, 0, 0, 0.886537, 0.985426, 0.989627, 0.991391, 1.12458, 0, 1.37473, 1.24807, 1.24975, 1.25168, 1.25336, 0, 0, 0, 0, 1.14694, 2.14848, 2.15016, 2.15201, 2.15368, 1.15536, 0, 0, 0, 0, 0, 0.74704, 0.74872, 0, 0, 0, 0, 1.05692, 1.05888, 0.963906, 1.21318, 1.21449, 0.937443, 1.46146, 1.46297, 1.18561, 1.19745, 1.32947, 0, 0, 0, 0, 0, 0, 0, 0, 0, 0, 0, 0.963737, 1.07279, 1.07699, 1.60636, 1.60804, 1.20795, 1.20954, 1.20904, 0, 0, 0, 0, 0, 0, 1.35865, 2.23186, 2.23392, 2.23577, 2.2376, 1.3391, 0, 0.883233, 0.966817, 0.967825, 0.969253, 0.970597, 1.61891, 2.2518, 2.25348, 2.25533, 2.257, 1.25865, 0, 0, 0, 0, 0.958919, 0.960935, 0, 1.53456, 1.53612, 1.27361, 1.38363, 1.38531, 0.740575, 1.63345, 1.63513, 1.63748, 1.63922, 1.34325, 0, 1.64456, 1.64658, 1.64826, 1.40399, 1.40577, 0, 0, 0, 0, 1.6594, 1.661, 1.66226, 2.31078, 2.31245, 1.31328, 1.57807, 1.57992, 0, 1.5816, 1.58316, 1.32065, 1.43067, 1.5672, 1.15145, 1.1535, 1.15526, 1.1963, 1.19857, 0.883791, 1.61889, 1.62057, 1.4018, 1.40339, 1.40507, 0, 0, 0, 1.40993, 1.41144, 1.43483, 1.43643, 1.43819, 0.746609, 0.780564, 0.782494, 1.17202, 1.17368, 1.1205, 1.03706, 1.03866, 0.700718, 0.702062, 0.882582, 0.883246, 0.884002, 0.704058, 0.705402, 0.897931, 0.900283, 0.901963, 0.848401, 0.850081, 0, 1.36946, 1.37181, 1.23796, 1.51716, 1.51886, 1.06686, 1.06951, 0.870341, 0.988215, 0.780427, 0.781435, 1.6698, 1.67136, 1.40885, 1.51887, 1.52055, 0.82113, 0.823011, 0.824523, 0, 0, 0, 0.829879, 0, 0, 0.717559, 0.718987, 0, 0.708163, 0.86972, 0.871703, 0.873383, 0.878634, 0.81698, 0.779084, 0.780764, 0.949445, 0.948232, 0.798109, 1.1412, 1.14322, 0.79368, 1.71684, 1.7184, 1.45589, 1.56591, 1.5676, 0.731605, 1.57081, 2.46416, 2.46617, 2.46786, 2.46984, 1.82538, 0.98726, 0.989024, 0.903581, 0.895247, 0.806538, 0.808554, 0.752147, 0.753856, 1.75549, 1.48632, 1.488, 1.48968, 1.49136, 0.80048, 0.80216, 0.834911, 0.836591, 0.930864, 0.880687, 0.882367, 1.3833, 1.38582, 1.42715, 1.42858, 1.52989, 0.926173, 0.854732, 0.779759, 1.01209, 0.898854, 1.25423, 1.25681, 1.25847, 1.15749, 1.15909, 1.07306, 0.858618, 0.859542, 0.802352, 0.941163, 0.980756, 0.980843, 1.07645, 1.07813, 1.07921, 0.773445, 0.929694, 0.700527, 0.701591, 0.824922, 0.98648, 0.988463, 0.990143, 0.995394, 0.93374, 0.895844, 0.897524, 1.0662, 1.06499, 0.914869, 1.25796, 1.25998, 0.91044, 1.8336, 1.83516, 1.57265, 1.68267, 1.68436, 0.993483, 1.10042, 1.1021, 1.10403, 1.55344, 1.55574, 1.44087, 1.44263, 1.58396, 1.18428, 1.18588, 1.18731, 1.03645, 0.880173, 0.882525, 0.884205, 0.964307, 0.900739, 0.902419, 1.13658, 1.60062, 1.6023, 1.60479, 1.60612, 1.49985, 0.975335, 0.977015, 0.886816, 0.963521, 0.965201, 0.966881, 1.08816, 1.0888, 0.969891, 0.971571, 0.973251, 0.904921, 1.01883, 1.02051, 1.02161, 1.13422, 1.11236, 1.89394, 1.89559, 1.89727, 1.78582, 1.96173, 0.963468, 0.965162, 0.966842, 0.968522, 0.898731, 0.900411, 0.995339, 0.997019, 0.998699, 0.764393, 0.954391, 1.12246, 1.12414, 1.12649, 1.12817, 0.974566, 0.802258, 0.803938, 0.805618, 0.991232, 1.02513, 1.02681, 1.02849, 1.03051, 0.789929, 0, 0.90949, 1.07309, 1.07477, 1.07645, 1.07813, 1.79615, 1.54774, 1.74409, 1.74577, 1.74719, 1.36416, 1.146, 1.31007, 1.31133, 1.25184, 1.25362, 1.07824, 1.09581, 1.09749, 1.28265,
1.17515, 1.44301, 1.44553, 1.48487, 1.48667, 0, 0, 0.752396, 0, 0, 0, 0, 0, 0, 0, 0, 0, 0, 0, 0, 0, 0, 0, 1.27865, 1.28042, 1.04675, 1.04855, 1.31282, 0, 0, 0, 0, 1.06796, 1.00394, 1.00565, 0.700009, 0.860164, 0, 0, 0, 1.11085, 1.52815, 1.36155, 1.51486, 1.51666, 0.857104, 0, 0, 0, 0, 0, 0, 0.745515, 0.747315, 1.5145, 1.56403, 1.56616, 1.2938, 1.65375, 2.16491, 2.10885, 2.24617, 2.24827, 1.388, 0, 0, 0, 0, 0, 0, 0, 0, 1.07115, 1.13913, 1.38938, 1.39154, 1.52579, 0.962418, 1.56292, 1.41028, 1.41208, 1.26731, 1.40491, 0, 0, 0, 0, 1.15745, 2.15925, 2.16105, 2.16279, 2.16449, 1.16631, 0, 0, 0.732387, 0.734187, 0.736437, 0.758987, 0.760787, 0, 0.799493, 0.800933, 0, 1.16755, 1.46594, 1.33984, 1.62091, 1.62235, 0.95053, 1.47456, 1.47618, 1.19888, 1.38673, 1.52914, 0, 0, 0, 0, 0, 0, 0, 0, 0, 0, 0, 0.978658, 1.23273, 1.48298, 2.01346, 2.01526, 1.61536, 1.6163, 1.22486, 0.777338, 0.779138, 0, 0.719961, 0.721761, 0, 1.45427, 2.45544, 2.40104, 2.40356, 2.40817, 1.5097, 0, 0.900724, 1.13861, 0.985415, 0.98702, 0.98846, 1.63692, 2.26995, 2.27175, 2.27349, 2.27519, 1.27692, 0, 0, 0, 0, 0.97789, 0.98005, 0, 1.56917, 1.7894, 1.52701, 1.63687, 1.63867, 0.993719, 1.78933, 1.79113, 1.65767, 1.65941, 1.45041, 0, 1.66539, 1.903, 1.9048, 1.66066, 1.66321, 0.720792, 0, 0, 0, 1.6811, 1.68287, 1.6844, 2.53117, 2.33469, 1.33567, 1.61579, 1.61777, 0, 1.61957, 1.8398, 1.57741, 1.68727, 1.82358, 1.40795, 1.55864, 1.56116, 1.60253, 1.60541, 1.0242, 1.64299, 1.64479, 1.47401, 1.47572, 1.47752, 0.74986, 0.75166, 0, 1.56154, 1.56316, 1.4731, 1.47481, 1.4767, 0.783108, 0.957659, 0.819324, 1.38187, 1.38364, 1.14646, 1.06329, 1.06506, 0.727183, 0.728623, 1.113, 1.02637, 1.02721, 1.05562, 1.05706, 0.925093, 0.927613, 0.929413, 0.875886, 0.877686, 0, 1.39734, 1.39986, 1.51201, 1.88256, 1.88439, 1.37753, 1.38025, 1.16035, 1.2163, 0.974929, 0.976009, 1.71407, 1.9343, 1.67191, 1.78177, 1.78357, 1.08399, 0.852862, 0.950996, 0.788681, 0.790481, 0, 0.860282, 0.727048, 0.728008, 0.802778, 0.804308, 0, 0.793653, 0.974791, 0.902826, 0.904626, 1.10962, 1.12275, 0.930649, 0.932449, 1.25591, 1.10363, 0.829936, 1.17319, 1.17535, 0.825969, 1.76447, 1.9847, 1.72231, 1.83217, 1.834, 0.891404, 1.63137, 2.63317, 2.49939, 2.69947, 2.70192, 2.00148, 1.1539, 1.40604, 1.15113, 1.04583, 1.16542, 1.16758, 0.786538, 0.788368, 1.78988, 1.52091, 1.52271, 1.52451, 1.52631, 0.835711, 0.837511, 0.973284, 0.975084, 1.10023, 0.916658, 0.918458, 1.41946, 1.62686, 1.66846, 1.67098, 1.77233, 1.1509, 1.00308, 0.816506, 1.05518, 0.936054, 1.29154, 1.40483, 1.4066, 1.57798, 1.57942, 1.22737, 1.22122, 1.22221, 0.840328, 1.12053, 1.22144, 1.16043, 1.39302, 1.39482, 1.11792, 0.812264, 0.968677, 0.739508, 0.740648, 0.918753, 1.09989, 1.02793, 1.02973, 1.23472, 1.24785, 1.05575, 1.05755, 1.38101, 1.22873, 0.955036, 1.29829, 1.30045, 0.951069, 1.88957, 2.1098, 1.84741, 1.95727, 1.9591, 1.26832, 1.2778, 1.2796, 1.1458, 1.78056, 1.80235, 1.5909, 1.68349, 1.83192, 1.43234, 1.2387, 1.50663, 1.34101, 1.10524, 1.10776, 1.10956, 1.04907, 0.944132, 0.945932, 1.25722, 1.79535, 1.71959, 1.93408, 1.93679, 1.71694, 1.08415, 1.08595, 1.07716, 1.16432, 1.16612, 1.16792, 1.40852, 1.13403, 1.01519, 1.01699, 1.01879, 0.950502, 1.34591, 1.34771, 1.34888, 1.57247, 1.44058, 2.11313, 2.11484, 2.11664, 1.83229, 2.00827, 1.01034, 1.01213, 1.01393, 1.01573, 0.94613, 0.94793, 1.04296, 1.04476, 1.04656, 0.812314, 1.00249, 1.29986, 1.30166, 1.30418, 1.30598, 1.21066, 0.851097, 0.852897, 0.854697, 1.04048, 1.07452, 1.07632, 1.07812, 1.08028, 0.839674, 0.747885, 0.959529, 1.14878, 1.15058, 1.15238, 1.15418, 1.84686, 2.04465, 2.32242, 2.32422, 2.32754, 1.72479, 1.39026, 1.54877, 1.55021, 1.30344, 1.57936, 1.40438, 1.32702, 1.32882, 1.59268,
1.17719, 1.45065, 1.45523, 1.49725, 1.50263, 0, 0, 0.77968, 0, 0.718874, 0.724255, 0, 0, 0, 0, 0, 0, 0, 0, 0, 0, 0, 0, 1.36348, 1.36895, 1.13987, 1.14525, 1.41437, 0, 0, 0.801906, 0.806167, 1.18621, 1.12437, 1.12868, 0.826785, 0.989656, 0, 0, 0, 1.25523, 1.67684, 1.51515, 1.67248, 1.67786, 1.02375, 0, 0, 0, 0, 0, 0, 0.933927, 0.939308, 1.71018, 1.76449, 1.76996, 1.50113, 1.86279, 2.37798, 2.32492, 2.46488, 2.46936, 1.6119, 0, 0, 0, 0, 0.910485, 0.915867, 0.921158, 0, 1.32994, 1.40053, 1.65624, 1.66189, 1.79889, 1.2398, 1.84071, 1.69148, 1.69686, 1.55556, 1.69684, 0.917151, 0.801677, 0.808135, 0.813517, 1.47083, 2.4756, 2.48098, 2.4852, 2.48941, 1.49498, 0.792701, 0.799159, 1.07338, 1.07876, 1.08548, 1.11297, 1.11835, 0.881399, 1.16328, 1.16839, 0.942114, 1.53882, 1.84079, 1.71764, 2.00361, 2.00657, 1.33653, 1.86219, 1.86757, 1.59452, 1.78602, 1.93316, 1.08995, 1.09543, 1.10188, 0.837113, 0, 0, 0.90479, 0.910171, 0.915553, 0.920934, 0.926316, 1.42366, 1.68037, 1.93608, 2.46653, 2.47192, 2.07577, 2.08222, 1.69522, 1.25005, 1.25543, 0.908459, 1.20342, 1.2088, 1.02747, 1.94561, 2.95145, 2.90063, 2.9052, 2.91255, 2.01663, 1.20911, 1.41708, 1.66034, 1.50879, 1.51417, 1.51928, 2.17123, 2.80656, 2.81194, 2.81616, 2.82038, 1.82486, 0.834086, 1.18645, 1.19184, 1.19722, 1.54417, 1.54982, 1.20539, 2.14556, 2.36946, 2.10985, 2.2222, 2.22758, 1.58532, 2.38507, 2.39045, 2.26036, 2.26457, 2.05929, 1.27964, 2.28493, 2.5253, 2.53068, 2.28896, 2.29345, 1.35825, 1.1273, 1.13268, 1.32761, 2.33023, 2.3357, 2.34189, 3.1922, 2.99913, 2.0036, 2.28495, 2.29086, 1.35608, 2.29625, 2.52014, 2.26053, 2.37288, 2.51419, 2.10144, 2.25564, 2.25995, 2.30895, 2.3138, 1.73614, 2.35847, 2.36385, 2.19653, 2.20164, 2.20703, 1.4823, 1.48769, 1.38144, 2.30233, 2.30717, 2.22069, 2.22581, 2.23146, 1.54055, 1.72129, 1.58543, 2.15105, 2.15522, 1.92174, 1.84421, 1.84968, 1.51286, 1.51932, 1.90641, 1.82266, 1.82531, 1.85504, 1.85935, 1.73259, 1.73717, 1.74255, 1.69171, 1.69709, 1.4667, 2.22686, 2.23144, 2.34717, 2.72148, 2.72677, 2.2202, 2.22544, 2.01133, 2.07079, 1.83534, 1.83857, 2.57877, 2.80266, 2.54306, 2.65541, 2.66079, 1.96607, 1.73793, 1.8387, 1.67994, 1.68532, 1.48788, 1.76388, 1.63478, 1.6376, 1.71369, 1.71826, 1.53195, 1.71144, 1.8978, 1.82929, 1.83467, 2.04231, 2.058, 1.86936, 1.87474, 2.1991, 2.05028, 1.78111, 2.12807, 2.13372, 1.78929, 2.72946, 2.95335, 2.69374, 2.80609, 2.81138, 1.87269, 2.61713, 3.6219, 3.49154, 3.69537, 3.69985, 3.0019, 2.16319, 2.4165, 2.16644, 2.06373, 2.18331, 2.18977, 1.81264, 1.81793, 2.81938, 2.55513, 2.56051, 2.56589, 2.57127, 1.88688, 1.89226, 2.03057, 2.03595, 2.16637, 1.98483, 1.99021, 2.49467, 2.70483, 2.75281, 2.75739, 2.8585, 2.24199, 2.09772, 1.91477, 2.16059, 2.04502, 2.40393, 2.51993, 2.52541, 2.70182, 2.70694, 2.35633, 2.35014, 2.3531, 1.97341, 2.25582, 2.36262, 2.30235, 2.53868, 2.54406, 2.27057, 1.96859, 2.12871, 1.9026, 1.90596, 2.08545, 2.27181, 2.20331, 2.20869, 2.41632, 2.43202, 2.24337, 2.24875, 2.57311, 2.4243, 2.15512, 2.50208, 2.50773, 2.1633, 3.10347, 3.32736, 3.06776, 3.1801, 3.1854, 2.49832, 2.51406, 2.51944, 2.38917, 3.02773, 3.05302, 2.84402, 2.94032, 3.09365, 2.69777, 2.50633, 2.77689, 2.61404, 2.38207, 2.38961, 2.39499, 2.33818, 2.23745, 2.24283, 2.55778, 3.0957, 3.02377, 3.24184, 3.24632, 3.03203, 2.40539, 2.41077, 2.40478, 2.49756, 2.50294, 2.50832, 2.75194, 2.4809, 2.36553, 2.37091, 2.37629, 2.31057, 2.70941, 2.71479, 2.71829, 2.94655, 2.81825, 3.49142, 3.49572, 3.50111, 3.22013, 3.39957, 2.40879, 2.41408, 2.41947, 2.42485, 2.35918, 2.36456, 2.46231, 2.46769, 2.47307, 2.24222, 2.43662, 2.73599, 2.74138, 2.74891, 2.75429, 2.66143, 2.30549, 2.31087, 2.31625, 2.5072, 2.54473, 2.55011, 2.5555, 2.5598, 2.32402, 2.23596, 2.451, 2.64444, 2.64982, 2.6552, 2.66059, 3.35683, 3.55742, 3.84024, 3.84562, 3.85154, 3.25343, 2.9224, 3.08172, 3.08576, 2.84123, 3.11947, 2.94796, 2.87426, 2.87964, 3.14677,
1.11203, 1.24248, 1.24534, 1.28499, 1.28703, 0, 0, 0.706936, 0, 0, 0, 0, 0, 0, 0, 0, 0, 0, 0, 0, 0, 0, 0, 1.20819, 1.21033, 1.05292, 1.05496, 1.30681, 0, 0, 0, 0, 0.760878, 0, 0, 0, 0, 0, 0, 0, 1.17855, 1.48765, 1.37202, 1.60242, 1.60446, 0.911545, 0, 0, 0, 0, 0, 0, 0.839172, 0.841212, 1.65726, 1.65932, 1.48991, 1.21789, 1.57799, 1.378, 1.32226, 1.45983, 1.4622, 0, 0, 0, 0, 0, 0.724704, 0.726743, 0.728681, 0, 1.08861, 1.16085, 1.55614, 1.55859, 1.72297, 1.15985, 1.04104, 0.77908, 0.78112, 0, 0, 0, 0, 0, 0, 1.17838, 1.37938, 1.38142, 1.38339, 1.38535, 0, 0, 0, 0.755497, 0.757537, 0.759951, 0.831496, 0.833536, 0, 0.872741, 0.874373, 0, 1.22956, 1.41075, 1.36533, 1.59993, 1.60156, 0.92994, 1.45398, 1.45582, 1.2252, 1.41332, 1.665, 0.788417, 0.790559, 0.793007, 0, 0, 0, 0, 0, 0, 0, 0, 1.00861, 1.26693, 1.66222, 1.66419, 1.66623, 1.26712, 1.2504, 0.859084, 0.809194, 0.811234, 0, 0.752536, 0.754577, 0, 1.48738, 1.68749, 1.63333, 1.63618, 1.65286, 0.743057, 0, 0.862422, 1.13939, 0.98645, 0.988218, 0.98985, 1.6386, 1.50484, 1.50688, 1.50885, 1.51081, 0, 0, 0, 0, 0, 0.867217, 0.869665, 0, 1.60792, 1.77985, 1.56604, 1.65543, 1.65747, 1.0129, 1.02855, 1.03059, 0.897437, 0.899392, 0, 0, 1.49559, 1.72511, 1.72715, 1.6821, 1.68485, 0.763347, 0, 0, 0.722719, 0.923855, 0.925997, 0.927595, 1.77448, 1.57821, 1.38039, 1.66076, 1.66285, 0.726367, 1.66504, 1.83697, 1.62316, 1.71255, 1.7146, 1.29957, 1.45042, 1.45277, 1.7596, 1.76286, 1.18187, 1.80085, 1.80289, 1.64812, 1.65027, 1.65231, 0.924923, 0.926963, 0, 1.61131, 1.61299, 1.66063, 1.66277, 1.66471, 0.905371, 1.10259, 0.870922, 1.37454, 1.37646, 1.17671, 1.10168, 1.10382, 0, 0, 0.975728, 0.93643, 0.937398, 1.10945, 1.11109, 0.922465, 0.925321, 0.927361, 0.874217, 0.876257, 0, 1.38077, 1.38363, 1.56815, 1.74334, 1.74528, 1.2439, 1.25903, 1.06022, 1.08324, 1.03256, 1.03394, 1.77214, 1.94407, 1.73026, 1.81965, 1.82169, 0.952325, 0.820126, 1.001, 0.838894, 0.840934, 0, 0.964392, 0.788006, 0.789027, 0.863946, 0.865731, 0, 0.855313, 1.03776, 0.966053, 0.968093, 1.17334, 1.14393, 0.965023, 0.967063, 1.17056, 1.01854, 0.74508, 1.08856, 1.091, 0.890587, 1.82926, 2.00119, 1.78738, 1.87677, 1.87871, 0.957339, 1.6974, 1.89843, 1.76487, 1.96522, 1.96798, 1.26812, 1.17668, 1.42032, 1.15197, 1.06928, 1.23389, 1.23634, 0.855225, 0.857163, 1.05821, 0.789557, 0.791597, 0.793637, 0.795677, 0.906077, 0.908117, 1.04439, 1.04643, 1.19668, 1.01342, 1.01546, 1.51657, 1.72435, 1.68711, 1.68996, 1.692, 1.05392, 0.928386, 0.748194, 0.95001, 0.831105, 1.18664, 1.32974, 1.33188, 1.6584, 1.66003, 1.30817, 1.29713, 1.29815, 0.916323, 1.19679, 1.37713, 1.23708, 1.57276, 1.5748, 1.29811, 0.992793, 1.14943, 0.817578, 0.818802, 0.997093, 1.17954, 1.10783, 1.10987, 1.31512, 1.28571, 1.1068, 1.10884, 1.31234, 1.16032, 0.88686, 1.23034, 1.23278, 1.03237, 1.97104, 2.14297, 1.92916, 2.01855, 2.02049, 1.33008, 1.46073, 1.46277, 1.32931, 1.96425, 1.98619, 1.67505, 1.73249, 1.90031, 1.5011, 1.32362, 1.576, 1.41085, 1.19107, 1.19392, 1.19596, 1.13543, 1.10962, 1.11166, 1.42327, 1.48555, 1.41398, 1.6247, 1.62776, 1.40808, 1.17295, 1.17499, 1.16631, 1.15576, 1.1578, 1.15984, 1.29477, 1.02054, 0.901959, 0.903999, 0.906039, 1.04177, 1.43754, 1.43958, 1.44077, 1.6744, 1.54275, 1.40478, 1.40684, 1.40888, 1.12484, 1.30093, 1.10385, 1.10579, 1.10783, 1.10987, 0.96172, 0.96376, 1.0592, 1.06124, 1.06328, 0.908264, 1.07126, 1.39628, 1.39832, 1.40117, 1.40321, 1.3646, 1.00533, 1.00737, 1.00941, 1.17587, 1.0955, 1.09754, 1.09958, 1.10202, 0.939272, 0.847603, 0.913681, 1.03024, 1.03228, 1.03432, 1.03636, 1.72941, 2.1462, 2.44256, 2.4446, 2.44835, 1.84573, 1.51135, 1.62426, 1.62589, 1.37919, 1.65533, 1.508, 1.43097, 1.43301, 1.67916,
1.11041, 1.25222, 1.25236, 1.28337, 1.28349, 0, 0, 0, 0, 0.789482, 0.789608, 0, 0, 0, 0, 0, 0, 0, 0, 0, 0, 0, 0, 1.16214, 1.16229, 1.00292, 1.00305, 1.25351, 0, 0, 0.719701, 0.719831, 0.739888, 0, 0, 0, 0, 0, 0, 0, 1.1006, 1.40786, 1.28905, 1.51806, 1.51819, 0.828064, 0, 0, 0, 0, 0, 0, 0.835264, 0.835391, 1.55275, 1.65115, 1.38151, 1.1071, 1.46643, 1.31505, 1.21504, 1.37583, 1.37594, 0, 0, 0, 0, 0, 0, 0, 0, 0, 0.956177, 1.02039, 1.41422, 1.41433, 1.67613, 1.01356, 1.03009, 0.757459, 0.757585, 0, 0, 0, 0, 0, 0, 1.01068, 1.21857, 1.21869, 1.2188, 1.2189, 0, 0, 0, 0, 0, 0, 0, 0, 0, 0.701158, 0.701309, 0, 1.09568, 1.24614, 1.16263, 1.39584, 1.39593, 0.723086, 1.24645, 1.24653, 1.01355, 1.2064, 1.45669, 0, 0, 0, 0, 0, 0, 0, 0, 0, 0, 0, 0.770014, 1.02695, 1.42078, 1.59964, 1.59977, 1.19933, 1.00189, 0, 0, 0, 0, 0, 0, 0, 1.22442, 1.43227, 1.47414, 1.47425, 1.62869, 0, 0, 0, 0.953854, 0.707301, 0.707398, 0.707549, 1.35364, 1.22632, 1.22645, 1.22655, 1.22665, 0, 0, 0, 0, 0, 0, 0, 0, 1.29951, 1.49427, 1.25432, 1.4239, 1.42403, 0.778219, 0.743225, 0.743352, 0, 0, 0, 0, 1.1868, 1.42327, 1.4234, 1.42761, 1.4277, 0, 0, 0, 0, 0, 0, 0, 1.42943, 1.23084, 1.02318, 1.3028, 1.30286, 0, 1.30304, 1.4978, 1.25785, 1.42743, 1.60376, 1.18665, 1.33566, 1.33579, 1.64123, 1.38341, 0.801263, 1.41796, 1.41808, 1.2618, 1.26195, 1.26208, 0, 0, 0, 1.21507, 1.21515, 1.26091, 1.26106, 1.26117, 0, 0, 0, 0.962551, 0.962644, 0.76088, 0.758578, 0.75873, 0, 0, 0.757278, 0, 0, 0, 0, 0, 0, 0, 0, 0, 0, 0.973706, 0.973814, 1.12099, 1.393, 1.55281, 0.995526, 1.0619, 0.777416, 0.832738, 0, 0, 1.30966, 1.50442, 1.26447, 1.43405, 1.43418, 0, 0, 0, 0, 0, 0, 0, 0, 0, 0, 0, 0, 0, 0, 0, 0, 0.752801, 0.894311, 0, 0.700042, 0.901623, 0, 0, 0, 0, 0, 1.31319, 1.50795, 1.268, 1.43758, 1.43769, 0, 1.20381, 1.40294, 1.24237, 1.44122, 1.54408, 0.868399, 0, 0.957696, 0, 0, 0, 0, 0, 0, 0, 0, 0, 0, 0, 0, 0, 0, 0, 0, 0, 0, 0.940894, 1.14714, 1.17587, 1.17599, 1.34957, 0, 0, 0, 0, 0, 0, 0.75959, 0.759741, 1.0594, 1.05955, 0.705933, 0, 0, 0, 0, 0.784058, 0, 0.961908, 0.962034, 0, 0, 0, 0, 0, 0, 0, 0, 0, 0.761565, 0.903074, 0.708679, 0.708805, 0.910386, 0.70685, 0, 0, 0, 0, 1.32196, 1.51671, 1.27676, 1.44635, 1.44645, 0.754961, 0.835475, 0.835601, 0, 1.30542, 1.31893, 1.00451, 1.19227, 1.4142, 0.841192, 0, 0.897137, 0.730435, 0, 0, 0, 0, 0, 0, 0.729115, 0.908007, 0.75688, 0.924707, 1.03794, 0.705349, 0, 0, 0, 0, 0, 0, 0, 0, 0, 0, 0, 0, 0.707531, 0.707658, 0.707721, 0.940059, 0.808459, 0, 0, 0, 0, 0, 0, 0, 0, 0, 0, 0, 0, 0, 0, 0, 0, 0, 0, 0, 0, 0, 0, 0, 0, 0, 0, 0, 0, 0, 0, 0, 0, 0, 0, 0, 0, 0.922482, 1.3369, 1.63272, 1.63284, 1.75824, 1.03176, 0.861513, 0.919709, 0.919786, 0, 0.946951, 0, 0, 0, 0.84877,
0, 0, 0, 0, 0, 0, 0, 0, 0, 0.736758, 0.731481, 0, 0, 0, 0, 0, 0, 0, 0, 0, 0, 0, 0, 0, 0, 0, 0, 0, 0, 0, 0, 0, 0, 0, 0, 0, 0, 0, 0, 0, 0, 0.730221, 0, 0.831749, 0.826473, 0, 0, 0, 0, 0, 0, 0, 0, 0, 0, 0, 0, 0, 0, 0, 0, 0, 0, 0, 0, 0, 0, 0, 0, 0, 0, 0, 0, 0, 0, 0, 0.71402, 0, 0, 0, 0, 0, 0, 0, 0, 0, 0, 0, 0, 0, 0, 0, 0, 0, 0, 0, 0, 0, 0, 0, 0, 0, 0, 0, 0, 0, 0, 0, 0, 0, 0, 0, 0, 0, 0, 0, 0, 0, 0, 0, 0, 0, 0, 0, 0, 0, 0, 0, 0, 0, 0, 0, 0, 0, 0, 0, 0, 0, 0, 0, 0, 0, 0, 0, 0, 0, 0, 0, 0, 0, 0, 0, 0, 0, 0, 0, 0, 0, 0, 0, 0, 0, 0, 0, 0, 0, 0, 0, 0, 0, 0, 0, 0, 0, 0, 0, 0, 0, 0, 0, 0, 0, 0, 0, 0, 0, 0, 0, 0, 0, 0, 0, 0, 0, 0, 0, 0, 0, 0, 0, 0, 0, 0, 0, 0, 0, 0, 0, 0, 0, 0, 0, 0, 0, 0, 0, 0, 0, 0, 0, 0, 0, 0, 0, 0, 0, 0, 0, 0, 0, 0, 0, 0, 0, 0, 0, 0, 0, 0, 0, 0, 0, 0, 0, 0, 0, 0, 0, 0, 0, 0, 0, 0, 0, 0, 0, 0, 0, 0, 0, 0, 0, 0, 0, 0, 0, 0, 0, 0, 0, 0, 0, 0, 0, 0, 0, 0, 0, 0, 0, 0, 0, 0, 0, 0, 0, 0, 0, 0, 0, 0, 0, 0, 0, 0, 0, 0, 0, 0, 0, 0, 0, 0, 0, 0, 0, 0, 0, 0, 0, 0, 0, 0, 0, 0, 0, 0, 0, 0, 0, 0, 0, 0, 0, 0, 0, 0, 0, 0, 0, 0, 0, 0, 0, 0, 0, 0, 0, 0, 0, 0, 0, 0, 0, 0, 0, 0, 0, 0, 0, 0, 0, 0, 0, 0, 0, 0, 0, 0, 0, 0, 0, 0, 0, 0, 0, 0, 0, 0, 0, 0, 0, 0, 0, 0, 0, 0, 0, 0, 0, 0, 0, 0, 0, 0, 0, 0, 0, 0, 0, 0, 0, 0, 0, 0, 0, 0, 0, 0, 0, 0, 0, 0, 0, 0, 0, 0, 0, 0, 0, 0, 0, 0, 0, 0, 0, 0, 0, 0, 0, 0, 0, 0, 0, 0, 0, 0, 0, 0, 0, 0, 0, 0, 0, 0, 0, 0, 0, 0, 0, 0, 0, 0, 0, 0, 0, 0, 0, 0, 0, 0, 0, 0, 0, 0,
0, 0, 0, 0, 0, 0, 0, 0, 0, 0, 0, 0, 0, 0, 0, 0, 0, 0, 0, 0, 0, 0, 0, 0, 0, 0, 0, 0, 0, 0, 0, 0, 0, 0, 0, 0, 0, 0, 0, 0, 0, 0, 0, 0, 0, 0, 0, 0, 0, 0, 0, 0, 0, 0, 0, 0, 0, 0, 0, 0, 0, 0, 0, 0, 0, 0, 0, 0, 0, 0, 0, 0, 0, 0.733238, 0.763368, 0.765728, 0.905394, 0.767314, 0.816987, 0.849957, 0.852357, 0, 0, 0, 0, 0, 0, 0, 0.701005, 0.703405, 0.705645, 0.707885, 0, 0, 0, 0, 0, 0, 0, 0, 0, 0, 0, 0, 0, 0, 0, 0.789605, 0.791315, 0, 0.782833, 0.784993, 0, 0, 0.809237, 0.714743, 0.717183, 0.720063, 0, 0, 0, 0, 0, 0, 0, 0, 0, 0.858038, 0.888168, 0.890568, 0.892968, 0.77291, 0.77535, 0.720072, 0, 0, 0, 0, 0, 0, 0, 0.82011, 0.823061, 0.825301, 0.842402, 0.813048, 0.816408, 0.728456, 0.930589, 0.852919, 0.855079, 0.856999, 0.98193, 0.848605, 0.851005, 0.853245, 0.855485, 0, 0, 0, 0, 0, 0.810948, 0.813828, 0, 0.891862, 0.893815, 0.76084, 0.770642, 0.773042, 0, 0.769023, 0.771423, 0.771914, 0.774154, 0.773931, 0, 0.839144, 0.84203, 0.84443, 0.816946, 0.820266, 0.733319, 0, 0, 0, 0.803074, 0.805514, 0.807554, 0.932453, 0.934845, 0.737194, 0.954022, 0.956622, 0, 0.959062, 0.961015, 0.82804, 0.837842, 0.891528, 0.85356, 0.856481, 0.858841, 1.12301, 1.01226, 1.0058, 1.16268, 1.16508, 1.0106, 1.01304, 1.01544, 0.855861, 0.858261, 0, 0.83009, 0.83221, 1.02563, 1.02807, 1.03043, 0.838609, 0.846733, 0.808155, 0.852608, 0.854848, 0.778796, 0.802114, 0.804634, 0.817766, 0.819686, 0.905506, 0.906334, 0.907534, 0.778937, 0.780857, 0.861005, 0.864365, 0.866765, 0.930562, 0.932962, 0.742815, 0.977141, 0.980501, 0.970246, 1.03646, 1.03882, 0.999123, 1.00255, 1.00499, 1.04955, 0.871578, 0.873058, 1.08506, 1.08701, 0.95404, 0.963842, 0.966242, 0.936862, 0.93955, 1.03321, 1.03561, 1.03801, 0.782494, 0.912652, 0.736498, 0.737758, 0.738618, 0.740985, 0, 0.755774, 1.01615, 1.01898, 1.02138, 1.05896, 1.27052, 1.22918, 1.23158, 1.29811, 1.30099, 0.848244, 1.07135, 1.07423, 0.874154, 1.15226, 1.15421, 1.02124, 1.03104, 1.0334, 0.940169, 1.03805, 1.15157, 1.15445, 1.15685, 1.15955, 1.04011, 0.950673, 0.961055, 0.932866, 0.933599, 0.925337, 0.928217, 0.815818, 0.818178, 1.01919, 0.902509, 0.904909, 0.907309, 0.909709, 0.8971, 0.8995, 1.00373, 1.00613, 1.05571, 1.03804, 1.04044, 1.17088, 1.17423, 1.13743, 1.13924, 1.18096, 1.08396, 1.08636, 0.978841, 1.18106, 0.942603, 1.11249, 1.19799, 1.20043, 1.20237, 1.20481, 1.17379, 0.999737, 1.001, 0.887518, 1.12097, 1.18961, 1.18978, 1.2955, 1.2979, 1.29943, 1.10915, 1.11112, 0.779547, 0.78086, 0.922575, 1.18295, 1.18578, 1.18818, 1.22576, 1.43732, 1.39598, 1.39838, 1.46491, 1.46779, 1.01504, 1.23815, 1.24103, 1.04095, 1.31906, 1.32101, 1.18804, 1.19784, 1.2002, 1.10716, 1.33425, 1.33665, 1.33957, 1.45041, 1.4537, 1.24433, 1.24661, 1.36763, 1.26361, 1.23895, 1.24075, 1.2485, 1.15185, 1.15521, 1.15761, 1.1514, 1.14624, 1.14864, 1.2167, 1.27907, 1.28147, 1.28882, 1.29248, 1.29492, 1.23082, 1.23322, 1.22117, 1.32103, 1.32343, 1.32583, 1.32892, 1.24608, 1.03776, 1.04016, 1.04256, 1.16211, 1.44794, 1.45034, 1.45166, 1.45518, 1.3774, 1.36595, 1.36831, 1.37071, 1.24417, 1.32611, 1.12986, 1.13222, 1.13462, 1.13702, 1.10382, 1.10622, 1.18162, 1.18402, 1.18642, 1.03179, 1.12894, 1.36548, 1.36788, 1.37124, 1.37364, 1.39323, 1.15175, 1.15415, 1.15655, 1.40842, 1.25427, 1.25667, 1.25907, 1.26195, 1.06827, 0.99718, 1.19839, 1.3155, 1.3179, 1.3203, 1.3227, 1.42715, 1.50801, 1.6143, 1.6167, 1.61858, 1.56204, 1.58627, 1.51377, 1.51521, 1.34983, 1.4178, 1.32325, 1.41674, 1.41914, 1.49932,
0, 0, 0, 0, 0, 0, 0, 0, 0, 0, 0, 0, 0, 0, 0, 0, 0, 0, 0, 0, 0, 0, 0, 0, 0, 0, 0, 0, 0, 0, 0, 0, 0, 0, 0, 0, 0, 0, 0, 0, 0, 0.725479, 0.72958, 0.769552, 0.775021, 0.7206, 0, 0, 0, 0, 0, 0.837409, 0.84151, 0.846979, 0.859286, 0.863661, 0.738225, 0.705631, 0.779379, 0.813194, 0.818662, 0.822763, 0.826865, 0.711362, 0, 0, 0.70923, 0.714698, 0.843153, 0.848622, 0.853817, 0, 0.797132, 0.960406, 0.994259, 0.999454, 1.13632, 1.0045, 1.05405, 1.09319, 1.09866, 0.881506, 0.890716, 0.89509, 0, 0, 0, 0.767788, 0.97178, 0.977248, 0.981349, 0.985451, 0.713011, 0, 0, 0.734618, 0.740087, 0.744188, 0.984437, 0.989906, 0.947895, 0.953363, 0.958832, 0.730613, 0.92414, 0.963566, 0.969308, 1.11756, 1.12043, 0.948756, 1.1144, 1.1196, 0.89329, 0.969308, 1.15545, 1.06402, 1.06977, 1.07414, 0.887435, 0, 0, 0.897104, 0.902573, 0.908041, 0.91351, 0.918978, 0.980664, 1.24477, 1.27862, 1.28409, 1.28956, 1.17142, 1.17716, 1.12345, 0.988457, 0.993925, 0.831831, 0.920967, 0.926436, 0.832259, 1.08853, 1.2452, 1.25067, 1.25477, 1.27653, 1.25112, 1.25522, 1.17034, 1.37764, 1.3014, 1.30674, 1.31248, 1.43972, 1.30809, 1.31356, 1.31766, 1.32176, 1.04905, 0.84757, 1.0612, 1.06666, 1.07213, 1.29597, 1.30116, 1.10628, 1.38764, 1.39106, 1.26065, 1.27063, 1.2761, 1.1861, 1.27872, 1.28419, 1.28775, 1.29186, 1.29569, 1.10482, 1.36955, 1.37392, 1.37939, 1.35743, 1.36154, 1.27403, 1.14773, 1.1532, 1.15677, 1.35857, 1.36431, 1.37115, 1.49812, 1.50359, 1.30931, 1.53037, 1.53433, 1.2594, 1.54076, 1.54417, 1.41377, 1.42374, 1.47936, 1.44852, 1.4529, 1.45809, 1.72796, 1.61868, 1.61553, 1.77524, 1.78071, 1.62962, 1.63537, 1.64083, 1.48411, 1.48957, 1.25689, 1.46673, 1.47178, 1.66752, 1.67326, 1.67846, 1.48972, 1.50004, 1.46171, 1.509, 1.5131, 1.44242, 1.46767, 1.47423, 1.4929, 1.49864, 1.58517, 1.58927, 1.592, 1.46451, 1.46944, 1.55313, 1.55723, 1.5627, 1.62934, 1.63481, 1.44958, 1.68837, 1.69247, 1.68427, 1.75468, 1.75987, 1.72119, 1.72556, 1.7313, 1.78317, 1.61071, 1.61385, 1.82785, 1.83127, 1.70086, 1.71084, 1.71631, 1.68926, 1.69473, 1.79436, 1.79983, 1.8053, 1.55312, 1.68683, 1.51445, 1.51719, 1.51924, 1.52402, 1.3992, 1.54203, 1.80553, 1.811, 1.81647, 1.859, 2.07261, 2.03354, 2.03901, 2.10636, 2.11183, 1.66546, 1.8893, 1.89449, 1.69961, 1.98097, 1.98439, 1.85398, 1.86396, 1.86915, 1.78052, 1.88146, 1.99849, 2.00396, 2.00943, 2.01353, 1.89612, 1.81496, 1.82429, 1.80045, 1.80482, 1.79809, 1.80165, 1.69464, 1.69984, 1.90027, 1.7903, 1.79577, 1.80124, 1.80671, 1.7974, 1.80287, 1.91145, 1.91692, 1.968, 1.95282, 1.95829, 2.09157, 2.09594, 2.06524, 2.06962, 2.11045, 2.02048, 2.02595, 1.92187, 2.12786, 1.89298, 2.06519, 2.15416, 2.1599, 2.16537, 2.17112, 2.14165, 1.96761, 1.97035, 1.85842, 2.09707, 2.16647, 2.16961, 2.27541, 2.28088, 2.28635, 2.09965, 2.10484, 1.77585, 1.77926, 1.92209, 2.18559, 2.19106, 2.19653, 2.23906, 2.45267, 2.4136, 2.41907, 2.48642, 2.49189, 2.04552, 2.26936, 2.27455, 2.07967, 2.36103, 2.36445, 2.23404, 2.24402, 2.24921, 2.16058, 2.39361, 2.39908, 2.40482, 2.51882, 2.52401, 2.31507, 2.31945, 2.44798, 2.34808, 2.32468, 2.32905, 2.33989, 2.24644, 2.25054, 2.25601, 2.25308, 2.25412, 2.25959, 2.33072, 2.39214, 2.39761, 2.41326, 2.41736, 2.4231, 2.36216, 2.36763, 2.36133, 2.46403, 2.4695, 2.47497, 2.47907, 2.40048, 2.19475, 2.20022, 2.20568, 2.32762, 2.61819, 2.62366, 2.62694, 2.63077, 2.55585, 2.54783, 2.55303, 2.5585, 2.43257, 2.51735, 2.32757, 2.33277, 2.33824, 2.34371, 2.31456, 2.32002, 2.39801, 2.40347, 2.40894, 2.25713, 2.35881, 2.59814, 2.60361, 2.60771, 2.61318, 2.63562, 2.39717, 2.40264, 2.40811, 2.66256, 2.51263, 2.5181, 2.52357, 2.52877, 2.34025, 2.27211, 2.47589, 2.59755, 2.60302, 2.60849, 2.61396, 2.72072, 2.80487, 2.91299, 2.91846, 2.92365, 2.8706, 2.89791, 2.8299, 2.83278, 2.66821, 2.7386, 2.64789, 2.74474, 2.7502, 2.82939,
0, 0.714665, 0.713, 0.711322, 0.709671, 0, 0, 0, 0, 0, 0, 0, 0, 0, 0, 0, 0, 0, 0, 0, 0, 0, 0, 0, 0, 0, 0, 0, 0, 0, 0, 0, 0, 0, 0, 0, 0, 0, 0, 0, 0, 0, 0, 0, 0, 0, 0, 0, 0, 0, 0, 0, 0, 0, 0, 0, 0, 0, 0, 0, 0, 0, 0, 0, 0, 0, 0, 0, 0, 0, 0, 0, 0, 0, 0, 0, 0, 0, 0, 1.07876, 1.07711, 1.07549, 1.07383, 1.07186, 0, 0, 0, 0, 0, 0, 0, 0, 0, 0, 0, 0, 0, 0, 0, 0, 0, 0, 0, 0, 0, 0, 0, 0, 0, 0, 0, 0, 0, 0, 0, 0, 0, 0, 0, 0, 0, 0, 0, 0, 0, 0, 0, 0, 0, 0, 0, 0, 0, 0, 0, 0, 0, 0, 0, 0, 0, 0, 0, 0, 0, 0, 0, 0, 0, 0, 0, 0, 0, 0, 0, 0, 0, 0, 0, 0, 0, 0, 0, 0, 0, 0, 0, 0, 0, 0, 0, 0, 0, 0, 0, 0, 0, 0, 0, 0, 0, 0, 0, 0, 0, 0, 0, 0, 0, 0, 0, 0, 0, 0, 0, 0, 0, 0, 0, 0, 0, 0, 0, 0, 0, 0, 0, 0, 0, 0, 0, 0, 0, 0, 0, 0, 0, 0, 0, 0, 0, 0, 0, 0, 0, 0, 0, 0, 0, 0, 0, 0, 0, 0, 0, 0, 0, 0, 0, 0, 0, 0, 0, 0, 0, 0, 0, 0, 0, 0, 0, 0, 0, 0, 0, 0, 0, 0, 0, 0, 0, 0, 0, 0, 0, 0, 0, 0, 0, 0, 0, 0, 0, 0, 0, 0, 0, 0, 0, 0, 0, 0, 0, 0, 0, 0, 0, 0, 0, 0, 0, 0, 0, 0, 0, 0, 0, 0, 0, 0, 0, 0, 0, 0, 0, 0, 0, 0, 0, 0, 0, 0, 0, 0, 0, 0, 0, 0, 0.798549, 0, 0, 0, 0, 0, 0, 0, 0, 0, 0, 0, 0, 0, 0, 0, 0, 0, 0, 0, 0, 0, 0, 0, 0, 0, 0, 0, 0, 0, 0, 0, 0, 0, 0, 0, 0, 0, 0, 0, 0, 0, 0, 0, 0, 0, 0, 0, 0, 0, 0, 0, 0, 0, 0, 0, 0, 0, 0, 0, 0, 0, 0, 0, 0, 0, 0, 0, 0, 0, 0, 0, 0, 0, 0, 0, 0, 0, 0, 0, 0, 0, 0, 0, 0, 0, 0, 0, 0, 0, 0, 0, 0, 0, 0, 0, 0, 0, 0, 0, 0, 0, 0, 0, 0, 0, 0, 0, 0, 0, 0, 0, 0, 0, 0, 0, 0, 0, 0, 0, 0, 0, 0, 0, 0, 0, 0, 0, 0, 0, 0, 0, 0, 0, 0, 0, 0,
0, 0, 0, 0, 0, 0, 0, 0, 0, 0, 0, 0, 0, 0, 0, 0, 0, 0, 0, 0, 0, 0, 0, 0, 0, 0, 0, 0, 0.712663, 0.716527, 0.719287, 0.722323, 0.740453, 0, 0, 0, 0, 0, 0, 0, 0, 0, 0, 0, 0, 0, 0, 0, 0, 0, 0, 0, 0, 0, 0, 0, 0, 0, 0, 0, 0, 0, 0, 0.753051, 0, 0, 0, 0, 0, 0, 0, 0, 0, 0, 0, 0, 0, 0, 0.729573, 1.56923, 1.57199, 1.57516, 2.22731, 2.23021, 1.23317, 1.23589, 1.23865, 0, 0.709202, 0.711962, 0.714998, 0.71785, 0, 0, 0, 0, 0, 0, 0, 0, 0, 0, 0, 0, 0, 0, 0, 0, 0, 0, 0, 0, 0, 0, 0, 0, 0, 0, 0, 0, 0, 0.727355, 0.730115, 0.732875, 0.735635, 0.738395, 0, 0, 0, 0.883452, 0.886212, 0.881251, 0.883873, 0.807976, 0, 0, 0, 0, 0.700071, 0, 0, 0.846172, 1.03645, 1.04015, 1.08841, 1.09121, 1.07964, 0.865632, 1.06173, 0.801, 0.803346, 0.805554, 0.837679, 0.878942, 0.881702, 0.884738, 0.88759, 0.775448, 0, 1.43051, 1.43327, 1.43603, 1.69312, 1.69643, 0, 0.754209, 0.815096, 0.712638, 0.783984, 0.786744, 0.790065, 0.926738, 0.929498, 0.90273, 0.905674, 1.21574, 0.868068, 0.964626, 1.07346, 1.07622, 0.830221, 0.834085, 0.83712, 0, 0, 0, 0.938748, 0.94137, 0.94344, 0.975828, 0.978578, 0, 0.825693, 0.828729, 0.775231, 0.831489, 0.892376, 0.789918, 0.861264, 1.02159, 1.02514, 0.964976, 0.967828, 1.21056, 1.01389, 1.004, 1.03167, 1.03443, 0.930313, 0.932935, 0.935695, 0.94793, 0.950689, 0, 0.804773, 0.807257, 0.932739, 0.935361, 0.938259, 0.987832, 0.992096, 0.880177, 0.882937, 0.885973, 0.828989, 0.927659, 0.930281, 1.13326, 1.13547, 1.1385, 0.985857, 0.987099, 0.825127, 0.827335, 0.983472, 0.987336, 0.990096, 1.26565, 1.26841, 1.03368, 1.08266, 1.08652, 0.905326, 0.91334, 1.10169, 1.1056, 1.10973, 1.0825, 1.19972, 1.04023, 1.04188, 0.976389, 1.03728, 0.934818, 1.00616, 1.00892, 1.16925, 1.10988, 1.14696, 1.14972, 1.15248, 0.864111, 0.985215, 0.824382, 0.825854, 0.920326, 0.922672, 0.799675, 0.864631, 1.03002, 0.981786, 0.984546, 1.25319, 1.35207, 1.35454, 1.3573, 2.12769, 1.95852, 1.73549, 1.99258, 1.99589, 0.997411, 1.05367, 1.11456, 1.0121, 1.08344, 1.0862, 1.08896, 0.99877, 1.22826, 1.23112, 1.23389, 1.40911, 1.41332, 1.38629, 1.38875, 1.39151, 1.19583, 0.993487, 0.996799, 0.9156, 0.918406, 1.2716, 1.14941, 1.15217, 1.15492, 1.15769, 0.892811, 0.895571, 1.03821, 1.04097, 1.081, 1.08464, 1.0874, 1.10199, 1.10612, 1.22849, 1.23083, 2.06543, 2.06814, 2.07064, 1.84868, 2.25437, 1.25718, 1.34605, 1.48998, 1.49274, 1.32692, 1.32969, 1.33161, 1.07905, 1.08056, 0.998078, 1.23997, 1.24294, 1.20296, 1.26418, 1.26694, 1.18081, 1.10079, 1.16581, 0.989747, 0.991495, 1.05645, 1.22184, 1.17361, 1.17637, 1.44501, 1.54389, 1.54636, 1.54912, 2.31951, 2.15034, 1.92731, 2.1844, 2.18771, 1.18923, 1.24549, 1.30638, 1.20392, 1.27526, 1.27802, 1.281, 1.34161, 1.34437, 1.31466, 1.40302, 1.4068, 1.13482, 1.24367, 1.38902, 1.30963, 1.31227, 1.34, 1.3515, 1.25124, 1.2551, 1.25786, 1.2418, 1.395, 1.39776, 1.40038, 1.57158, 1.57394, 1.50938, 1.51368, 1.5164, 1.26092, 1.26368, 1.25024, 1.77975, 1.78251, 1.78527, 2.12148, 2.12253, 1.50789, 1.51065, 1.51341, 1.29234, 1.41581, 1.41857, 1.42036, 1.44076, 1.36255, 1.55471, 1.55751, 1.56027, 1.47812, 1.5082, 1.16058, 1.16331, 1.16607, 1.16883, 1.49961, 1.50237, 1.67382, 1.67658, 1.67934, 1.27127, 1.33787, 1.44586, 1.44862, 1.45248, 1.45524, 1.58413, 1.32789, 1.33065, 1.33341, 1.78769, 1.6834, 1.68616, 1.68892, 1.69223, 1.31322, 1.14676, 1.5999, 1.89787, 1.90063, 1.90339, 1.90615, 1.61515, 1.40755, 1.62176, 1.62452, 1.67318, 1.67594, 1.7427, 1.70997, 1.71177, 1.56949, 1.5782, 1.41045, 1.36278, 1.36554, 1.71193,
0, 0, 0, 0, 0, 0, 0, 0, 0, 0, 0, 0, 0, 0, 0, 0, 0, 0, 0, 0, 0, 0, 0, 0, 0, 0, 0, 0, 0.716149, 0.720181, 0.723061, 0.726229, 0.744474, 0, 0, 0, 0, 0, 0, 0, 0, 0, 0, 0, 0, 0, 0, 0, 0, 0, 0, 0, 0, 0, 0, 0, 0, 0, 0, 0, 0, 0, 0, 0.760661, 0, 0, 0, 0, 0, 0, 0, 0, 0, 0, 0, 0, 0, 0, 0.738966, 1.57877, 1.58165, 1.58496, 2.23729, 2.24031, 1.24334, 1.24617, 1.24905, 0, 0.719876, 0.722756, 0.725924, 0.728732, 0, 0, 0, 0, 0, 0, 0, 0, 0, 0, 0, 0, 0, 0, 0, 0, 0, 0, 0, 0, 0, 0, 0, 0, 0, 0, 0, 0, 0, 0.741685, 0.744565, 0.747445, 0.750325, 0.753205, 0, 0, 0, 0.898975, 0.901856, 0.896876, 0.899612, 0.823787, 0, 0, 0, 0.713602, 0.716482, 0, 0, 0.862802, 1.0532, 1.05706, 1.10543, 1.10829, 1.09692, 0.883026, 1.07922, 0.818568, 0.821016, 0.82332, 0.855589, 0.896996, 0.899876, 0.903044, 0.905852, 0.793903, 0, 1.44926, 1.45214, 1.45502, 1.71226, 1.71572, 0.71723, 0.773614, 0.834591, 0.732259, 0.803695, 0.806575, 0.810041, 0.946864, 0.949744, 0.923095, 0.926095, 1.23625, 0.888723, 0.985422, 1.09437, 1.09725, 0.851372, 0.855404, 0.858572, 0, 0, 0, 0.960679, 0.963415, 0.965575, 0.998094, 1.00096, 0, 0.848206, 0.851374, 0.79787, 0.854254, 0.915231, 0.812899, 0.884335, 1.04476, 1.04846, 0.988455, 0.991263, 1.23413, 1.03771, 1.02794, 1.05573, 1.05861, 0.954589, 0.957325, 0.960205, 0.97256, 0.975441, 0.719265, 0.829661, 0.832253, 0.957855, 0.960591, 0.963615, 1.0133, 1.01775, 0.905911, 0.908791, 0.911959, 0.855095, 0.953855, 0.956591, 1.15969, 1.162, 1.16516, 1.01262, 1.01391, 0.851977, 0.854281, 1.01054, 1.01457, 1.01745, 1.29313, 1.29601, 1.06135, 1.11047, 1.1145, 0.933376, 0.941486, 1.12999, 1.134, 1.13821, 1.11116, 1.22861, 1.06912, 1.07085, 1.00545, 1.06643, 0.964099, 1.03553, 1.03841, 1.19884, 1.13966, 1.17681, 1.17969, 1.18257, 0.894306, 1.01555, 0.854841, 0.856353, 0.950914, 0.953362, 0.830401, 0.895472, 1.06094, 1.01284, 1.01572, 1.28445, 1.38347, 1.38605, 1.38893, 2.15948, 1.99037, 1.7675, 2.02474, 2.0282, 1.02971, 1.08609, 1.14707, 1.04474, 1.11617, 1.11905, 1.12193, 1.03187, 1.26149, 1.26448, 1.26737, 1.44271, 1.44703, 1.42007, 1.42265, 1.42553, 1.22994, 1.02766, 1.03111, 0.950025, 0.952857, 1.30614, 1.18417, 1.18705, 1.18993, 1.19281, 0.928076, 0.930956, 1.07373, 1.07661, 1.11671, 1.12052, 1.1234, 1.13811, 1.14242, 1.26488, 1.26733, 2.10195, 2.10488, 2.10748, 1.88553, 2.29143, 1.29431, 1.38325, 1.52739, 1.53027, 1.36454, 1.36743, 1.36944, 1.11694, 1.11852, 1.03606, 1.27807, 1.28118, 1.24129, 1.30262, 1.3055, 1.21948, 1.13954, 1.2047, 1.02874, 1.03056, 1.09563, 1.2611, 1.213, 1.21588, 1.48461, 1.58363, 1.58621, 1.58909, 2.35964, 2.19053, 1.96766, 2.2249, 2.22836, 1.22987, 1.28625, 1.34723, 1.2449, 1.31633, 1.31921, 1.32232, 1.38303, 1.38591, 1.35633, 1.44482, 1.44876, 1.1769, 1.28589, 1.43123, 1.35206, 1.35481, 1.38263, 1.39426, 1.29411, 1.29814, 1.30102, 1.28509, 1.43835, 1.44123, 1.44397, 1.61531, 1.61777, 1.55336, 1.55778, 1.56068, 1.30525, 1.30813, 1.29481, 1.82442, 1.8273, 1.83018, 2.16656, 2.16766, 1.55312, 1.556, 1.55888, 1.33796, 1.46156, 1.46444, 1.46631, 1.48692, 1.40879, 1.60109, 1.60395, 1.60683, 1.52476, 1.55496, 1.20739, 1.21022, 1.2131, 1.21598, 1.54694, 1.54982, 1.72143, 1.72431, 1.72719, 1.31922, 1.38593, 1.49404, 1.49692, 1.50095, 1.50383, 1.63282, 1.37666, 1.37954, 1.38242, 1.83686, 1.73272, 1.7356, 1.73848, 1.74193, 1.363, 1.19662, 1.6499, 1.94801, 1.95089, 1.95377, 1.95665, 1.66576, 1.4583, 1.67269, 1.67557, 1.72433, 1.72721, 1.79408, 1.76142, 1.7633, 1.62106, 1.62992, 1.46227, 1.41469, 1.41757, 1.76414,
0, 0, 0, 0, 0, 0, 0, 0, 0, 0, 0, 0, 0, 0, 0, 0, 0, 0, 0, 0, 0, 0, 0, 0, 0, 0, 0, 0, 0.719766, 0.723966, 0.726967, 0.729766, 0.748503, 0, 0, 0, 0, 0, 0, 0, 0, 0, 0, 0, 0, 0, 0, 0, 0, 0, 0, 0, 0, 0, 0, 0, 0, 0, 0, 0.700974, 0, 0, 0, 0.768324, 0, 0, 0, 0, 0, 0, 0, 0, 0, 0, 0, 0, 0, 0, 0.748404, 1.58806, 1.59106, 1.59481, 2.24748, 2.25042, 1.25342, 1.25647, 1.25947, 0, 0.730681, 0.733681, 0.736481, 0.739281, 0, 0, 0, 0, 0, 0, 0, 0, 0, 0, 0, 0, 0, 0, 0, 0, 0, 0, 0, 0, 0, 0, 0, 0, 0, 0, 0, 0, 0, 0.756042, 0.759042, 0.762042, 0.765042, 0.768042, 0, 0, 0, 0.914207, 0.917207, 0.91251, 0.91556, 0.839806, 0.705201, 0.708201, 0, 0.730101, 0.733101, 0, 0, 0.879562, 1.07016, 1.07419, 1.12246, 1.12541, 1.11432, 0.900551, 1.09684, 0.836192, 0.838817, 0.841217, 0.87363, 0.915181, 0.918181, 0.920981, 0.923781, 0.812306, 0, 1.46792, 1.47092, 1.47392, 1.73141, 1.73501, 0.736561, 0.793077, 0.854294, 0.751888, 0.823614, 0.826614, 0.830224, 0.966997, 0.969997, 0.943468, 0.946268, 1.25681, 0.909482, 1.00605, 1.11549, 1.11849, 0.87273, 0.876931, 0.879731, 0, 0, 0, 0.982318, 0.985468, 0.987918, 1.01999, 1.02298, 0, 0.870777, 0.874027, 0.820561, 0.877078, 0.938294, 0.835888, 0.907614, 1.06813, 1.07199, 1.01164, 1.01444, 1.25752, 1.06136, 1.052, 1.07962, 1.08262, 0.978696, 0.981846, 0.984846, 0.9974, 1.0004, 0.744104, 0.854605, 0.85708, 0.982802, 0.985952, 0.988802, 1.03898, 1.04362, 0.931776, 0.934776, 0.937576, 0.880832, 0.979882, 0.983032, 1.18625, 1.18865, 1.19194, 1.03944, 1.04094, 0.878958, 0.881358, 1.03774, 1.04194, 1.04494, 1.32081, 1.32381, 1.08913, 1.13849, 1.14269, 0.961557, 0.969763, 1.158, 1.16215, 1.16644, 1.13965, 1.25721, 1.09785, 1.09988, 1.03458, 1.09579, 0.993388, 1.06511, 1.06811, 1.22863, 1.16965, 1.20679, 1.20979, 1.21279, 0.924605, 1.04609, 0.885404, 0.886904, 0.981558, 0.984183, 0.861129, 0.926371, 1.09186, 1.0441, 1.0471, 1.31593, 1.415, 1.41769, 1.42069, 2.19131, 2.02227, 1.79942, 2.05691, 2.06051, 1.06206, 1.11858, 1.17979, 1.07739, 1.14911, 1.15211, 1.15511, 1.06479, 1.29494, 1.29748, 1.30049, 1.47632, 1.4808, 1.45399, 1.45667, 1.45967, 1.26418, 1.06196, 1.06556, 0.984254, 0.987104, 1.34044, 1.21886, 1.22186, 1.22486, 1.22786, 0.963145, 0.966145, 1.10945, 1.11245, 1.15256, 1.15652, 1.15952, 1.17406, 1.17835, 1.3011, 1.30345, 2.13809, 2.14124, 2.14415, 1.92218, 2.32832, 1.33147, 1.42028, 1.56501, 1.56801, 1.4023, 1.40531, 1.4074, 1.15496, 1.15653, 1.0741, 1.31631, 1.31954, 1.27967, 1.34127, 1.34427, 1.25799, 1.17832, 1.24371, 1.06775, 1.06963, 1.13487, 1.30036, 1.2526, 1.2556, 1.52443, 1.6235, 1.62619, 1.62919, 2.39981, 2.23077, 2.00793, 2.26541, 2.26901, 1.27056, 1.32708, 1.38829, 1.28589, 1.35761, 1.36061, 1.36385, 1.42457, 1.42757, 1.39813, 1.48675, 1.49086, 1.21877, 1.32773, 1.47327, 1.39432, 1.39718, 1.42539, 1.43702, 1.33719, 1.34139, 1.34439, 1.32838, 1.48154, 1.48454, 1.48769, 1.65888, 1.66144, 1.59735, 1.60193, 1.60498, 1.34972, 1.35272, 1.33959, 1.8693, 1.8723, 1.8753, 2.21178, 2.21292, 1.59837, 1.60137, 1.60437, 1.38368, 1.50744, 1.51044, 1.51209, 1.53329, 1.45487, 1.64749, 1.65044, 1.65344, 1.57144, 1.60148, 1.25399, 1.25684, 1.25984, 1.26284, 1.59429, 1.5973, 1.76925, 1.77225, 1.77525, 1.36728, 1.43413, 1.54236, 1.54536, 1.54956, 1.55256, 1.68164, 1.42546, 1.42846, 1.43146, 1.88624, 1.78224, 1.78524, 1.78824, 1.79184, 1.41288, 1.24648, 1.69999, 1.99834, 2.00134, 2.00434, 2.00734, 1.7165, 1.50919, 1.72376, 1.72676, 1.77562, 1.77862, 1.8456, 1.813, 1.81488, 1.67276, 1.68184, 1.51428, 1.46672, 1.46972, 1.81657,
Main Loop Time: 3.52343
Number of Graph Matching Computed: 11830
Number of Zero Entries Cells: 5199
Number of Pruned Cells: 0
Number of Estimated Cells Above Threshold: 0
Number of Cells Above Threshold: 0
Env Time: 0.000650925
Dataloader Time: 0.0380618
FaissIndex Time: 0.0165449
Algorithm Time: 3.6011
