creating environment with lakes: /root/data/en/king_james_bible_para/8_1/, /root/data/en/esv_chapter/8/
1 text1_files listed
1 text2_files listed
Inverted Index Size: 497
Words: 238
Vector Size: 300
Normalized vector storage check
Index Trained: 1
Ntotal: 174
Sliding Window Computation time: 6.8917e-05
Out of dictionary words: 64
K: 174
NB: 174
Faiss Search Time: 0.091424
size of I: 30276
Size of valid edges: 29234
Vector Size: 1500
Normalized vector storage check
Index Trained: 1
Ntotal: 72310
K: 72310
NB: 23
1.3392, 1.64668, 1.64668, 1.64668, 1.3536, 1.3536, 0.901584, 0.901584, 0, 0, 0, 0, 0, 0, 0, 0, 0.961615, 0.961615, 0.961615, 1.65416, 1.65416, 1.07643, 1.07643, 1.36809, 0, 0, 0, 0, 0, 0, 0, 0.999999, 2, 2, 2, 2, 1.34626, 0, 0, 0, 0.810084, 0, 1.01482, 1.01482, 1.01482, 1.00038, 1.00038, 0.954137, 0.954137, 0, 0, 0, 0, 0, 0, 0, 0, 0, 0, 0.745371, 0.745371, 0, 0, 1.39167, 0.999999, 1.48225, 1.48225, 1.48225, 0, 0, 0, 0, 0, 0, 0, 0, 0, 0, 0, 0, 0, 0, 0, 0, 0, 0, 0, 0, 0, 0, 0, 0, 0, 0, 0, 0, 1.04703, 1.44287, 1.44287, 1.44287, 1.44287, 0.865825, 0, 0, 0, 0.72481, 0, 0.758914, 0.758914, 0, 1.48439, 1.48439, 0.999999, 1.27773, 1.27773, 0, 0, 0, 1.10158, 1.10158, 1.10158, 0.999999, 0.999999, 0, 0, 0, 0, 0, 0, 0, 0, 0, 0, 0, 0, 0, 1.25586, 1.25586, 0.999999, 0.999999, 1.08696, 0, 0, 0, 0, 0, 0, 0, 0, 0, 0, 0, 0, 0, 0, 0, 0, 0, 0, 0, 0, 0, 0, 0, 0, 0, 0, 0, 0, 0, 0, 0, 0, 0, 0, 0, 0, 1.08798, 1.08798, 0.999999, 0.999999, 0.999999, 0, 0, 0, 0, 0, 0, 0, 0, 0, 0, 0, 0, 0, 0, 0, 0, 0, 0, 0, 0, 0, 0, 0, 0, 1.05604, 1.14975, 1.27773, 1.27773, 1.27773, 0.984653, 0.984653, 0.783346, 0.783346, 0, 0, 0, 0, 0, 0, 0, 0, 0, 0, 0, 0, 0, 0, 0, 0, 0, 0, 0, 0, 0, 0, 0, 0, 0, 0, 0, 0, 0, 0, 0, 0, 0, 0, 0, 0, 0, 0, 0, 0, 0, 0, 0, 0, 0, 1.1926, 1.1926, 1.10003, 1.10003, 1.10003, 0, 0.855086, 0.869464, 0.869464, 0.869464, 0.869464, 0, 0, 0, 0, 0, 0, 1.1926, 1.1926, 1.19544, 1.19544, 1.19544, 0.950496, 0.950496, 0.934618, 0.934618, 0.951811, 0, 0.951811, 0.951811, 0.951811, 1.06356, 1.06356, 0, 0.735386, 0.735386, 0, 0, 0, 0, 0, 0, 0, 0, 0, 0, 0, 0, 0, 0, 0, 0, 0, 0, 0, 0, 0, 0, 0, 0, 0, 0, 0, 0, 0, 0, 0, 0, 0, 0, 0, 0, 0, 0, 0, 0, 0, 0, 0, 0, 0, 0, 0, 0, 0, 0, 0, 0, 0, 0, 0, 0, 0, 0, 0, 0, 0, 0, 0, 0, 0, 0, 0, 0, 0, 0, 0, 0, 0, 0, 0, 0, 0, 0, 1.1926, 1.1926, 1.1926, 1.19544, 1.19544, 0, 0, 0.950496, 0.784876, 0.869464, 0.869464, 0.869464, 0.741896, 0, 0, 0, 0, 0, 0, 0, 0, 0, 0, 0, 0, 0, 0, 1.05689, 1.05689, 0.859218, 0.859218, 0.859218, 0, 0, 0.733309, 0.733309, 0.733309, 1.15027, 1.36268, 1.36268, 1.36268, 1.36268, 0, 0, 0, 0, 0, 0, 0, 0, 0, 0, 0, 0, 0, 0, 0, 0, 0, 0, 0, 0, 0, 0, 0, 0, 0, 0, 0, 0, 0, 0, 0, 0, 0, 0, 0, 0, 0, 0, 0, 0, 0, 0, 0, 0, 0, 0, 1.08798, 1.14975, 1.14975, 1.14975, 1.1665, 0, 0, 0, 0, 0, 0, 0, 0, 0, 0, 0, 0, 0, 0, 0, 0, 0, 0, 0, 0, 0, 0, 0, 0, 0, 0, 0, 0, 0, 0, 0, 0, 0, 0, 0, 0, 0, 0, 0, 0, 0, 0, 0, 0, 0.800484, 0.909178, 0.909178, 0.909178, 0.91574, 0, 0, 0, 0, 0, 0, 0, 0, 0, 0, 0, 0, 0, 1.05689, 1.05689, 1.25308, 1.25308, 1.25308, 0, 0, 0, 1.14047, 1.07755, 0.93872, 0.93872, 0.93872, 0, 0, 0, 0, 0, 0, 0, 0, 0.97712, 0.97712, 0.967192, 0.967192, 0.825175, 0, 0, 1.06308, 1.06308, 1.13191, 1.13191, 1.13191, 0, 0, 0, 0, 0, 0, 0, 0, 0, 0, 0, 0, 0, 0, 0, 0, 0, 0, 0, 0, 0, 0, 0, 0, 0, 0, 0, 0, 0, 0, 0, 0, 0, 0, 0, 0, 0, 0, 0, 0, 0, 0, 0, 0, 0.991795, 0.93872, 0.93872, 0.93872, 0.93872, 0, 0, 0, 0, 0, 0, 0, 0, 0, 0, 0, 0, 0, 0, 0, 0, 0, 0, 0, 0, 0, 0, 0, 0, 0, 0, 0, 0, 0, 0, 0, 0, 0, 0,
1.33925, 1.6469, 1.64702, 1.64717, 1.35417, 1.35429, 0.902398, 0.902518, 0, 0, 0, 0, 0, 0, 0, 0, 0.963401, 0.963522, 0.963648, 1.65631, 1.65642, 1.07881, 1.07893, 1.37068, 0, 0, 0, 0, 0, 0, 0, 1.00359, 2.00371, 2.00383, 2.00394, 2.00408, 1.35041, 0, 0, 0, 0.814721, 0, 1.01971, 1.01983, 1.01992, 1.00565, 1.00577, 0.959654, 0.959774, 0, 0, 0, 0, 0, 0, 0, 0, 0, 0, 0.752228, 0.752372, 0, 0, 1.39904, 1.00749, 1.48984, 1.48998, 1.49009, 0, 0, 0, 0, 0, 0, 0, 0, 0, 0, 0, 0, 0, 0, 0, 0, 0, 0, 0, 0, 0, 0, 0, 0, 0, 0, 0, 0, 1.05795, 1.45387, 1.45401, 1.45408, 1.45422, 0.877285, 0, 0, 0, 0.736602, 0, 0.770818, 0.770917, 0, 1.49666, 1.49678, 1.01253, 1.29036, 1.2905, 0, 0, 0, 1.1148, 1.11493, 1.11505, 1.01361, 1.01373, 0, 0, 0, 0, 0, 0, 0, 0, 0, 0, 0, 0, 0, 1.27124, 1.27137, 1.01565, 1.01577, 1.10282, 0, 0, 0, 0, 0, 0, 0, 0, 0, 0, 0, 0, 0, 0, 0, 0, 0, 0, 0.715998, 0.716058, 0.716237, 0, 0, 0, 0, 0, 0, 0, 0, 0, 0, 0, 0, 0, 0, 0, 1.10801, 1.10811, 1.02027, 1.02039, 1.0205, 0, 0, 0, 0, 0, 0, 0, 0, 0, 0, 0, 0, 0, 0, 0, 0, 0, 0, 0, 0, 0, 0, 0, 0, 1.07952, 1.1734, 1.3015, 1.30157, 1.30172, 1.00872, 1.00884, 0.80763, 0.80774, 0, 0, 0, 0, 0, 0, 0.700873, 0.700935, 0.701055, 0.701175, 0, 0, 0, 0, 0, 0, 0, 0, 0, 0, 0, 0, 0, 0, 0, 0, 0, 0, 0, 0, 0, 0, 0, 0, 0, 0, 0, 0, 0, 0, 0, 0, 0, 0, 0, 1.22222, 1.22233, 1.12988, 1.13, 1.13012, 0, 0.885397, 0.899917, 0.900037, 0.900157, 0.900273, 0, 0, 0, 0, 0, 0, 1.22414, 1.22425, 1.22721, 1.22733, 1.22745, 0.982601, 0.982721, 0.966963, 0.967083, 0.984411, 0, 0.984651, 0.984821, 0.984916, 1.09677, 1.09689, 0, 0.768931, 0.769051, 0, 0, 0, 0, 0, 0, 0, 0, 0, 0, 0, 0, 0, 0, 0, 0.717379, 0.717477, 0, 0, 0, 0, 0, 0, 0, 0, 0, 0, 0, 0, 0, 0, 0, 0, 0, 0, 0, 0, 0, 0, 0, 0, 0, 0, 0, 0, 0, 0, 0, 0, 0, 0, 0, 0, 0, 0, 0, 0, 0, 0, 0, 0, 0, 0, 0, 0, 0, 0, 0, 0, 0, 0, 0, 0, 0, 0, 0, 0, 0, 1.23483, 1.23493, 1.23505, 1.23801, 1.23813, 0, 0, 0.993551, 0.828081, 0.91279, 0.91291, 0.913028, 0.785575, 0, 0, 0, 0, 0, 0, 0, 0, 0, 0, 0, 0, 0, 0, 1.10237, 1.10247, 0.904889, 0.905009, 0.905129, 0.733235, 0.733478, 0.779679, 0.779799, 0.779919, 1.197, 1.4095, 1.40955, 1.40963, 1.40971, 0, 0, 0, 0, 0, 0, 0, 0, 0, 0, 0, 0, 0, 0, 0, 0, 0, 0, 0, 0, 0, 0, 0, 0, 0, 0, 0, 0, 0, 0, 0, 0, 0, 0, 0, 0, 0, 0, 0, 0, 0, 0, 0, 0, 0, 0, 1.14018, 1.2021, 1.20222, 1.2023, 1.21915, 0, 0, 0, 0, 0, 0, 0, 0, 0, 0, 0, 0, 0, 0, 0, 0, 0, 0, 0, 0, 0, 0, 0, 0, 0, 0, 0, 0, 0, 0, 0, 0, 0, 0, 0, 0, 0, 0, 0, 0, 0, 0, 0, 0, 0.858203, 0.967, 0.96712, 0.967239, 0.973895, 0, 0, 0, 0, 0, 0, 0, 0, 0, 0, 0, 0, 0, 1.11677, 1.11687, 1.31316, 1.31328, 1.31351, 0, 0, 0, 1.20126, 1.13849, 0.999775, 0.999859, 0.999942, 0, 0, 0, 0, 0, 0, 0, 0, 1.03944, 1.03955, 1.02976, 1.02989, 0.887976, 0, 0, 1.12616, 1.12626, 1.19521, 1.19534, 1.19545, 0.738171, 0.738291, 0, 0, 0, 0, 0, 0, 0, 0, 0, 0, 0, 0, 0, 0, 0, 0, 0, 0, 0, 0, 0, 0, 0, 0, 0, 0, 0, 0, 0, 0, 0, 0, 0, 0, 0, 0, 0, 0, 0, 0, 0, 0, 1.06, 1.00704, 1.00717, 1.00714, 1.00725, 0.760536, 0.760715, 0.760835, 0.760949, 0, 0, 0, 0, 0, 0, 0, 0, 0, 0, 0, 0, 0, 0, 0, 0, 0, 0, 0, 0, 0, 0, 0, 0, 0, 0, 0, 0, 0, 0,
1.35307, 1.78802, 1.78619, 1.77413, 1.37835, 1.37649, 0.939664, 0.937871, 0, 0, 0, 0, 0, 0, 0, 0, 0.962827, 0.961467, 0.932082, 1.69525, 1.62139, 1.04186, 1.03998, 1.36344, 0, 0, 0, 0, 0, 0, 0, 0.947224, 1.94525, 1.94346, 1.94211, 2.46005, 2.28389, 1.28208, 1.28025, 1.27837, 1.59227, 0, 0.941445, 0.939651, 1.06821, 0.922347, 0.921001, 0.872312, 0.870518, 0, 0, 0, 0, 0, 0, 0, 0, 0, 0, 0, 0, 0, 0, 1.28257, 0.889281, 1.36947, 1.36777, 1.36633, 0, 0, 0, 0, 0, 0, 0, 0, 0, 0, 0, 0, 0, 0, 0, 0, 0, 0, 0, 0, 0, 0, 0, 0, 0, 0, 0, 0, 0.884202, 1.30619, 1.27726, 1.27555, 1.52659, 0.946647, 0, 0, 0, 0, 0, 0.794095, 0.793019, 0, 1.30129, 1.29949, 0.813578, 1.08925, 1.0879, 0, 0, 0, 0.904484, 0.902331, 0.900537, 0.797433, 0.795998, 0, 0, 0, 0, 0, 0, 0, 0, 0, 0, 0, 0, 0, 1.17863, 1.02432, 0.766936, 0.765142, 0.850397, 0, 0, 0, 0, 0, 0, 0, 0, 0, 0, 0, 0, 0, 0, 0, 0, 0, 0, 0, 0, 0, 0, 0, 0, 0, 0, 0, 0, 0, 0, 0, 0, 0, 0, 0, 0, 0.788769, 0.787738, 0, 0, 0, 0, 0, 0, 0, 0, 0, 0, 0, 0, 0, 0, 0, 0, 0, 0, 0, 0, 0, 0, 0, 0, 0, 0, 0, 0.70934, 0.857297, 0.983307, 0.936273, 1.05331, 0, 0, 0, 0, 0, 0, 0, 0, 0, 0, 0, 0, 0, 0, 0, 0, 0, 0, 0, 0, 0, 0, 0, 0, 0, 0, 0, 0, 0, 0, 0, 0, 0, 0, 0, 0, 0, 0, 0, 0, 0, 0, 0, 0, 0, 0, 0, 0, 0, 0.7839, 0.782644, 0.847014, 0.84522, 0.843785, 0, 0, 1.29963, 1.29784, 1.29604, 1.40502, 1.08339, 0, 0, 0, 0, 0, 0.755197, 0.753941, 0.731111, 0.729317, 0.727524, 0, 1.46829, 1.45061, 1.44882, 1.46455, 0.81602, 0, 0, 0, 0, 0, 0, 0, 0, 0, 0, 0, 0, 0, 0, 0, 0, 0, 0, 0, 0, 0, 0, 0, 0, 0, 0, 0, 0, 0, 0, 0, 0, 0, 0, 0, 0, 0, 0, 0, 0, 0, 0, 0, 0, 0, 0, 0, 0, 0, 0, 0, 0, 0, 0, 0, 0, 0, 0, 0, 0, 0, 0, 0, 0, 0, 0, 0, 0, 0, 0, 0, 0, 0, 0, 0, 0, 0, 0, 0, 0, 0, 0, 0, 0, 0, 0, 0, 0.743765, 0.741971, 0.719141, 0.717347, 0, 0, 0, 0, 1.13691, 1.13511, 1.13329, 1.08928, 0.741889, 0, 0, 0, 0, 0, 0, 0, 0, 0, 0, 0, 0, 0, 0, 0, 0, 0, 0, 0, 0, 0, 0, 0, 0.798456, 0.760867, 0, 0, 0, 0, 0, 0, 0, 0, 0, 0, 0, 0, 0, 0, 0, 0, 0, 0, 0, 0, 0, 0, 0, 0, 0, 0, 0, 0, 0, 0, 0, 0, 0, 0, 0, 0, 0, 0, 0, 0, 0, 0, 0, 0, 0, 0, 0, 0, 0, 0, 0, 0, 0, 0, 0, 0, 0, 0, 0, 0, 0, 0, 0, 0, 0, 0, 0, 0, 0, 0, 0, 0, 0, 0, 0, 0, 0, 0, 0, 0, 0, 0, 0, 0, 0, 0, 0, 0, 0, 0, 0, 0, 0, 0, 0, 0, 0, 0, 0, 0, 0, 0, 0, 0, 0, 0, 0, 0, 0, 0, 0, 0, 0, 0, 0, 0, 0, 0, 0, 0, 0, 0, 0, 0, 0, 0, 0, 0, 0, 0, 0, 0, 0, 0, 0, 0, 0, 0, 0, 0, 0, 0, 0, 0, 0, 0, 0, 0, 0, 0, 0, 0, 0, 0, 0, 0, 0, 0, 0, 0, 0, 0, 0, 0, 0, 0, 0, 0, 0, 0, 0, 0, 0, 0, 0, 0, 0, 0, 0, 0, 0, 0, 0, 0, 0, 0, 0, 0, 0, 0, 0, 0, 0, 0, 0, 0, 0, 0, 0, 0, 0, 0, 0, 0, 0, 0, 0, 0, 0, 0, 0, 0, 0, 0, 0, 0, 0, 0, 0, 0, 0, 0, 0, 0, 0, 0, 0, 0, 0, 0, 0, 0,
0, 0.802616, 0.807759, 0.812901, 0.80061, 0.806781, 0, 0, 0, 0, 0, 0, 0, 0, 0, 0, 0.803403, 0.807603, 0.812659, 0.894681, 0.898795, 0, 0, 0, 0, 0, 0, 0, 0, 0, 0, 0, 1.30735, 1.31249, 1.31669, 1.69078, 2.17587, 1.21491, 1.22014, 1.22523, 1.86172, 0.865874, 0.968177, 0.973319, 1.00881, 0.97018, 0.97438, 0.952052, 0.957194, 0, 0, 0, 0, 0, 0.713009, 0, 0, 0, 0, 0.785665, 0.789779, 0.729728, 0.734913, 0.855686, 0, 0.95787, 0.961984, 0.967084, 0.934119, 0.939261, 0.747849, 0.750592, 0.765699, 0.718244, 0.721372, 0, 0.706203, 0, 0, 0, 0, 0, 0, 0.868926, 0.840761, 0.843204, 0.92926, 0.93376, 0, 0, 0.884851, 0.706776, 0.711919, 0.744223, 0.748423, 0, 0, 1.06471, 1.06882, 1.07187, 1.17813, 1.20306, 0.888642, 0.893784, 0.897041, 1.08087, 0.844198, 1.20917, 1.21419, 1.21933, 1.16047, 1.16561, 0, 0.969198, 0.973397, 0.829572, 0.931032, 0.936174, 0.818885, 0.823942, 0.829085, 0.732517, 0.737746, 0.980246, 1.11912, 1.12349, 1.12864, 1.17459, 0.948506, 0.805676, 0.810819, 1.09063, 1.03055, 1.07672, 1.08187, 1.08701, 1.06731, 1.07055, 0.81994, 0.825083, 0.91729, 0.773464, 0.778606, 0.915833, 1.12022, 1.12459, 1.14645, 1.15082, 1.15502, 1.08262, 1.08682, 0.991304, 1.09818, 1.16015, 1.16452, 1.17069, 1.17583, 1.19105, 1.19512, 1.22402, 1.22659, 1.30443, 1.27305, 1.27819, 1.26509, 1.27024, 1.21851, 1.22365, 1.22879, 1.01126, 1.01546, 0.877046, 0.88116, 0.843333, 0.936508, 0.941651, 0.944222, 1.09572, 1.1009, 1.01801, 1.02316, 1.02826, 1.09157, 1.09671, 1.24299, 1.24813, 1.2525, 1.21152, 1.21589, 1.22965, 1.23479, 1.197, 1.25824, 1.26244, 1.14737, 1.15251, 1.15766, 1.16768, 1.17385, 1.32013, 1.32527, 1.3594, 1.36455, 1.36866, 1.17126, 1.17641, 1.21294, 1.30849, 1.4439, 1.45007, 1.45521, 1.44395, 1.44909, 1.24885, 1.25335, 1.19909, 1.21979, 1.36078, 1.36593, 1.37107, 1.59064, 1.52685, 1.52171, 1.66199, 1.66713, 1.39508, 1.40014, 1.40434, 1.21699, 1.47208, 1.37869, 1.38383, 1.38897, 1.39309, 1.14931, 1.15446, 1.40874, 1.41388, 1.52589, 1.64837, 1.65351, 1.65865, 1.66379, 1.48535, 1.24577, 1.371, 1.53385, 1.53822, 1.54135, 1.54594, 1.52739, 1.44244, 1.4475, 1.45238, 1.38734, 1.39248, 1.30388, 1.53225, 1.5362, 1.4934, 1.61176, 1.61686, 1.68292, 1.68806, 1.69218, 1.58716, 1.71523, 2.42806, 2.4332, 2.43834, 2.44241, 2.52929, 1.59039, 1.59553, 1.77013, 1.77605, 1.57568, 1.69404, 1.69914, 1.70675, 1.7119, 1.71704, 1.70414, 2.57844, 2.56798, 2.57312, 2.5955, 2.60068, 1.7053, 1.70941, 1.71361, 1.83238, 1.83753, 1.78968, 1.96689, 1.97203, 1.83989, 1.97664, 1.98101, 1.84858, 1.85373, 1.85887, 1.78218, 1.73395, 1.83038, 1.83552, 1.84067, 1.66528, 1.93908, 1.88064, 1.88475, 1.91707, 1.92195, 1.79352, 1.79789, 1.80303, 1.78605, 1.79119, 1.77665, 1.97649, 1.9806, 1.98579, 1.99093, 1.96425, 1.76651, 1.70975, 1.71472, 1.69039, 1.75356, 1.75618, 1.72205, 1.79999, 1.80513, 1.8077, 1.81521, 1.82018, 1.7497, 1.75484, 1.75921, 1.67838, 1.76855, 1.75888, 1.76201, 1.75665, 1.7617, 1.76079, 1.7649, 1.86352, 1.81083, 1.81598, 1.82112, 1.99808, 1.90975, 1.91387, 1.91798, 1.93572, 1.74142, 2.04711, 2.05225, 2.05739, 2.07684, 2.08224, 1.80502, 1.91419, 1.91933, 1.89466, 1.90965, 1.9127, 1.79333, 2.06549, 2.0714, 2.06498, 2.29524, 2.30038, 2.15305, 2.19129, 2.19643, 2.18054, 2.18568, 2.18979, 2.04635, 2.17339, 2.49365, 2.97959, 2.98474, 2.98984, 3.26885, 3.27404, 2.43274, 2.43814, 2.49765, 2.25367, 2.29015, 2.29529, 2.35911, 2.30377, 2.30892, 2.2849, 2.3576, 2.36274, 2.24693, 2.35155, 2.45542, 2.27988, 2.28502, 2.29016, 2.30726, 2.45688, 2.48162, 2.48676, 2.4919, 2.49705, 2.51876, 2.52129, 2.52386, 2.52905, 2.41247, 2.0714, 2.29656, 2.44272, 2.44786, 2.48867, 2.49382, 2.49819, 2.45847, 2.46284, 2.36913, 2.41888, 2.39571, 2.43554, 2.43794, 2.44051, 2.39341, 2.39714, 2.31849, 2.39894, 2.40408, 2.40678, 2.4501, 2.45524, 2.32938, 2.33452, 2.44005, 2.45344, 2.45781, 2.46201, 2.46715, 2.3994, 2.50435, 2.50709, 2.50966, 2.58197, 2.58711, 2.44386, 2.44901, 2.63078, 2.73936, 2.74476, 2.74991, 2.75505, 2.67343, 2.4294, 2.47525, 2.54094, 2.54604, 2.55225, 2.574, 2.6875, 2.69367, 2.69693, 2.72391, 2.72905, 2.64633, 2.65147, 2.65661, 2.6037, 2.55546, 2.62128, 2.62565, 2.67456, 2.48699, 2.49209, 2.4391, 2.64787, 2.54472, 2.54729, 2.54987, 2.60528, 2.56574, 2.57088, 2.58871, 2.59385, 2.65365, 2.65879, 2.66291, 2.67972, 2.7108, 2.62814, 2.63328, 2.63765, 2.62089, 2.53952, 2.57183, 2.57697, 2.48486, 2.48897, 2.7002, 2.6781, 2.68324, 2.94732, 2.95247, 3.2931, 3.2973, 3.30244, 3.27883, 3.28321, 2.70439, 2.55307, 2.69493, 2.86196, 2.86805, 2.87396, 2.97612, 2.98024, 2.89686, 2.902, 2.9747, 2.97985, 2.86404, 2.96865, 3.07253, 3.27523, 3.28037, 3.28474, 3.28894, 3.18253, 3.05138, 3.09251, 3.05491, 2.90157, 2.90427, 2.90954, 2.89593, 2.85869, 2.86384, 2.97268, 2.97886, 3.05573, 2.8919, 2.90858, 3.52381, 3.52895, 3.41505, 3.42011, 3.4942, 2.83954, 2.8428, 2.95707, 2.95999, 3.02911, 3.03451, 3.03862, 3.08124, 3.08638, 3.05143, 3.03867, 3.04381, 3.1967, 3.28469, 3.2888, 3.29394, 3.29909, 3.18371, 3.0661, 3.24276, 3.24713, 3.25228, 3.21771, 3.22149, 3.0721, 3.1719, 3.17636, 3.05717, 3.30457, 3.30971, 3.2817, 3.28684, 3.27396, 3.20532, 3.34889, 3.07805, 3.08242, 3.07441, 3.1764, 3.12547, 3.15062, 3.15191, 3.15405, 3.25961, 3.26407, 3.12988, 3.13245, 3.26604, 3.30838, 3.31275, 3.31789, 3.32304, 3.27595, 3.21106, 3.21698, 3.22238, 3.41415, 3.3544, 3.35955, 3.42338, 3.42852, 3.21786, 3.27079, 3.27593, 3.26206, 3.2672, 3.33073, 3.20134, 3.20455, 3.26499, 3.26761, 3.37412, 3.37909, 3.38423, 3.29988, 3.30502, 3.15063, 3.24758, 3.37754, 3.38191, 3.38705, 3.3922, 3.3347, 3.18016, 3.18522, 3.19036, 3.19525, 3.36179, 3.36693, 3.37233,
0, 0, 0, 0, 0, 0, 0, 0, 0, 0, 0, 0, 0, 0, 0, 0, 0, 0, 0, 0, 0, 0, 0, 0, 0, 0, 0, 0, 0, 0, 0, 0, 0, 0, 0, 0, 1.01688, 1.01739, 1.01786, 1.01833, 1.01887, 0, 0, 0, 0, 0, 0, 0, 0, 0, 0, 0, 0, 0, 0, 0, 0, 0, 0, 0, 0, 0, 0, 0, 0, 0, 0, 0, 0, 0, 0, 0, 0, 0, 0, 0, 0, 0, 0, 0, 0, 0, 0, 0, 0, 0, 0, 0, 0, 0, 0, 0, 0, 0, 0, 0, 0, 0, 0, 0, 0, 0, 0, 0, 0, 0, 0, 0, 0, 0, 0, 0, 0, 0, 0, 0, 0, 0, 0, 0, 0, 0, 0, 0, 0, 0, 0, 0, 0, 0, 0, 0, 0, 0, 0, 0, 0, 0, 0, 0, 0, 0, 0, 0, 0, 0, 0, 0, 0, 0, 0, 0, 0, 0, 0, 0, 0, 0, 0, 0, 0, 0, 0, 0, 0, 0, 0, 0, 0, 0, 0, 0, 0, 0, 0, 0, 0, 0, 0, 0, 0, 0, 0, 0, 0, 0, 0, 0, 0, 0, 0, 0, 0, 0, 0, 0, 0, 0, 0, 0, 0, 0, 0, 0, 0, 0, 0, 0, 0, 0, 0, 0, 0, 0, 0, 0, 0, 0, 0, 0, 0, 0, 0, 0, 0, 0, 0, 0, 0, 0, 0, 0, 0, 0, 0, 0, 0, 0, 0, 0, 0, 0, 0, 0, 0, 0, 0, 0, 0, 0, 0, 0, 0, 0, 0, 0, 0, 0, 0, 0, 0, 0, 0, 0, 0, 0, 0, 1.12181, 1.12229, 1.12277, 1.12323, 1.12373, 0, 0, 0, 0, 0, 0, 0, 0, 0, 0, 0, 1.12892, 1.12955, 1.13003, 1.13062, 1.1311, 0, 0, 0, 0, 0, 0, 0, 0, 0, 0, 0, 0, 0, 0, 0, 0, 0, 0, 0, 0, 0, 0, 0, 0, 0, 0, 0, 0, 0, 0, 0, 0, 0, 0, 0, 0, 0, 0, 0, 0, 0, 0, 0, 0, 0, 0, 0, 0, 0, 0, 0, 0, 0, 0, 0, 0, 0, 0, 0, 0, 0, 0, 0, 0, 0, 0, 0, 0, 0, 0, 0, 0, 0, 0, 0, 0, 0, 0, 0, 0, 0, 0, 0, 0, 0, 0, 0, 0, 0, 0, 0, 0, 0, 0, 0, 1.17331, 1.17379, 1.17426, 1.175, 1.17549, 0, 0, 0, 0, 0, 0, 0, 0, 0, 0, 0, 0, 0, 0, 0, 0, 0, 0, 0, 0, 0, 0, 0, 0, 0, 0, 0, 0, 0, 0, 0, 0, 0, 0, 0, 0, 0, 0, 0, 0, 0, 0, 0, 0, 0, 0, 0, 0, 0, 0, 0, 0, 0, 0, 0, 0, 0, 0, 0, 0, 0, 0, 0, 0, 0, 0, 0, 0, 0, 0, 0, 0, 0, 0, 0, 0, 0, 0, 0, 0, 0, 0, 0, 0, 0, 0, 0, 0, 0, 0, 0, 0, 0, 0, 0, 0, 0, 0, 0, 0, 0, 0, 0, 0, 0, 0, 0, 0, 0, 0, 0, 0, 0, 0, 0, 0, 0, 0, 0, 0, 0, 0, 0, 0, 0, 0, 0, 0, 0, 0, 0, 0, 0, 0, 0, 0, 0, 0, 0, 0, 0, 0, 0, 0, 0, 0, 0, 0, 0, 0, 0, 0, 0, 0, 0, 0, 0, 0, 0, 0, 0, 0, 0, 0, 0, 0, 0, 0, 0, 0, 0, 0, 0, 0, 0, 0, 0, 0, 0, 0, 0, 0, 0, 0, 0, 0, 0, 0, 0, 0, 0, 0, 0, 0, 0, 0, 0, 0, 0, 0, 0, 0, 0, 0, 0, 0, 0, 0, 0, 0, 0, 0, 0, 0, 0, 0, 0, 0, 0, 0, 0, 0, 0, 0, 0, 0, 0, 0, 0, 0, 0, 0, 0, 0, 0, 0, 0, 0, 0, 0, 0, 0, 0, 0, 0, 0, 0, 0, 0, 0, 0, 0, 0, 0, 0, 0, 0,
0, 0, 0, 0, 0, 0, 0, 0, 0, 0, 0, 0, 0, 0, 0, 0, 0, 0, 0, 0, 0, 0, 0, 0, 0, 0, 0, 0, 0, 0, 0, 0, 0, 0, 0, 0, 1.02113, 1.0217, 1.02227, 1.02284, 1.02352, 0, 0, 0, 0, 0, 0, 0, 0, 0, 0, 0, 0, 0, 0, 0, 0, 0, 0, 0, 0, 0, 0, 0, 0, 0, 0, 0, 0, 0, 0, 0, 0, 0, 0, 0, 0, 0, 0, 0, 0, 0, 0, 0, 0, 0, 0, 0, 0, 0, 0, 0, 0, 0, 0, 0, 0, 0, 0, 0, 0, 0, 0, 0, 0, 0, 0, 0, 0, 0, 0, 0, 0, 0, 0, 0, 0, 0, 0, 0, 0, 0, 0, 0, 0, 0, 0, 0, 0, 0, 0, 0, 0, 0, 0, 0, 0, 0, 0, 0, 0, 0, 0, 0, 0, 0, 0, 0, 0, 0, 0, 0, 0, 0, 0, 0, 0, 0, 0, 0, 0, 0, 0, 0, 0, 0, 0, 0, 0, 0, 0, 0, 0, 0, 0, 0, 0, 0, 0, 0, 0, 0, 0, 0, 0, 0, 0, 0, 0, 0, 0, 0, 0, 0, 0, 0, 0, 0, 0, 0, 0, 0, 0, 0, 0, 0, 0, 0, 0, 0, 0, 0, 0, 0, 0, 0, 0, 0, 0, 0, 0, 0, 0, 0, 0, 0, 0, 0, 0, 0, 0, 0, 0, 0, 0, 0, 0, 0, 0, 0, 0, 0, 0, 0, 0, 0, 0, 0, 0, 0, 0, 0, 0, 0, 0, 0, 0, 0, 0, 0, 0, 0, 0, 0, 0, 0, 0, 1.15221, 1.15281, 1.15341, 1.15397, 1.1546, 0, 0, 0, 0, 0, 0, 0, 0, 0, 0, 0, 1.16109, 1.16189, 1.16249, 1.1632, 1.16383, 0, 0, 0, 0, 0, 0, 0, 0, 0, 0, 0, 0, 0, 0, 0, 0, 0, 0, 0, 0, 0, 0, 0, 0, 0, 0, 0, 0, 0, 0, 0, 0, 0, 0, 0, 0, 0, 0, 0, 0, 0, 0, 0, 0, 0, 0, 0, 0, 0, 0, 0, 0, 0, 0, 0, 0, 0, 0, 0, 0, 0, 0, 0, 0, 0, 0, 0, 0, 0, 0, 0, 0, 0, 0, 0, 0, 0, 0, 0, 0, 0, 0, 0, 0, 0, 0, 0, 0, 0, 0, 0, 0, 0, 0, 0.735283, 1.21658, 1.21718, 1.21775, 1.21868, 1.21931, 0, 0, 0, 0, 0, 0, 0, 0, 0, 0, 0, 0, 0, 0, 0, 0, 0, 0, 0, 0, 0, 0, 0, 0, 0, 0, 0, 0, 0, 0, 0, 0, 0, 0, 0, 0, 0, 0, 0, 0, 0, 0, 0, 0, 0, 0, 0, 0, 0, 0, 0, 0, 0, 0, 0, 0, 0, 0, 0, 0, 0, 0, 0, 0, 0, 0, 0, 0, 0, 0, 0, 0, 0, 0, 0, 0, 0, 0, 0, 0, 0, 0, 0, 0, 0, 0, 0, 0, 0, 0, 0, 0, 0, 0, 0, 0, 0, 0, 0, 0, 0, 0, 0, 0, 0, 0, 0, 0, 0, 0, 0, 0, 0, 0, 0, 0, 0, 0, 0, 0, 0, 0, 0, 0, 0, 0, 0, 0, 0, 0, 0, 0, 0, 0, 0, 0, 0, 0, 0, 0, 0, 0, 0, 0, 0, 0, 0, 0, 0, 0, 0, 0, 0, 0, 0, 0, 0, 0, 0, 0, 0, 0, 0, 0, 0, 0, 0, 0, 0, 0, 0, 0, 0, 0, 0, 0, 0, 0, 0, 0, 0, 0, 0, 0, 0, 0, 0, 0, 0, 0, 0, 0, 0, 0, 0, 0, 0, 0, 0, 0, 0, 0, 0, 0, 0, 0, 0, 0, 0, 0, 0, 0, 0, 0, 0, 0, 0, 0, 0, 0, 0, 0, 0, 0, 0, 0, 0, 0, 0, 0, 0, 0, 0, 0, 0, 0, 0, 0, 0, 0, 0, 0, 0, 0, 0, 0, 0, 0, 0, 0, 0, 0, 0, 0, 0, 0, 0,
0, 0, 0, 0, 0, 0, 0, 0, 0, 0, 0, 0, 0, 0, 0, 0, 0, 0, 0, 0, 0, 0, 0, 0, 0, 0, 0, 0, 0, 0, 0, 0, 0.723032, 0.720172, 0.717837, 1.08385, 1.56179, 0.925492, 0.923205, 0.920917, 1.89116, 0.888458, 0.981846, 0.978986, 1.00716, 0, 0, 0, 0, 0, 0, 0, 0, 0, 0, 0, 0, 0, 0, 0, 0, 0, 0, 0, 0, 0, 0, 0, 0, 0, 0, 0, 0, 0, 0, 0, 0, 0, 0, 0, 0, 0, 0, 0, 0, 0, 0, 0, 0, 0, 0, 0, 0, 0, 0, 0, 0, 0, 0, 0, 0, 0, 0, 0, 0, 0, 0, 0, 0, 0, 0, 0, 0, 0, 0, 0, 0, 0, 0, 0, 0, 0, 0, 0, 0, 0, 0, 0, 0, 0, 0, 0, 0, 0, 0, 0, 0, 0, 0, 0, 0, 0, 0, 0, 0, 0, 0, 0, 0, 0, 0, 0, 0, 0, 0, 0, 0, 0, 0, 0, 0, 0, 0, 0, 0, 0, 0, 0, 0, 0, 0, 0, 0, 0, 0, 0, 0, 0, 0, 0, 0, 0, 0, 0, 0, 0, 0, 0, 0, 0, 0, 0, 0, 0, 0, 0, 0, 0, 0, 0, 0, 0, 0, 0, 0, 0, 0, 0, 0, 0, 0, 0, 0, 0, 0, 0, 0, 0, 0, 0, 0, 0, 0, 0, 0, 0, 0, 0, 0, 0, 0, 0, 0, 0, 0, 0, 0, 0, 0, 0, 0, 0, 0, 0, 0, 0, 0, 0, 0, 0, 0, 0, 0, 0, 0, 0, 0, 0, 0, 0, 0, 0, 0, 0, 0, 0, 0, 0, 0, 0, 0, 0, 0, 0, 0, 0, 0, 0, 0, 0, 0, 0, 0, 0, 0, 0, 0, 0, 0, 0, 0, 0, 0, 0, 0, 0, 0, 0, 0, 0, 0, 0, 0, 0, 0, 0, 0, 0, 0, 0, 0, 0, 0, 0, 0, 0, 0, 0, 0, 0, 0, 0, 0, 0, 0, 0, 0, 0, 0, 0, 0, 0, 0, 0, 0, 0, 0, 0, 0, 0, 0, 0, 0, 0, 0, 0, 0, 0, 0, 0, 0, 0, 0, 0, 0, 0, 0, 0, 0, 0, 0, 0, 0, 0, 0, 0, 0, 0, 0, 0, 0, 0, 0, 0, 0, 0, 0, 0, 0, 0, 0, 0, 0, 0, 0, 0, 0, 0, 0, 0, 0, 0, 0, 0, 0, 0, 0, 0, 0, 0, 0, 0, 0, 0, 0, 0, 0, 0, 0, 0, 0, 0, 0, 0, 0, 0, 0, 0, 0, 0, 0, 0, 0, 0, 0, 0, 0, 0, 0, 0, 0, 0, 0, 0, 0, 0, 0, 0, 0, 0, 0, 0, 0, 0, 0, 0, 0, 0, 0, 0, 0, 0, 0, 0, 0, 0, 0, 0, 0, 0, 0, 0, 0, 0, 0, 0, 0, 0, 0, 0, 0, 0, 0, 0, 0, 0, 0, 0, 0, 0, 0, 0, 0, 0, 0, 0, 0, 0, 0, 0, 0, 0, 0, 0, 0, 0, 0, 0, 0, 0, 0, 0, 0, 0, 0, 0, 0, 0, 0, 0, 0, 0, 0, 0, 0, 0, 0, 0, 0, 0, 0, 0, 0, 0, 0, 0, 0, 0, 0, 0, 0, 0, 0, 0, 0, 0, 0, 0, 0, 0, 0, 0, 0, 0, 0, 0, 0, 0, 0, 0, 0, 0, 0, 0, 0, 0, 0, 0, 0, 0, 0, 0, 0, 0, 0, 0, 0, 0, 0, 0, 0, 0, 0, 0, 0, 0, 0, 0, 0, 0, 0, 0, 0, 0, 0, 0, 0, 0, 0, 0, 0, 0, 0, 0, 0, 0, 0, 0, 0, 0, 0, 0, 0, 0, 0, 0, 0, 0, 0, 0, 0, 0, 0, 0, 0, 0, 0, 0, 0, 0, 0, 0, 0, 0, 0, 0, 0, 0, 0, 0, 0, 0, 0, 0, 0, 0, 0, 0, 0, 0, 0, 0, 0, 0, 0,
0, 0, 0, 0, 0, 0, 0, 0, 0, 0, 0, 0, 0, 0, 0, 0, 0, 0, 0, 0, 0, 0, 0, 0, 0, 0, 0, 0, 0, 0, 0, 0, 0, 0, 0, 0, 0, 0, 0, 0, 1.03253, 1.03354, 1.03442, 1.03526, 1.03595, 0, 0, 0, 0, 0, 0, 0, 0, 0, 0, 0, 0, 0, 0, 0, 0, 0, 0, 0, 0, 0, 0, 0, 0, 0, 0, 0, 0, 0, 0, 0, 0, 0, 0, 0, 0, 0, 0, 0, 0, 0, 0, 0, 0, 0, 0, 0, 0, 0, 0, 0, 0, 0, 0, 0, 0, 0, 0, 0, 0, 0, 0, 0, 0, 0, 0, 0, 0, 0, 0, 0, 0, 0, 0, 0, 0, 0, 0, 0, 0, 0, 0, 0, 0, 0, 0, 0, 0, 0, 0, 0, 0, 0, 0, 0, 0, 0, 0, 0, 0, 0, 0, 0, 0, 0, 0, 0, 0, 0, 0, 0, 0, 0, 0, 0, 0, 0, 0, 0, 0, 0, 0, 0, 0, 0, 0, 0, 0, 0, 0, 0, 0, 0, 0, 0, 0, 0, 0, 0, 0, 0, 0, 0, 0, 0, 0, 0, 0, 0, 0, 0, 0, 0, 0, 0, 0, 0, 0, 0, 0, 0, 0, 0, 0, 0, 0, 0, 0, 0, 0, 0, 0, 0, 0, 0, 0.730323, 0.731163, 0.731551, 0.73239, 0.733231, 0, 0, 0, 0, 0, 0, 0, 0, 0, 0, 0, 0, 0, 0, 0, 0, 0, 0, 0, 0, 0, 0, 0, 0, 0, 0, 0, 0, 0, 0, 0, 0, 0, 0, 0, 0, 0, 0, 0, 0, 0, 0, 0, 0, 0, 0, 0, 0, 0, 0, 0, 0, 0, 0, 0, 0, 0, 0, 0, 0, 0, 0, 0, 0, 0, 0, 0, 0, 0, 0, 0, 0, 0, 0, 0, 0, 0, 0, 0, 0, 0, 0, 0, 0, 0, 0, 0, 0, 0, 0, 0, 0, 0, 0, 0, 0, 0, 0, 0, 0, 0, 0, 0, 0, 0, 0, 0, 0, 0, 0, 0, 0, 0, 0, 0, 0, 0, 0, 0, 0, 0, 0, 0, 0, 0, 0, 0, 0, 0, 0, 0, 0, 0, 0, 0, 0, 0, 0, 0, 0, 0, 0, 0, 0, 0, 0, 0, 0, 0, 0, 0, 0, 0, 0, 0, 0, 0, 0, 0, 0, 0, 0.73043, 0.731247, 0.732435, 0.733107, 0.733821, 0, 0, 0, 0, 0, 0, 0, 0.710492, 0.711332, 0.711711, 0.712551, 0.713228, 0, 0, 0, 0, 0, 0, 0, 0, 0, 0.710566, 0.71087, 0.711408, 0.712018, 0.712858, 0, 0, 0, 0, 0, 0, 0, 0, 0, 0, 0, 0, 0, 0, 0, 0, 0, 0, 0, 0, 0, 0, 0, 0, 0, 0, 0, 0, 0, 0, 0, 0, 0, 0, 0, 0, 0, 0, 0, 0, 0, 0, 0, 0, 0, 0, 0, 0, 0, 0, 0, 0, 0, 0, 0, 0, 0, 0, 0, 0, 0, 0, 0, 0, 0, 0, 0.735242, 0.735401, 0.735821, 0.736262, 0.737344, 0, 0, 0, 0, 0, 0, 0, 0, 0, 0.70072, 0.701319, 0.702381, 0.703221, 0, 0, 0, 0, 0, 0.701267, 0.702107, 0.702947, 0.703787, 0.704627, 1.04636, 1.04708, 1.04792, 1.04876, 1.04968, 0, 0, 0, 0, 0, 0, 0, 0, 0, 0, 0.811292, 0.812132, 0.812511, 0.813351, 0.814028, 0, 0, 0.744749, 0.746994, 0.747834, 0.748444, 0.749284, 0.749711, 0, 0, 0, 0, 0.719136, 0.719976, 0.721357, 0.722155, 0.722869, 0, 0, 0.801425, 0.802239, 0.803208, 0.804113, 0.805138, 0, 0, 0, 0, 0, 0, 0, 0, 0, 0, 0, 0, 0, 0, 0, 0, 0, 0, 0, 0, 0, 0, 0, 0, 0, 0, 0, 0, 0, 0, 0.707027, 0.707867, 0.708707, 0.708972, 0.709686, 0, 0, 0, 0, 0, 0, 0, 0, 0, 0, 0, 0, 0, 0, 0, 0, 0, 0, 0, 0, 0, 0.781354, 0.782607, 0.783447, 0.784287, 0.785127, 0, 0, 0, 0, 0, 0, 0, 0, 0, 0, 0, 0, 0, 0, 0, 0, 0, 0.759465, 0.760671, 0.761511, 0.762351, 0.763065, 0, 0, 0, 0, 0.821601, 0.822441, 0.823163,
0, 0, 0.700453, 0.701667, 0.774598, 0.775566, 0, 0, 1.16734, 1.16782, 1.16863, 1.11101, 1.11149, 0, 0, 0, 0.849229, 0.850306, 0.850791, 0.851751, 0.763206, 0, 0, 0.732502, 0.733702, 0.734614, 0, 0, 0, 0, 0, 0, 1.04446, 1.04542, 1.04648, 1.04765, 0.976147, 0, 0, 0, 1.13572, 1.03834, 2.03904, 2.04, 2.04086, 1.38602, 1.38708, 0.831278, 0.832238, 0, 0.718016, 0.71857, 0.719456, 0.720416, 0.721232, 0, 1.21102, 1.21203, 1.21299, 1.28052, 1.28167, 0.708322, 0.709274, 0, 0, 0.708576, 0.709728, 0.710696, 0, 0, 0, 0, 0, 0, 0, 0, 0, 0, 0, 0, 0, 1.24013, 1.24109, 1.31066, 1.31177, 1.31225, 0, 0, 0, 0, 0, 0, 0, 0.805042, 0.806098, 0, 0, 0.949762, 0.860885, 0.861365, 0.862584, 0.719401, 0, 0, 0, 0, 0, 0.864839, 0.865662, 0, 0.795707, 0.796667, 0, 0, 0, 0, 0, 0, 0, 0, 0, 0, 0, 0, 0, 0, 0, 0, 0, 0, 0, 0, 0, 0, 0, 0, 0.780964, 0.781925, 0, 0, 0, 0, 0, 0, 0, 0, 0, 0, 0, 0, 0, 0, 0, 0, 0, 1.41773, 1.41869, 1.41939, 1.37824, 1.37937, 0, 0, 0, 0, 0, 0, 0, 0, 0.753138, 0.742521, 0.743577, 0, 0, 0, 0, 0, 0, 0, 0, 0, 0, 0, 0, 0, 0, 0, 0, 0, 0, 0, 0, 0, 0, 0, 0, 0, 0, 0, 0, 0, 0, 0, 0, 0, 0, 0, 0, 0.731109, 0.761532, 0.762078, 0.763292, 0.836239, 0.837191, 0.726875, 0.745353, 0.724347, 0.70944, 0.711157, 0.712117, 0, 1.19484, 1.18216, 1.18259, 1.18355, 1.18451, 1.36462, 1.36553, 1.36659, 1.20878, 1.53918, 0, 0, 0, 0, 0, 0, 0, 0, 0, 0, 0, 0, 0.88985, 0.888343, 0, 0.975108, 0.976161, 0, 0, 0, 0, 0, 0, 0, 0.858466, 0.859426, 0, 0.878251, 0.879067, 0, 0.790095, 0.790911, 0, 0, 0, 0, 0, 0, 0, 0, 0, 0.776102, 0.777062, 0.778022, 0.789897, 0.790684, 0, 0.805455, 0.806271, 0.831356, 0.832316, 0.833276, 0.743775, 0.744735, 0.835234, 0.836194, 0.837691, 0, 0.839611, 0.839189, 0.840109, 0.849089, 0.850049, 0.80033, 0.771993, 0.772953, 0, 0, 0, 0, 0, 0, 0, 0, 0.774773, 0.775733, 0.776693, 0, 0.822086, 0, 0, 0, 0, 0.814982, 0.816108, 0.817068, 0.713349, 0.714309, 0.904191, 1.01147, 1.01253, 1.01348, 1.01487, 1.01583, 0.936824, 0.793679, 0.794399, 0, 0, 0, 0, 0, 0, 0, 0, 0, 0, 0, 0, 0, 0, 0, 0, 0, 0, 0, 0, 0, 0, 0, 0, 0, 0, 0, 0, 0, 0, 0.706311, 0.707271, 0.708231, 1.05125, 1.05241, 0.772304, 0.854972, 0.855932, 0, 0, 0, 0, 0, 0, 0, 0, 0, 0.891039, 0.891807, 0.892767, 0.917852, 0.918812, 0.750089, 0, 0.831375, 0.747365, 0.748325, 0.749285, 0.750245, 1.05595, 0.873584, 0.881258, 0.88241, 0.883399, 0.7278, 0.729713, 0.725353, 0.726217, 0, 0, 0, 0.888348, 0.8895, 0.757084, 1.02142, 1.02219, 0.800559, 0.80152, 0.80248, 0.816943, 0.818887, 0.809224, 0.810184, 0.811144, 0.888855, 1.1111, 1.11142, 1.20174, 1.20279, 1.2038, 0.82224, 1.04038, 0.737704, 0.738664, 0.739528, 0.740488, 0.714661, 0, 0, 0, 0, 0, 0.768742, 0.739724, 0.740204, 0.747128, 0.74828, 0.733605, 0.734469, 0.735429, 0, 0.745886, 0.724375, 0, 0, 0.854144, 0.807659, 0.808523, 0.865084, 0.866044, 0.782106, 0.930957, 0.931677, 0.932002, 0.933381, 0.883244, 0.712961, 0.713921, 0.818949, 0.819635, 0.820961, 0.768224, 0.769184, 0, 0, 0.840503, 0.960659, 0.961627, 0.962255, 0.963071, 0.840579, 0.82135, 0.82207, 0.822694, 0.811246, 0.76924, 0.7702, 0.77116, 0, 0, 1.02791, 1.02925, 1.03051, 0.955924, 0.95674, 0, 0.856808, 0.790026, 0.790506, 0.79101, 0.807108, 0.728423, 0.729383, 0.943744, 0.944704, 0.874522, 0.875709, 0.876717, 0.743284, 0.822475, 0.797158, 0.795953, 0.989444, 0.990499, 0, 0.976006, 0.976966, 0.898976, 0.899984, 1.20217, 0.75936, 0.76032, 0.866097, 0.867057, 1.20891, 1.26742, 1.26838, 1.26934, 1.28218, 0.787623, 0, 0.740126, 0.912115, 0.838666, 0.839242, 0.840122, 0.874354, 0.800134, 0.801094, 1.00355, 1.0047, 0.872284, 1.13662, 1.13739, 1.00109, 1.00205, 1.06865, 0.937177, 0.938137, 0.938259, 1.07356, 1.07405, 0.879783, 0.880455, 0.911924, 0.832418, 0.994144, 0.995104, 1.11732, 1.11838, 1.11958, 0.980849, 1.0906, 1.30703, 1.30799, 1.30909, 1.31001, 0.949546, 0, 0, 0.963042, 0.963906, 0.9994, 1.00045, 1.00142, 0.974918, 0.975878, 0.911761, 0.738726, 0.739686, 0.917782, 0.918761, 0.914924, 0.915884, 0.916844, 0.886506, 0.800698, 0.908072, 0.909378, 0.910338, 0.845465, 0.846233, 0.782086, 0.795657, 0.796377, 0.966396, 1.07701, 1.07797, 1.10835, 1.10931, 1.21902, 1.219, 1.21986, 1.03955, 1.04097, 0.862564, 0.864529, 0.864961, 0.937875, 0.821208, 0.82156, 0.915057, 0.91634, 0.797886, 0.798319, 0.825597, 0.899868, 0.901491, 0.902452, 1.02655, 0.946073, 0.946985, 0.938663, 0.939604, 1.02575, 1.02718, 1.02814, 1.11843, 1.11939, 0.882417, 0.932549, 0.933509, 1.11312, 1.11413, 1.11453, 1.0773, 1.07793, 0.935503, 0.936031, 0.943142, 0.943862, 0.944822, 0.994251, 0.995211, 0.797603, 0.928389, 1.06151, 0.8691, 1.27652, 1.27748, 1.2783, 1.11495, 1.11587, 1.11683, 1.11759, 1.33706, 1.33802, 1.33918,
0, 0, 0.700711, 0.702077, 0.775089, 0.776232, 0, 0, 1.16847, 1.169, 1.16982, 1.11238, 1.11291, 0, 0, 0, 0.851099, 0.852311, 0.852916, 0.853996, 0.765439, 0, 0, 0.735203, 0.736517, 0.737579, 0, 0, 0, 0, 0, 0, 1.04827, 1.04935, 1.05039, 1.05166, 0.980206, 0, 0, 0, 1.14042, 1.04319, 2.04398, 2.04506, 2.04589, 1.39139, 1.39243, 0.836743, 0.837823, 0, 0.723951, 0.724575, 0.725571, 0.726651, 0.727461, 0, 1.21761, 1.21864, 1.21971, 1.28744, 1.28873, 0.715499, 0.716588, 0, 0, 0.716227, 0.717523, 0.718594, 0, 0, 0, 0, 0, 0, 0, 0, 0, 0, 0, 0, 0, 1.2495, 1.25058, 1.32027, 1.32155, 1.32209, 0, 0, 0, 0, 0, 0, 0, 0.815807, 0.816851, 0, 0, 0.960863, 0.8721, 0.872631, 0.873903, 0.730808, 0, 0, 0, 0.70755, 0.708198, 0.876807, 0.877733, 0, 0.808068, 0.809148, 0, 0, 0, 0, 0, 0, 0, 0, 0, 0, 0, 0, 0, 0, 0, 0, 0, 0, 0, 0, 0, 0, 0, 0, 0.796409, 0.797525, 0, 0, 0, 0, 0, 0, 0, 0, 0, 0, 0, 0, 0, 0, 0, 0, 0, 1.43541, 1.43649, 1.43739, 1.39629, 1.39755, 0, 0, 0, 0, 0, 0, 0, 0, 0.772255, 0.761806, 0.76285, 0, 0, 0, 0, 0, 0, 0, 0, 0, 0, 0, 0, 0, 0, 0, 0, 0, 0, 0, 0, 0, 0, 0, 0, 0, 0, 0, 0, 0, 0, 0, 0, 0, 0, 0, 0, 0.754674, 0.785357, 0.785972, 0.787338, 0.860404, 0.861493, 0.751218, 0.769804, 0.748972, 0.734123, 0.735947, 0.737027, 0.703129, 1.22011, 1.2075, 1.208, 1.20908, 1.21016, 1.39041, 1.39148, 1.39252, 1.23489, 1.56543, 0, 0, 0, 0, 0, 0, 0, 0, 0, 0.718781, 0.719861, 0, 0.917735, 0.916328, 0, 1.00328, 1.00445, 0, 0, 0, 0, 0, 0, 0, 0.887687, 0.888767, 0.707791, 0.907685, 0.908648, 0, 0.819769, 0.820732, 0.717948, 0.719028, 0.720126, 0, 0, 0, 0, 0, 0, 0.807061, 0.808141, 0.809221, 0.821237, 0.822123, 0, 0.837049, 0.838012, 0.863217, 0.864297, 0.865377, 0.775972, 0.777052, 0.867671, 0.868751, 0.870435, 0.706635, 0.872595, 0.872291, 0.873182, 0.88236, 0.88344, 0.833871, 0.80563, 0.80671, 0, 0, 0, 0, 0, 0, 0, 0, 0.809512, 0.810592, 0.811672, 0, 0.85735, 0, 0, 0.730532, 0.731419, 0.850801, 0.852068, 0.853148, 0.749552, 0.750632, 0.940625, 1.04803, 1.04922, 1.05031, 1.05184, 1.05292, 0.973926, 0.830841, 0.831696, 0, 0.707771, 0.70832, 0, 0, 0, 0, 0, 0, 0, 0, 0, 0, 0, 0, 0, 0, 0, 0, 0, 0, 0, 0, 0, 0, 0, 0, 0, 0, 0, 0.746818, 0.747898, 0.748978, 1.09212, 1.09342, 0.813379, 0.896217, 0.897297, 0, 0, 0, 0, 0, 0, 0, 0.721516, 0.722596, 0.93334, 0.934204, 0.935284, 0.960489, 0.961569, 0.79302, 0, 0.874522, 0.790656, 0.791736, 0.792816, 0.793896, 1.09973, 0.917445, 0.925245, 0.926541, 0.927618, 0.772169, 0.774195, 0.770066, 0.770894, 0.729806, 0.730886, 0.730923, 0.933511, 0.934807, 0.802497, 1.06699, 1.06786, 0.846292, 0.847373, 0.848452, 0.863028, 0.865215, 0.855686, 0.856766, 0.857846, 0.935647, 1.158, 1.15834, 1.24873, 1.24992, 1.25102, 0.869557, 1.08783, 0.785253, 0.786333, 0.787221, 0.788301, 0.762674, 0.721406, 0.722369, 0, 0.742058, 0.727155, 0.817383, 0.788437, 0.788977, 0.795961, 0.797257, 0.782716, 0.783544, 0.784624, 0.709209, 0.795261, 0.773996, 0.712593, 0.713673, 0.904195, 0.857798, 0.858677, 0.915315, 0.916395, 0.832655, 0.981683, 0.982448, 0.982814, 0.98441, 0.934273, 0.76411, 0.76519, 0.870411, 0.871182, 0.872674, 0.820027, 0.821107, 0.741355, 0, 0.892763, 1.01308, 1.01415, 1.01488, 1.01569, 0.893252, 0.874299, 0.875091, 0.875667, 0.864368, 0.822609, 0.823689, 0.824769, 0, 0, 1.08181, 1.08333, 1.0846, 1.01017, 1.01113, 0, 0.911376, 0.844691, 0.845231, 0.845771, 0.861977, 0.783436, 0.784516, 0.998973, 1.00005, 0.930015, 0.931243, 0.932391, 0.799167, 0.878438, 0.853247, 0.85218, 1.04574, 1.04693, 0.73992, 1.03274, 1.03382, 0.955885, 0.957019, 1.25935, 0.816653, 0.817733, 0.923668, 0.924748, 1.26673, 1.32529, 1.32637, 1.32745, 1.34028, 0.84602, 0.700798, 0.798763, 0.97077, 0.897543, 0.898191, 0.899181, 0.933417, 0.859443, 0.860523, 1.06311, 1.06441, 0.932097, 1.19659, 1.19746, 1.06122, 1.0623, 1.12918, 0.997829, 0.998909, 0.999046, 1.13454, 1.13509, 0.94093, 0.941686, 0.973264, 0.893865, 1.05567, 1.05675, 1.17907, 1.18027, 1.18162, 1.04302, 1.15291, 1.36941, 1.37048, 1.37173, 1.3728, 1.01239, 0, 0, 1.02617, 1.02715, 1.06276, 1.06395, 1.06502, 1.03862, 1.0397, 0.975722, 0.802774, 0.803854, 0.982109, 0.98321, 0.979509, 0.980589, 0.981669, 0.951317, 0.865683, 0.973239, 0.974708, 0.975788, 0.910798, 0.911662, 0.847707, 0.861338, 0.862166, 1.03231, 1.14305, 1.14413, 1.17478, 1.17586, 1.28569, 1.28566, 1.28649, 1.10646, 1.10805, 0.929625, 0.931688, 0.932129, 1.00518, 0.888455, 0.888852, 0.982397, 0.983859, 0.865418, 0.865949, 0.89331, 0.967687, 0.969514, 0.970594, 1.09472, 1.0143, 1.01536, 1.00717, 1.00823, 1.09449, 1.0961, 1.09718, 1.18759, 1.18867, 0.951812, 1.00212, 1.0032, 1.18293, 1.18403, 1.18447, 1.1474, 1.14806, 1.00571, 1.00626, 1.01343, 1.01429, 1.01537, 1.06492, 1.066, 0.868404, 0.999281, 1.13248, 0.940295, 1.3478, 1.34887, 1.34968, 1.18658, 1.18764, 1.18872, 1.18958, 1.40917, 1.41025, 1.41155,
0.79237, 1.59968, 1.60473, 1.56376, 1.64216, 1.57069, 0.761842, 0.768149, 1.32379, 1.24434, 1.35087, 1.16912, 1.17238, 0, 0, 0, 1.21401, 1.21969, 1.15525, 1.31011, 1.07889, 0.702101, 0.708092, 1.22572, 1.08535, 1.09135, 0, 0, 0, 0, 0, 0, 1.2094, 1.2157, 1.22064, 1.36908, 1.28828, 0, 0, 0, 1.37623, 1.25137, 2.2561, 2.2624, 3.26698, 2.27664, 2.28358, 1.73297, 1.73928, 0.841141, 1.13066, 1.13555, 1.14012, 1.14643, 1.22882, 0.965121, 1.52813, 1.53475, 1.62203, 1.92203, 1.92865, 1.2793, 1.28571, 1.22003, 0.74769, 1.083, 1.09057, 1.09677, 0.95698, 0.963287, 0.925334, 0.929328, 1.13904, 0.944936, 0.948772, 0.793502, 0.946692, 0, 0.859356, 0.98984, 0.996146, 1.73185, 1.73816, 1.93739, 1.77817, 1.78132, 0.887455, 0.893604, 0, 0, 0.903504, 0.822792, 0.829098, 1.27918, 1.28412, 1.01445, 1.16806, 1.59157, 1.35609, 1.35998, 1.48036, 1.3413, 0.931555, 1.2649, 1.2689, 1.42128, 1.40894, 1.67303, 1.67918, 1.26903, 1.42147, 1.42777, 1.01266, 1.36629, 1.37417, 1.02678, 1.16163, 1.16793, 1.19999, 1.20599, 1.21229, 1.06942, 1.07562, 1.0824, 1.32789, 1.33325, 1.33956, 1.43484, 1.14122, 0.903185, 0.909492, 1.10191, 1.27496, 1.3659, 1.3722, 1.37851, 1.6566, 1.47415, 1.17663, 1.18293, 1.37913, 1.03174, 1.03805, 1.14231, 1.38702, 1.28266, 1.50464, 1.50963, 1.65653, 1.43681, 1.61472, 1.52522, 1.63554, 1.56414, 1.56981, 2.40818, 2.41449, 2.48623, 2.21488, 2.45728, 1.46064, 1.65796, 1.48763, 1.49393, 1.57371, 1.58002, 1.48411, 1.49042, 1.94019, 1.60316, 1.61009, 1.46525, 1.47145, 1.03419, 1.12279, 1.12909, 1.13309, 1.48973, 1.49541, 1.41932, 1.42562, 1.43182, 1.2781, 1.28441, 1.53517, 1.54148, 1.71639, 1.52923, 1.53806, 1.58918, 1.59549, 1.43046, 1.65538, 1.66074, 1.38019, 1.38649, 1.3928, 1.37143, 1.379, 1.62977, 1.63607, 1.79744, 1.61029, 1.61785, 1.47694, 1.48325, 1.6556, 1.86127, 2.13525, 2.14124, 2.14755, 2.22584, 2.15442, 1.80983, 1.92968, 1.82809, 1.80588, 2.00175, 2.00805, 1.94219, 2.50415, 2.49697, 2.36945, 2.53287, 2.53918, 2.61975, 2.54314, 2.55007, 2.37148, 2.70807, 1.71448, 1.72079, 1.72709, 1.73214, 1.40942, 1.41573, 1.78604, 1.79235, 2.05324, 2.16646, 2.17277, 1.93109, 2.38086, 2.15296, 1.91626, 2.22883, 2.48101, 2.0427, 2.04717, 2.1246, 1.87907, 1.85202, 1.85959, 1.86715, 2.18869, 2.195, 1.98547, 2.22155, 2.22691, 1.78744, 2.14408, 2.14944, 2.09613, 2.10244, 2.10906, 1.76166, 2.02993, 1.99347, 1.99978, 2.00609, 2.15813, 2.28428, 2.17256, 2.17887, 2.40553, 2.23751, 1.88834, 2.24498, 2.25035, 2.26665, 2.27296, 2.27927, 2.19404, 2.31189, 2.40865, 2.41495, 2.49507, 2.33679, 2.50768, 2.41192, 2.41759, 2.43409, 2.4404, 2.29182, 2.37128, 2.37759, 2.07977, 2.24008, 2.31095, 2.14349, 2.1498, 2.15611, 2.16338, 2.01031, 2.32084, 2.32714, 2.33345, 2.20982, 2.45102, 2.21748, 2.22253, 2.41504, 2.29457, 2.42166, 2.67369, 2.67999, 2.51082, 2.51713, 2.61473, 2.66102, 2.86514, 2.87155, 2.87801, 2.88432, 2.61174, 2.49118, 2.49591, 2.21844, 2.35049, 2.35396, 2.09869, 2.28781, 2.29396, 2.18126, 2.25435, 2.26044, 2.27804, 2.28434, 2.40559, 2.34503, 2.41757, 2.37512, 2.38174, 2.21673, 2.22293, 2.14411, 2.14915, 2.29404, 2.20859, 2.21489, 2.2212, 2.42687, 2.31511, 2.32173, 2.32814, 2.43458, 2.2206, 2.55407, 2.56037, 2.56668, 2.91505, 2.92262, 2.60208, 2.74822, 2.75453, 2.31422, 2.41919, 2.42203, 2.28508, 2.64063, 2.64441, 2.55048, 2.7577, 2.76401, 2.8072, 3.00112, 3.00743, 3.02374, 3.03005, 2.68139, 2.50134, 2.7695, 2.70661, 2.8094, 2.8157, 2.82206, 3.13398, 2.85833, 2.93958, 2.9462, 3.14903, 2.90011, 2.90552, 2.76983, 2.90431, 2.82618, 2.83249, 2.7116, 3.09296, 2.90645, 2.77945, 3.04919, 3.16784, 2.95344, 2.95975, 2.96605, 2.98477, 2.87719, 3.0239, 3.03021, 3.03652, 3.11984, 3.4795, 3.20158, 3.44483, 3.45145, 3.30731, 2.9299, 3.15377, 2.85534, 2.86164, 3.09739, 3.10369, 3.0851, 2.95133, 3.02317, 2.89085, 3.01246, 2.87779, 3.08531, 2.91556, 2.91872, 2.93872, 2.94629, 2.91894, 3.06807, 3.07438, 2.9157, 3.09286, 2.98113, 2.92567, 2.93197, 3.16797, 3.12562, 3.13129, 3.22638, 3.23268, 3.16622, 3.3329, 3.33637, 3.19491, 3.31235, 3.15568, 2.99107, 2.99738, 3.26981, 3.36375, 3.37069, 3.23857, 3.24488, 3.15838, 2.96878, 3.18078, 3.37471, 3.38091, 3.31504, 3.43046, 3.37096, 3.17953, 3.18347, 3.2932, 3.3618, 3.14532, 3.15163, 3.15794, 3.17083, 3.01775, 3.42805, 3.43341, 3.62728, 3.44262, 3.44798, 3.04903, 3.40849, 3.22408, 3.22723, 3.23039, 3.53319, 3.18633, 3.19264, 3.41114, 3.41744, 3.34356, 3.4394, 3.44602, 3.37022, 3.4555, 3.4279, 3.39356, 3.62966, 3.504, 3.20151, 3.53967, 3.54598, 3.4342, 3.44082, 3.7487, 3.31133, 3.31764, 3.54693, 3.55324, 3.9006, 4.06806, 4.07437, 3.85758, 3.92703, 3.38418, 3.24706, 3.34808, 3.57761, 3.45701, 3.46426, 3.66202, 3.70177, 3.46206, 3.46837, 3.84973, 3.66322, 3.53622, 3.80595, 3.92461, 3.89515, 3.90145, 4.12783, 4.0005, 4.0068, 3.91659, 4.18601, 3.9992, 3.62891, 3.63332, 3.79782, 3.59491, 3.74222, 3.74853, 4.04633, 3.8825, 4.04043, 3.74887, 3.86993, 4.42772, 4.43392, 4.29124, 4.29723, 3.96671, 3.44115, 3.44515, 3.80179, 3.80747, 3.82067, 3.94859, 3.95495, 3.88134, 3.88765, 3.83229, 3.60543, 3.61174, 3.86486, 3.95694, 3.8751, 3.88141, 3.88772, 3.80581, 3.69573, 3.8733, 3.97359, 3.9799, 3.87013, 3.87422, 3.74331, 3.73341, 3.73814, 3.9135, 4.2354, 4.24171, 4.39829, 4.40459, 4.51965, 4.30928, 4.37828, 4.08309, 4.14445, 3.91558, 4.02121, 3.96293, 4.10037, 3.89349, 3.8958, 3.96858, 4.01437, 3.85479, 3.85789, 3.97761, 4.00612, 4.01081, 4.01711, 4.17572, 4.14431, 4.1503, 4.0157, 4.18266, 4.24521, 4.10561, 4.11192, 4.38345, 4.20197, 4.0776, 4.19543, 4.20174, 4.3867, 4.39332, 4.37175, 4.21758, 4.22168, 4.06025, 4.0634, 4.11136, 4.11609, 4.12239, 4.17717, 4.18348, 3.95171, 4.08525, 4.38643, 4.16084, 4.61092, 4.61712, 4.59599, 4.34073, 4.34672, 4.35303, 4.35808, 4.5476, 4.5539, 4.56053,
0, 1.3561, 1.35744, 1.35911, 1.43248, 1.43388, 0, 0, 1.19667, 1.19744, 1.19841, 1.05166, 1.05243, 0, 0, 0, 1.06889, 1.07037, 1.07122, 1.07254, 0.984214, 0, 0, 0.969511, 0.971029, 0.972415, 0, 0, 0, 0, 0, 0, 1.0412, 1.04252, 1.0438, 1.04534, 0.974243, 0, 0, 0, 0, 0, 1.39772, 1.39904, 2.05634, 2.05798, 2.05926, 1.50401, 1.50533, 0, 0.804087, 0.80485, 0.806067, 0.807387, 0.808465, 0, 1.25673, 1.25807, 1.25933, 1.55442, 1.55601, 0.983012, 0.984398, 0.913732, 0, 0.767727, 0.769311, 0.770565, 0, 0, 0, 0, 0, 0, 0, 0, 0, 0, 0, 0, 0, 1.22818, 1.2295, 1.37436, 1.37601, 1.37667, 0, 0, 0, 0, 0, 0, 0, 0.822853, 0.824129, 0, 0.714267, 0.855762, 0.767204, 0.767974, 0.769495, 0, 0, 0, 0, 0.831244, 0.832069, 0.980075, 0.981164, 0.765653, 0.912104, 0.913424, 0, 0.841965, 0.843483, 0, 0, 0, 0, 0, 0, 0, 0, 0, 0, 0, 0, 0, 0, 0, 0, 0, 0, 0, 0, 0, 0.711962, 0.702597, 0, 0, 0.719799, 0, 0, 0, 0, 0, 0, 0, 0, 0, 0, 0, 0, 0, 0, 1.45654, 1.45786, 1.46665, 1.4674, 1.47349, 0, 0, 0, 0, 0, 0, 0, 0, 1.00279, 0.80608, 0.807356, 0, 0, 0, 0, 0, 0, 0, 0, 0, 0, 0, 0, 0, 0, 0, 0, 0, 0, 0, 0, 0, 0, 0, 0, 0, 0, 0, 0, 0, 0, 0, 0, 0, 0, 0, 0, 0.813189, 0.964503, 0.965253, 0.966923, 1.04023, 1.04162, 0.767012, 0.808104, 0.809118, 0.737751, 0.907165, 0.908485, 0.905273, 1.32803, 1.31552, 1.31619, 1.31751, 1.31883, 1.46793, 1.46932, 1.47059, 1.28696, 1.4504, 0, 0, 0, 0, 0, 0, 0, 0, 0, 0, 0, 0, 1.0058, 0.994374, 0.751919, 0.861588, 1.00164, 0, 0, 0, 0, 0, 0, 0, 0.978747, 0.980067, 0.766505, 1.00086, 1.002, 0, 0.913421, 0.914565, 0.856265, 0.857585, 0.858838, 0, 0.771077, 0.728343, 0.729663, 0.730983, 0.789884, 0.780814, 0.782134, 0.783454, 0.795754, 0.796836, 0, 0.934541, 0.935685, 0.947007, 0.948327, 0.949647, 0.860434, 0.861754, 0.768761, 0.770081, 0.827411, 0, 0.830051, 0.831919, 0.833007, 0.933234, 0.934554, 0.885309, 0.79591, 0.79723, 0, 0, 0, 0, 0, 0, 0, 0, 0.847237, 0.848557, 0.849877, 0.754049, 0.916306, 0.73832, 0.739904, 0.790284, 0.791368, 0.834274, 0.835823, 0.837143, 0.733793, 0.735114, 1.10277, 1.14407, 1.14553, 1.14691, 1.14877, 1.15009, 1.07242, 0.949372, 0.950384, 0, 0.798977, 0.799681, 0, 0, 0, 0, 0, 0, 0.701303, 0.702623, 0.770178, 0.751345, 0.772998, 0.773647, 0.774912, 0, 0, 0, 0, 0, 0, 0, 0, 0.748835, 0, 0, 0, 0.764311, 0, 0.875153, 0.876473, 0.877793, 1.22118, 1.22276, 0.895469, 1.03701, 1.03833, 0, 0, 0, 0, 0.909816, 0.910608, 0.810414, 0.998073, 0.999393, 1.05211, 1.05316, 1.05448, 1.06581, 1.06713, 0.89895, 0.716398, 0.980884, 0.912016, 0.913336, 0.914656, 0.915976, 1.2165, 1.03438, 1.04245, 1.04404, 1.04526, 0.792436, 0.795548, 0, 0.785754, 0.820212, 0.821532, 0.821577, 0.936308, 0.937892, 0.805852, 1.0706, 1.07167, 0.8814, 0.88272, 0.88404, 0.898729, 0.888844, 1.06859, 1.06991, 1.07123, 1.14919, 1.25232, 1.25287, 1.3433, 1.34475, 1.346, 0.964043, 1.13099, 0.828865, 0.830185, 0.896915, 0.898235, 0.89935, 0.80097, 0.828407, 0.772836, 0.822334, 0.780391, 0.890993, 0.891763, 0.892423, 0.912217, 0.913801, 0.828102, 0.847359, 0.848679, 0.796077, 0.872936, 0.86126, 0.807865, 0.809185, 0.94368, 0.897679, 0.898753, 0.95566, 0.95698, 0.886819, 1.03555, 1.03652, 1.03696, 1.03888, 0.98894, 0.833734, 0.835054, 0.991518, 0.992461, 0.994285, 0.941794, 0.943113, 0.833928, 0.768459, 1.01183, 1.12893, 1.13018, 1.13112, 1.1322, 0.98728, 0.968623, 0.969558, 0.970295, 0.959321, 0.897594, 0.898914, 0.900234, 0.749887, 0.751185, 1.15788, 1.15973, 1.19016, 1.191, 1.19214, 0.787888, 0.93235, 0.865719, 0.866379, 0.867072, 0.972753, 0.902754, 0.904074, 1.11886, 1.12018, 0.989515, 0.991104, 0.992419, 0.820478, 0.834145, 0.80923, 0.808463, 1.00236, 1.00381, 0.853042, 1.1866, 1.18792, 1.06977, 1.07103, 1.27225, 0.829855, 0.831175, 0.938777, 0.940097, 1.115, 1.17387, 1.17519, 1.17651, 1.18961, 0.86922, 0.817808, 0.872967, 0.911007, 0.837944, 0.838736, 0.942351, 0.977073, 0.978657, 0.979977, 1.09471, 1.09629, 0.964252, 1.229, 1.23007, 1.29345, 1.29477, 1.29734, 1.19958, 1.2009, 1.20107, 1.33694, 1.33762, 1.09234, 1.09326, 1.11649, 1.04587, 1.18816, 1.18948, 1.31201, 1.31348, 1.31513, 1.08625, 1.19641, 1.68812, 1.68938, 1.69096, 1.69235, 1.33226, 0.825985, 0.826821, 1.18118, 1.18226, 1.18233, 1.18378, 1.18504, 1.15911, 1.16043, 1.10217, 0.946657, 0.947977, 1.19616, 1.1975, 1.19405, 1.19537, 1.19669, 1.11084, 0.995725, 1.16969, 1.17148, 1.1728, 1.10803, 1.10909, 1.01848, 1.00602, 1.00706, 1.17744, 1.39007, 1.39139, 1.43198, 1.4333, 1.54337, 1.54333, 1.54435, 1.30718, 1.30912, 1.13085, 1.17371, 1.17428, 1.21834, 1.10151, 1.102, 1.06559, 1.06741, 0.948914, 0.94953, 0.977217, 1.05184, 1.05407, 1.05539, 1.17963, 1.17228, 1.17366, 1.1733, 1.20528, 1.22262, 1.22459, 1.22591, 1.31656, 1.31788, 1.1983, 1.21043, 1.21175, 1.39173, 1.39298, 1.39353, 1.30936, 1.31009, 1.09828, 1.09899, 1.19289, 1.19391, 1.19523, 1.24502, 1.24634, 1.01003, 1.09531, 1.30796, 1.11624, 1.5239, 1.52516, 1.52624, 1.36731, 1.3687, 1.37002, 1.37107, 1.36371, 1.36503, 1.36661,
0, 1.50185, 1.50335, 1.56112, 1.55644, 1.55826, 0.744405, 0.745895, 1.37245, 1.1988, 1.37328, 1.18956, 1.19046, 0, 0, 0, 1.26415, 1.26549, 1.074, 1.36509, 0.986451, 0.744444, 0.746232, 1.26251, 0.974162, 0.97595, 0, 0, 0, 0, 0, 0, 1.04576, 1.04725, 1.04841, 1.30816, 1.05522, 0, 0, 0, 0, 0, 1.40498, 1.40647, 2.16889, 2.06495, 2.06612, 1.5119, 1.51339, 0, 0.987057, 1.00605, 0.989292, 0.990782, 0.959736, 0.707462, 1.26526, 1.26672, 1.44291, 1.73841, 1.73998, 0.992117, 0.993905, 0.923239, 0, 0.777764, 0.779328, 0.78052, 0, 0, 0, 0, 0.891603, 0.7719, 0.773464, 0, 0, 0, 0, 0, 0, 1.45193, 1.45342, 1.46842, 1.38946, 1.39069, 0, 0, 0, 0, 0, 0, 0, 0.837672, 0.838839, 0, 0.868992, 1.16088, 0.782064, 0.783405, 0.945509, 0.818428, 0, 0.906355, 0.907547, 1.06778, 1.02366, 1.17197, 1.15598, 0.782904, 0.929001, 0.930491, 0, 0.859372, 0.860638, 0, 0, 0, 0, 0, 0, 0, 0, 0, 0.709933, 0.712019, 0.713509, 0.806042, 0, 0, 0, 0, 0, 0, 0, 0, 0.885418, 0.724083, 0, 0, 0.801271, 0, 0, 0, 0.860677, 0, 0.771864, 0.773044, 0.826262, 0, 0.732273, 0, 0.74756, 0.721909, 0.72325, 1.55446, 1.55595, 1.70793, 1.49264, 1.72328, 0.724018, 0.912536, 0, 0, 0.716719, 0.718209, 0.807033, 0.808523, 1.25399, 0.905863, 0.90708, 0, 0, 0, 0, 0, 0, 0.703382, 0.704226, 0, 0, 0, 0, 0, 0.711501, 0.712991, 0.904808, 0.740286, 0.742372, 0.752778, 0.754268, 0, 0, 0, 0, 0, 0, 0, 0, 0.73385, 0.73534, 0.893309, 0, 0.701043, 0, 0, 0.883197, 1.08403, 1.23547, 1.11781, 1.20217, 1.19752, 1.19931, 0.851219, 0.995231, 0.922746, 0.938702, 1.26729, 1.26878, 1.24353, 1.85643, 1.84313, 1.35155, 1.49559, 1.49708, 1.67863, 1.50544, 1.5066, 1.32316, 1.53253, 0, 0, 0, 0, 0, 0, 0, 0, 0.828047, 0.950189, 0.951679, 0.856251, 1.30172, 1.03358, 0.791274, 0.905138, 1.1539, 0.7126, 0.713419, 0.786857, 0.704596, 0.715332, 0.716748, 0.717939, 1.01993, 1.02142, 0.80811, 1.04254, 1.04369, 0, 0.955035, 0.956189, 0.898059, 0.899549, 0.900741, 0, 0.851387, 0.80891, 0.8104, 0.81189, 0.989132, 0.891559, 0.826309, 0.827799, 0.980816, 0.8421, 0, 0.978874, 0.980029, 0.991521, 0.993011, 0.994501, 0.943384, 1.04275, 0.949927, 0.951417, 1.00853, 0.801726, 0.969973, 1.14138, 1.14272, 1.24335, 1.24484, 0.983911, 0.865464, 0.866954, 0, 0.751087, 0.753994, 0, 0, 0, 0, 0, 0.89704, 0.89853, 0.900019, 0.858488, 1.08305, 0.788814, 0.790379, 0.957147, 0.841849, 0.885162, 1.13982, 1.14131, 0.967322, 0.968812, 1.15396, 1.26888, 1.4914, 1.49319, 1.49526, 1.49675, 1.14497, 1.1205, 1.12179, 0.720476, 0.858304, 0.859062, 0, 0.803305, 0.804497, 0, 0.770489, 0.771606, 0.7731, 0.77459, 0.950268, 0.867584, 0.953099, 0.84553, 0.846585, 0, 0, 0, 0, 0.7295, 0, 0, 0, 0.804655, 0.715293, 0.716857, 0.718322, 0.825858, 0, 0.937045, 0.938535, 0.940024, 1.27945, 1.28064, 0.953306, 1.09481, 1.0963, 0, 0.761097, 0.761768, 0, 0.973384, 0.974278, 0.869748, 1.05834, 1.05983, 1.11122, 1.23272, 1.23421, 1.27291, 1.2744, 0.95878, 0.777261, 1.07934, 1.11925, 1.25065, 1.25214, 1.2536, 1.35241, 1.09554, 1.10554, 1.10673, 1.15861, 0.906452, 0.92214, 0.808862, 0.912704, 0.97802, 0.951719, 0.886615, 1.16124, 1.00304, 0.870115, 1.17249, 1.24728, 1.06573, 1.06722, 1.06871, 1.06333, 1.00187, 1.18185, 1.18334, 1.18483, 1.26297, 1.55526, 1.31891, 1.69985, 1.7009, 1.41249, 1.03049, 1.21606, 0.914504, 0.915994, 1.14831, 1.1498, 1.14204, 1.00378, 1.07215, 0.906622, 1.06673, 0.957955, 1.16447, 1.0412, 1.04194, 1.07568, 1.07747, 0.991995, 1.12056, 1.12205, 0.865845, 1.06057, 0.953318, 0.939432, 0.940921, 1.11485, 1.06954, 1.07088, 1.13581, 1.1373, 1.07377, 1.27423, 1.2752, 1.11016, 1.35534, 1.16917, 1.03839, 1.03988, 1.30889, 1.21281, 1.21407, 1.12339, 1.12488, 1.01632, 0.904629, 1.10242, 1.3032, 1.30439, 1.20485, 1.3341, 1.18978, 1.04297, 1.04375, 1.16036, 1.11736, 0.972294, 0.973784, 0.975274, 0.871622, 0.827344, 1.23528, 1.23655, 1.31288, 1.26819, 1.26934, 0.864981, 1.02355, 0.943084, 0.943829, 0.944611, 1.13621, 0.980613, 0.982102, 1.21649, 1.21798, 1.08752, 1.17746, 1.17865, 1.05053, 1.07177, 0.98864, 0.918918, 1.15222, 1.08415, 0.933344, 1.30048, 1.30197, 1.15028, 1.15147, 1.35283, 0.910943, 0.912433, 1.07363, 1.07512, 1.23844, 1.45011, 1.4516, 1.34826, 1.52455, 1.15065, 0.928449, 1.02975, 1.1218, 0.921032, 0.922745, 1.0836, 1.11947, 1.06392, 1.06541, 1.34004, 1.18183, 1.04891, 1.35129, 1.42607, 1.48991, 1.4914, 1.55019, 1.41344, 1.41493, 1.28792, 1.5903, 1.57961, 1.21629, 1.21733, 1.43204, 1.15235, 1.29471, 1.2962, 1.63372, 1.40201, 1.53241, 1.23574, 1.36909, 1.90573, 1.90692, 1.77948, 1.78127, 1.46084, 0.915145, 0.916076, 1.27017, 1.27103, 1.35246, 1.53606, 1.53756, 1.33283, 1.33432, 1.22146, 1.03825, 1.03974, 1.28786, 1.45066, 1.28501, 1.2865, 1.28799, 1.24786, 1.08804, 1.26215, 1.40887, 1.41036, 1.29662, 1.29744, 1.12525, 1.09834, 1.0998, 1.27167, 1.59802, 1.59951, 1.78185, 1.78334, 1.89338, 1.63814, 1.78763, 1.42224, 1.77912, 1.33626, 1.48712, 1.37988, 1.57299, 1.28497, 1.28552, 1.23354, 1.27615, 1.11188, 1.11255, 1.23128, 1.25482, 1.34858, 1.35007, 1.47423, 1.467, 1.46878, 1.30767, 1.48494, 1.47601, 1.32125, 1.32274, 1.69963, 1.52638, 1.40698, 1.56821, 1.5697, 1.72655, 1.72774, 1.70417, 1.52494, 1.52587, 1.26499, 1.26575, 1.29164, 1.29295, 1.29444, 1.34524, 1.34673, 1.1104, 1.2498, 1.54751, 1.31838, 1.7631, 1.76429, 1.83367, 1.5387, 1.54048, 1.54197, 1.54376, 1.46622, 1.46771, 1.4689,
0, 1.45642, 1.45861, 1.49594, 1.65021, 1.65182, 0.838411, 0.839971, 0.885085, 0, 0.817878, 0, 0, 0, 0, 1.21332, 1.81999, 1.82249, 1.63205, 1.92319, 0.942569, 0.83934, 0.840822, 1.35732, 1.06961, 1.07114, 0, 0, 0, 0, 0, 0, 1.00245, 1.00401, 1.00551, 1.26534, 1.0312, 0, 0, 0, 0, 0, 0.850716, 0.852276, 1.61489, 1.51189, 1.5134, 2.07155, 2.07311, 1.24965, 1.54764, 1.56598, 1.54998, 1.55154, 1.52028, 1.26839, 0.713251, 0.714733, 0.959159, 1.25455, 1.25642, 1.09043, 1.09198, 0.882387, 0, 0.736814, 0.738686, 0.740259, 0, 0, 0, 0, 0.797787, 0.776876, 0.778371, 0, 0, 0, 0, 0, 0, 0.901064, 0.902624, 0.917646, 0.838751, 0.839531, 0, 0, 0, 0, 0, 0, 0, 0.773091, 0.774599, 0, 0.804025, 1.09626, 0.743419, 0.744186, 0.906651, 0.785097, 0, 1.00646, 1.00763, 1.16792, 1.12375, 1.27183, 1.25635, 0.739329, 0.890459, 0.892019, 0, 0.82104, 0.822938, 0, 0, 0, 0, 0, 0, 0, 0, 0, 0.718147, 0.720331, 0.721891, 0.767429, 0, 0, 0, 0, 0, 0, 0, 0, 0.848704, 0, 0, 0, 0.765075, 0, 0, 0, 0.811814, 0, 0, 0, 0.75344, 0, 0, 0, 0.768883, 0.743301, 0.745797, 1.00894, 1.0105, 1.16255, 0.946716, 1.17698, 0.734654, 0.886213, 0, 0, 0, 0, 0.818084, 0.819644, 1.19347, 0.846124, 0.84784, 0, 0, 0, 0, 0, 0, 0, 0, 0, 0, 0, 0, 0, 0.723796, 0.725356, 0.948012, 0.752738, 0.754922, 0.765437, 0.766997, 0, 0.703193, 0.704987, 0, 0, 0, 0, 0, 0.747196, 0.748756, 0.908032, 0.712759, 0.714631, 0, 0, 0.851773, 1.05262, 1.20395, 1.09805, 1.15091, 1.30526, 1.30679, 0.958591, 1.5664, 1.49379, 1.49294, 1.83838, 1.83994, 1.20203, 1.81519, 1.95153, 1.45996, 1.60404, 1.6056, 1.20566, 0.964385, 0.965893, 0.782575, 0.991691, 0, 0, 0, 0, 0, 0, 0, 0, 0.844037, 0.869072, 0.870632, 0.872504, 1.24633, 0.979052, 0.736815, 0.850757, 1.09972, 0.729301, 0.730094, 0.823859, 0.721424, 0.732059, 0.733697, 0.734945, 0.965897, 0.967457, 0.753949, 0.98848, 0.989871, 0, 0.926449, 0.92784, 0.86978, 0.87134, 0.872926, 0, 0.869163, 0.826617, 0.828177, 0.829737, 0.986498, 0.889114, 0.823935, 0.825495, 0.978278, 0.824638, 0, 0.951409, 0.9528, 0.964362, 0.965922, 0.967482, 0.962264, 1.03597, 0.94322, 0.944781, 1.00241, 0.795229, 0.966489, 1.12024, 1.12273, 1.22325, 1.22481, 1.00358, 0.885185, 0.886744, 0, 0.770964, 0.814196, 0.709886, 0.711446, 0.713006, 0, 0, 0.909809, 0.911369, 0.912929, 0.908699, 1.13309, 0.91858, 0.920452, 1.06173, 0.842356, 0.885555, 1.14029, 1.14185, 0.98851, 0.99007, 1.73247, 1.8474, 2.06981, 2.07134, 2.07312, 1.44675, 1.09501, 1.07057, 1.07174, 0.700528, 0.848038, 0.848896, 0, 0.835056, 0.836304, 0, 0.792596, 0.793831, 0.791846, 0.793406, 1.04141, 0.95988, 1.04547, 0.937847, 0.939485, 0, 0, 0, 0, 0.752496, 0, 0, 0, 0.821029, 0.73864, 0.740122, 0.741604, 0.849257, 0, 0.960775, 0.962335, 0.963895, 1.23162, 1.23349, 0.906465, 1.04836, 1.04992, 0, 0.785162, 0.786046, 0, 0.99779, 0.998726, 0.894272, 1.04705, 1.04861, 1.0905, 1.22282, 1.22438, 1.25208, 1.25364, 0.949787, 0.802416, 1.10461, 1.11046, 1.24193, 1.24349, 1.24497, 1.35286, 1.09577, 1.14302, 1.14489, 1.19685, 0.950549, 0.954163, 0.839916, 0.945112, 0.982159, 0.98367, 0.907303, 1.17731, 1.02424, 0.89667, 1.19918, 1.23677, 1.03427, 1.03583, 1.03739, 0.961055, 0.917518, 1.098, 1.09956, 1.10112, 1.24861, 1.53694, 1.3004, 1.65559, 1.65731, 1.3693, 0.987611, 1.17326, 0.949546, 0.951106, 1.18368, 1.18524, 1.17781, 1.03194, 1.05522, 0.934976, 1.10541, 0.986373, 1.16559, 1.06974, 1.07052, 1.10424, 1.10611, 1.02075, 1.14524, 1.1468, 0.890767, 1.0853, 0.98218, 0.968378, 0.969938, 1.06518, 1.09857, 1.10107, 1.16608, 1.16764, 1.04923, 1.24996, 1.25121, 1.08635, 1.33146, 1.19901, 0.980249, 0.981809, 1.25107, 1.1553, 1.15746, 1.10968, 1.11124, 1.02482, 0.935154, 1.08743, 1.28804, 1.28962, 1.19015, 1.36168, 1.21996, 1.099, 1.10014, 1.21523, 1.15871, 1.01397, 1.01553, 1.01709, 0.902997, 0.858803, 1.20307, 1.20525, 1.28177, 1.23697, 1.23836, 0.896826, 1.05552, 0.975041, 0.975821, 0.976601, 1.16834, 1.01277, 1.01433, 1.24878, 1.25034, 1.11997, 1.14272, 1.1446, 1.06347, 1.10185, 1.0206, 0.951825, 1.08477, 1.03882, 0.888317, 1.26238, 1.26394, 1.11231, 1.11394, 1.31547, 0.944433, 0.945993, 1.10727, 1.10883, 1.27227, 1.43997, 1.44153, 1.38223, 1.59098, 1.21824, 0.967594, 1.06216, 1.15428, 0.948345, 0.949281, 1.13018, 1.16802, 1.09294, 1.0945, 1.36451, 1.21144, 1.08387, 1.38638, 1.42397, 1.48793, 1.48949, 1.57666, 1.44028, 1.44216, 1.31559, 1.61779, 1.57481, 1.25207, 1.25316, 1.40922, 1.1883, 1.33068, 1.33224, 1.6791, 1.44777, 1.57824, 1.28189, 1.95563, 2.49881, 2.5004, 2.37297, 2.37451, 1.49758, 0.951962, 0.952899, 1.26111, 1.26253, 1.27428, 1.42525, 1.42684, 1.2223, 1.22386, 1.19494, 1.06174, 1.0633, 1.31187, 1.47472, 1.31934, 1.3209, 1.32246, 1.19781, 1.03808, 1.2124, 1.35919, 1.36075, 1.30253, 1.30377, 1.1318, 1.10498, 1.10618, 1.31977, 1.64632, 1.64788, 1.83055, 1.83211, 1.86055, 1.60538, 1.75494, 1.38948, 1.74657, 1.37544, 1.46676, 1.41914, 1.48067, 1.32427, 1.32484, 1.27291, 1.29503, 1.15133, 1.15206, 1.25035, 1.30142, 1.39555, 1.39711, 1.50136, 1.49434, 1.46828, 1.34775, 1.50459, 1.49604, 1.34213, 1.34369, 1.72095, 1.56691, 1.44757, 1.47695, 1.47851, 1.69562, 1.69749, 1.67393, 1.49464, 1.49565, 1.18647, 1.18726, 1.19283, 1.19406, 1.19562, 1.30857, 1.31013, 1.07391, 1.19154, 1.48931, 1.36002, 1.73416, 1.73575, 1.80491, 1.50968, 1.51116, 1.51272, 1.51397, 1.43663, 1.43819, 1.44006,
0, 1.44805, 1.44361, 1.47575, 1.62503, 1.62017, 0.800189, 0.79596, 0.834202, 0, 0.759393, 0, 0, 0, 0, 1.13689, 1.73509, 1.73181, 1.53564, 1.82102, 0.83541, 0.727432, 0.723414, 1.23089, 0.938035, 0.933876, 0, 0, 0, 0, 0, 0, 0.825269, 0.821039, 0.817585, 1.07258, 0.834097, 0, 0, 0, 0, 0, 0, 0, 1.36676, 1.2582, 1.25475, 1.80813, 1.8039, 0.976133, 1.26556, 1.27997, 1.25922, 1.25499, 1.2191, 0.959746, 0, 0, 0, 0.921714, 0.91833, 0.746678, 0.74266, 0, 0, 0, 0, 0, 0, 0, 0, 0, 0, 0, 0, 0, 0, 0, 0, 0, 0, 0, 0, 0, 0, 0, 0, 0, 0, 0, 0, 0, 0, 0, 0, 0, 0, 0, 0, 0, 0, 0, 0, 0, 0, 0, 0, 0, 0, 0, 0, 0, 0, 0, 0, 0, 0, 0, 0, 0, 0, 0, 0, 0, 0, 0, 0, 0, 0, 0, 0, 0, 0, 0, 0, 0, 0, 0, 0, 0, 0, 0, 0, 0, 0, 0, 0, 0, 0, 0, 0, 0, 0, 0, 0, 0, 0, 0, 0, 0, 0, 0, 0, 0, 0, 0, 0, 0, 0, 0, 0, 0, 0, 0, 0, 0, 0, 0, 0, 0, 0, 0, 0, 0, 0, 0, 0, 0, 0, 0, 0, 0, 0, 0, 0, 0, 0, 0, 0, 0, 0, 0, 0, 0, 0, 0, 0, 0, 0, 0, 0, 0, 0, 0, 0, 0, 0, 0, 0, 0, 0, 0.732583, 0, 0, 0, 0, 0, 0, 0, 0, 0, 0, 0, 0, 0, 0, 0, 0, 0, 0, 0, 0, 0, 0, 0, 0, 0, 0, 0, 0, 0, 0, 0, 0, 0, 0, 0, 0, 0, 0, 0, 0, 0, 0, 0, 0, 0, 0, 0, 0, 0, 0, 0, 0, 0, 0, 0, 0, 0, 0, 0, 0, 0, 0, 0, 0, 0, 0, 0, 0, 0, 0, 0, 0, 0, 0, 0, 0, 0, 0, 0, 0, 0, 0, 0, 0, 0, 0, 0, 0, 0, 0, 0, 0, 0, 0, 0, 0, 0, 0, 0, 0, 0, 0, 0, 0, 0, 0, 0, 0, 0, 0, 0, 0, 0, 0, 0, 0, 0, 0, 0, 0, 0, 0, 0, 0, 0, 0, 0, 0, 0, 0, 0, 0, 0, 0, 0, 0, 0, 0, 0, 0, 0, 0, 0, 0, 0, 0, 0, 0, 0, 0, 0, 0, 0, 0, 0, 0, 0, 0, 0, 0, 0, 0, 0, 0, 0, 0, 0, 0, 0, 0, 0, 0, 0, 0, 0, 0, 0, 0, 0, 0, 0, 0, 0, 0, 0, 0, 0, 0, 0, 0, 0, 0, 0, 0, 0, 0, 0, 0, 0, 0, 0, 0, 0, 0, 0, 0, 0, 0, 0, 0, 0, 0, 0, 0, 0, 0, 0, 0, 0, 0, 0, 0, 0, 0, 0, 0, 0, 0, 0, 0, 0, 0, 0, 0, 0, 0, 0, 0, 0, 0, 0, 0, 0, 0, 0, 0, 0, 0, 0, 0, 0, 0, 0, 0, 0, 0, 0, 0, 0, 0, 0, 0, 0, 0, 0, 0, 0, 0, 0, 0, 0, 0, 0, 0, 0, 0, 0, 0, 0, 0, 0, 0, 0, 0, 0, 0, 0, 0, 0, 0, 0, 0, 0, 0, 0, 0, 0, 0, 0, 0, 0, 0, 0, 0, 0, 0, 0, 0, 0, 0, 0, 0, 0, 0, 0, 0, 0, 0, 0, 0, 0, 0, 0, 0, 0, 0, 0, 0, 0, 0, 0, 0, 0, 0, 0, 0, 0, 0, 0, 0, 0, 0, 0, 0, 0, 0, 0, 0, 0, 0, 0, 0, 0, 0, 0, 0, 0, 0, 0, 0, 0, 0, 0, 0, 0, 0, 0, 0, 0, 0, 0, 0, 0, 0, 0, 0, 0, 0, 0, 0, 0, 0, 0, 0, 0, 0, 0, 0, 0, 0, 0, 0, 0, 0, 0, 0, 0, 0, 0, 0, 0, 0, 0, 0, 0, 0, 0, 0, 0, 0, 0, 0, 0, 0, 0, 0, 0, 0, 0, 0, 0, 0, 0,
0, 0.790134, 0.791967, 0.875339, 1.46257, 1.46445, 1.35528, 1.35708, 1.602, 0, 0.800227, 0, 0, 0, 0, 1.31438, 1.52079, 1.52367, 1.23573, 1.51204, 0, 1.3434, 1.34511, 1.52534, 1.22011, 1.22188, 0, 0, 0, 0, 0, 0, 0, 0, 0, 0.703314, 0, 0, 0, 0, 0, 0, 0, 0, 0.858403, 0.776099, 0.777779, 1.33622, 1.33802, 2.08616, 2.23696, 2.28163, 2.23966, 2.24146, 1.35042, 1.23881, 0, 0, 1.6874, 1.70394, 1.7061, 1.26466, 1.26644, 0, 0, 0, 0, 0, 0, 0, 0, 0, 0, 0, 0, 0, 0, 0, 0, 0, 0, 0.849627, 0.851427, 0.866857, 0.813126, 0.814026, 0, 0, 0, 0, 0, 0, 0, 0, 0, 0, 0.825961, 0.890902, 0, 0, 0, 0, 0, 1.52073, 1.91528, 1.91566, 1.85478, 1.86263, 1.46857, 0, 0, 0, 0, 0.704749, 0.706879, 0, 0, 0, 0, 0, 0, 0, 0, 0, 0, 0, 0, 0, 0, 0, 0, 0, 0, 0, 0, 0, 0.709916, 0, 0, 0, 0.796925, 0, 0, 0, 0, 0, 0, 0, 0, 0, 0, 0, 0, 0, 0, 0.972767, 0.974567, 0.968442, 0.937686, 1.12319, 0, 0.775972, 0, 0, 0, 0, 0, 0, 0.998501, 0.88473, 0.88641, 0, 0, 0, 0, 0, 0, 0.709297, 0.710887, 0, 0, 0, 0, 0, 0, 0, 0.800992, 0, 0, 0, 0, 0, 0, 0, 0, 0, 0, 0, 0, 0, 0, 0.76469, 0, 0, 0, 0, 0.898807, 1.12638, 1.12861, 1.09876, 1.18211, 1.76944, 1.77122, 1.5648, 2.49027, 2.36786, 1.6777, 2.17278, 2.17458, 1.25218, 1.33022, 1.88698, 1.60238, 1.71336, 1.71516, 1.9719, 0.973746, 0.975426, 0.834756, 1.04418, 0, 0, 0, 0, 0, 0, 0, 0, 0.702961, 0.705784, 0.707584, 0, 1.05938, 0.92995, 0.792892, 0.907087, 0.96185, 0, 0, 0.734841, 0.718083, 0.76151, 0.76328, 0.76472, 1.01657, 1.01837, 0.812647, 0.965051, 0.966671, 0, 0.9035, 0.90512, 0.928718, 0.930518, 0.932288, 0, 0.850834, 0.829947, 0.831747, 0.833547, 0.951718, 0.810011, 0.778473, 0.780273, 0.930719, 0.77731, 0, 0.9323, 0.93392, 0.975922, 0.977722, 0.979522, 0.896328, 0.931451, 0.888006, 0.889806, 0.91573, 0.708819, 0.910977, 1.03443, 1.03731, 1.12388, 1.12568, 0.943974, 0.763623, 0.765423, 0, 0, 0, 0, 0, 0, 0, 0, 0.988175, 0.989975, 0.991775, 1.1845, 1.33258, 0.91268, 0.91484, 1.02542, 0.837212, 0.849573, 1.01804, 1.01984, 0.875262, 0.877062, 1.79944, 1.92047, 1.95264, 1.95447, 2.21586, 1.33032, 1.16925, 1.14493, 1.14637, 0.775207, 0.922879, 0.923824, 0.708942, 0.777235, 0.778675, 0, 0, 0, 0.867899, 0.869699, 1.24974, 1.15119, 1.25442, 1.05833, 1.06001, 0.714498, 0.716268, 0, 0, 0.751253, 0, 0, 0, 0.820862, 0.762354, 0.764064, 0.765774, 0.801745, 0.711305, 0.762698, 0.764498, 0.766298, 1.03418, 1.03634, 0.988642, 1.04344, 1.04524, 0, 0.788504, 0.789524, 0.729666, 0.848117, 0.849197, 0.744836, 0.898005, 0.899805, 1.09274, 1.31993, 1.32173, 1.36374, 1.36554, 1.06024, 0.836316, 1.06058, 1.19708, 1.2322, 1.234, 1.23582, 1.11113, 0.90371, 0.966748, 0.968908, 1.04726, 0.967776, 0.97205, 0.846119, 0.988819, 1.02595, 1.0277, 0.959155, 0.964075, 0.818797, 0.743656, 0.994263, 1.06028, 1.07958, 1.08138, 1.08318, 1.01916, 1.01386, 1.1953, 1.1971, 1.1989, 1.28316, 1.24912, 1.10835, 1.44855, 1.45053, 1.17779, 1.08221, 1.26812, 1.04468, 1.04648, 1.09794, 1.09974, 1.09278, 1.01922, 1.12729, 1.00731, 1.17793, 1.05918, 1.23848, 1.1329, 1.1338, 1.16781, 1.16997, 1.09746, 1.09878, 1.10058, 0.962569, 1.01387, 0.981264, 0.939874, 0.941674, 1.00237, 1.03598, 1.03886, 1.14989, 1.15169, 1.1911, 1.08684, 1.08828, 0.937358, 1.16907, 1.03688, 1.08258, 1.08438, 1.17196, 1.10377, 1.10625, 1.04055, 1.04235, 0.979941, 0.920856, 1.19194, 1.41913, 1.4209, 1.32156, 1.49336, 1.35182, 1.12832, 1.12962, 1.23398, 1.17333, 1.02885, 1.03065, 1.03245, 0.918581, 0.874511, 1.21902, 1.22154, 1.26261, 1.19554, 1.19716, 0.855821, 0.998564, 0.976723, 0.977623, 0.978523, 1.01162, 0.884793, 0.886593, 1.09295, 1.09475, 1.18065, 1.20368, 1.20584, 1.08734, 1.09016, 0.981612, 0.913218, 1.04638, 1.00473, 1.00147, 1.37588, 1.37768, 1.22615, 1.22804, 1.36638, 0.995599, 0.997399, 1.06891, 1.07071, 1.12425, 1.30119, 1.30299, 1.23505, 1.36966, 1.33507, 1.08456, 1.17947, 1.20737, 1.05252, 1.0536, 1.20236, 1.24061, 1.17335, 1.17515, 1.18007, 1.0348, 0.959656, 1.21026, 1.27628, 1.34232, 1.34412, 1.40442, 1.26855, 1.27071, 1.19756, 1.44025, 1.39776, 1.29515, 1.29641, 1.46207, 1.24141, 1.18745, 1.18925, 1.63155, 1.4288, 1.67166, 1.6135, 2.50328, 2.18443, 2.1862, 2.09949, 2.10132, 1.17944, 1.06606, 1.06714, 1.3755, 1.37709, 1.44932, 1.61199, 1.6137, 1.37827, 1.38007, 1.31616, 1.18322, 1.18502, 1.24578, 1.38941, 1.23429, 1.23609, 1.23789, 1.3275, 1.16807, 1.27485, 1.40585, 1.40765, 1.3497, 1.35114, 1.26306, 1.23194, 1.23333, 1.57645, 1.77215, 1.77395, 1.86507, 1.86687, 1.75841, 1.6661, 1.66742, 1.52333, 1.75204, 1.42937, 1.5981, 1.5506, 1.59871, 1.3456, 1.34626, 1.28974, 1.31199, 1.2246, 1.22548, 1.30794, 1.37516, 1.37502, 1.37682, 1.55322, 1.55447, 1.46423, 1.40555, 1.5233, 1.404, 1.25038, 1.25217, 1.62978, 1.47595, 1.58336, 1.58698, 1.58878, 1.79858, 1.80074, 1.7735, 1.63485, 1.6359, 1.31695, 1.31791, 1.19242, 1.19385, 1.19565, 1.27626, 1.27806, 1.21555, 1.33336, 1.38367, 1.25474, 1.62914, 1.63091, 1.69109, 1.65291, 1.65474, 1.65654, 1.65798, 1.57964, 1.58144, 1.5836,
0.766703, 1.01716, 1.01471, 1.03499, 1.56156, 1.48456, 1.4403, 1.43793, 1.67861, 0, 0.870645, 0, 0, 0, 0, 1.25882, 1.60259, 1.60026, 1.30805, 1.59455, 0, 1.26237, 1.26004, 1.43444, 1.12505, 1.12272, 0, 0, 0, 0, 0, 0, 0, 0, 0, 0.747939, 0, 0, 0, 0, 0, 0, 0, 0, 0.822012, 0, 0, 1.18928, 1.18691, 1.88844, 2.88611, 3.07672, 2.88256, 2.88019, 2.0178, 1.12986, 0, 0, 1.56457, 1.467, 1.46459, 1.01927, 1.01738, 0, 0, 0, 0, 0, 0, 0, 0, 0, 0, 0, 0, 0, 0, 0, 0, 0, 0, 0.799528, 0.797157, 0.81065, 0, 0, 0, 0, 0, 0, 0, 0, 0, 0, 0, 0, 0, 0.732039, 0, 0, 0, 0, 0, 1.16362, 1.6808, 1.71798, 1.4979, 1.71597, 1.19549, 0, 0, 0, 0, 0, 0, 0, 0, 0, 0, 0, 0, 0, 0, 0, 0, 0, 0, 0, 0, 0, 0, 0, 0, 0, 0, 0, 0, 0, 0, 0, 0, 0, 0, 0, 0, 0, 0, 0, 0, 0, 0, 0, 0, 0, 0, 0, 0, 0, 0, 0, 0, 0, 0, 0, 0, 0, 0, 0, 0, 0, 0, 0, 0, 0, 0, 0, 0, 0, 0, 0, 0, 0, 0, 0, 0, 0, 0, 0, 0, 0, 0, 0, 0, 0, 0, 0, 0, 0, 0, 0, 0, 0, 0, 0, 0, 0, 0, 0, 0, 0, 0, 0.981052, 0.930012, 0.721466, 1.64276, 1.51739, 0.823399, 1.31362, 1.31125, 0, 0.700631, 1.31418, 0.81874, 0.971401, 0.96903, 1.19137, 0, 0, 0, 0, 0, 0, 0, 0, 0, 0, 0, 0, 0, 0, 0, 0, 0, 0, 0, 0, 0, 0, 0, 0, 0, 0, 0, 0, 0, 0, 0, 0, 0, 0, 0, 0, 0, 0, 0, 0, 0, 0, 0, 0, 0, 0, 0, 0, 0, 0, 0, 0, 0, 0, 0, 0, 0, 0, 0, 0, 0, 0, 0, 0, 0, 0, 0, 0, 0, 0, 0, 0, 0, 0, 0, 0, 0, 0, 0, 0, 0, 0, 0, 0, 0, 0, 0, 0, 0, 0, 0, 0, 0, 0, 0.787195, 0.784705, 1.07212, 0, 0, 0, 0, 0, 0, 0, 0, 0, 0, 0, 0, 0, 0, 0, 0, 0, 0, 0, 0, 0, 0, 0, 0, 0, 0, 0, 0, 0, 0, 0, 0, 0, 0, 0, 0, 0, 0, 0, 0, 0, 0, 0, 0, 0, 0, 0, 0, 0, 0, 0, 0, 0, 0, 0, 0, 0, 0, 0, 0, 0, 0, 0, 0, 0, 0, 0, 0, 0, 0, 0, 0, 0, 0, 0, 0, 0, 0, 0, 0, 0, 0, 0, 0, 0, 0, 0, 0, 0, 0, 0, 0, 0, 0, 0, 0, 0, 0, 0, 0, 0, 0, 0, 0, 0, 0, 0, 0, 0, 0, 0, 0, 0, 0, 0, 0, 0, 0, 0, 0, 0, 0, 0, 0, 0, 0, 0, 0, 0, 0, 0, 0, 0, 0, 0, 0, 0, 0, 0, 0, 0, 0, 0, 0, 0, 0, 0, 0, 0, 0, 0, 0, 0, 0, 0, 0, 0, 0, 0, 0, 0, 0, 0, 0, 0, 0, 0, 0, 0, 0, 0, 0, 0, 0, 0, 0, 0, 0, 0, 0, 0, 0, 0, 0, 0, 0, 0, 0, 0, 0, 0, 0, 0, 0, 0, 0, 0, 0, 0, 0, 0, 0, 0, 0, 0, 0, 0, 0, 0, 0, 0, 0, 0, 0, 0, 0, 0, 0, 0, 0, 0, 0, 0, 0, 0, 0, 0, 0, 0, 0, 0, 0, 0, 0, 0, 0, 0, 0, 0, 0, 0, 0, 0, 0, 0, 0, 0, 0, 0, 0, 0, 0, 0, 0, 0, 0, 0, 0, 0, 0, 0, 0, 0, 0, 0, 0, 0, 0, 0, 0, 0, 0, 0, 0, 0, 0, 0, 0, 0, 0, 0, 0, 0, 0, 0, 0, 0, 0, 0, 0, 0, 0, 0, 0, 0, 0, 0, 0, 0, 0, 0, 0, 0, 0, 0, 0, 0, 0, 0, 0, 0, 0, 0, 0, 0, 0, 0, 0, 0, 0, 0, 0,
0.770166, 0.901267, 0.906401, 1.08099, 1.67638, 1.5336, 1.49762, 1.50366, 1.75095, 0.754477, 0.973186, 0.721999, 0.724968, 0, 0, 1.45724, 1.80754, 1.81297, 1.44793, 1.76018, 0.76807, 1.42814, 1.43388, 1.58559, 1.28568, 1.29142, 0, 0, 0, 0, 0, 0, 0.755394, 0.761433, 0.768076, 1.02281, 0.793117, 0.71436, 0.7205, 0.726488, 0, 0, 0.918502, 0.924541, 1.08244, 1.00444, 1.01108, 1.57347, 1.57951, 2.28918, 3.29486, 4.29724, 3.30392, 3.30996, 2.42532, 1.5769, 1.02624, 1.03258, 2.03872, 1.94754, 1.95479, 1.51742, 1.52356, 0.836959, 0, 0.934505, 0.941752, 0.947892, 0, 0, 0.737752, 0.742281, 0.764752, 0, 0, 0, 0.741135, 0, 0.862712, 1.05382, 1.05986, 1.46483, 1.47087, 1.36987, 1.11681, 1.12099, 0.830609, 0.835893, 0.730243, 0.736282, 0.980511, 0.865303, 0.871342, 1.24959, 1.25623, 0.919001, 1.22916, 1.51942, 1.15499, 1.15801, 1.28923, 1.17125, 0.941306, 1.94735, 2.46917, 2.50971, 2.3282, 2.51599, 2.00292, 1.01137, 1.19941, 1.20545, 0.938348, 1.03076, 1.03831, 0.736992, 0.864586, 0.870625, 1.09614, 1.10187, 1.10791, 0.9927, 0.99884, 0.929029, 0.946195, 0.95465, 0.960689, 1.01237, 0.913131, 0.88801, 0.894049, 1.0094, 1.03885, 1.11425, 1.12029, 1.12633, 1.33217, 1.2855, 1.09537, 1.10141, 1.19697, 0.895659, 0.901698, 0.98867, 1.18544, 1.15472, 1.35235, 1.3602, 1.3823, 1.28363, 1.36796, 1.17188, 1.3103, 1.42975, 1.43666, 1.80726, 1.8133, 1.79553, 1.53502, 1.72232, 1.28203, 1.38356, 1.26725, 1.27329, 1.21085, 1.21689, 1.27872, 1.28476, 1.66369, 1.55506, 1.56171, 1.35085, 1.35694, 0.990374, 1.06817, 1.07421, 1.07803, 1.38821, 1.39364, 1.32798, 1.33401, 1.3401, 1.23699, 1.24303, 1.45394, 1.45998, 1.58577, 1.39351, 1.40197, 1.45132, 1.45736, 1.34375, 1.44214, 1.44795, 1.2106, 1.21664, 1.22268, 1.32637, 1.33361, 1.54453, 1.55057, 1.64673, 1.45447, 1.46171, 1.39211, 1.39815, 1.62042, 1.85212, 1.9461, 1.82159, 2.05502, 2.65046, 2.50763, 2.42392, 3.43001, 3.23431, 2.62566, 2.77338, 2.77942, 1.78556, 2.02271, 2.63193, 2.59362, 2.70812, 2.71416, 2.992, 1.99824, 2.00489, 1.75672, 1.96109, 1.52388, 1.52992, 1.53596, 1.54079, 1.3497, 1.35574, 1.64187, 1.64791, 1.73873, 1.74387, 1.7499, 1.72375, 2.10268, 1.96187, 1.78255, 1.99144, 2.06936, 1.70257, 1.70589, 1.83459, 1.80675, 1.7098, 1.71554, 1.72037, 1.97716, 1.9832, 1.84888, 2.00498, 2.01011, 1.64174, 1.95191, 1.95704, 2.01914, 2.02518, 2.03152, 1.73021, 1.95958, 2.00463, 2.01067, 2.01671, 2.17817, 2.04075, 1.94581, 1.95185, 2.1068, 1.95524, 1.73836, 2.04854, 2.05367, 2.15249, 2.15853, 2.16457, 2.08569, 2.1638, 2.15927, 2.16531, 2.23179, 2.04516, 2.20155, 2.1281, 2.13353, 2.25205, 2.25809, 2.04192, 2.15713, 2.16317, 1.99174, 2.01367, 2.08647, 1.95426, 1.9603, 1.96634, 2.02296, 1.96072, 2.38752, 2.39356, 2.3996, 2.42499, 2.6647, 2.24878, 2.25512, 2.41633, 2.18576, 2.18436, 2.29944, 2.30547, 2.15633, 2.16237, 3.08946, 2.97832, 3.11145, 3.11739, 3.41271, 2.50178, 2.37629, 2.37637, 2.38161, 2.01249, 2.16207, 2.16514, 2.03217, 2.12935, 2.13463, 1.99245, 2.02575, 2.03028, 2.18312, 2.18916, 2.57253, 2.5062, 2.5853, 2.39184, 2.39818, 2.06183, 2.06757, 2.04408, 2.05042, 2.26465, 2.24283, 2.24887, 2.25491, 2.35282, 2.10591, 2.11225, 2.11839, 2.22302, 2.1369, 2.31032, 2.31636, 2.3224, 2.67462, 2.67997, 2.43931, 2.70714, 2.71317, 2.34399, 2.37452, 2.37723, 2.1987, 2.32093, 2.32455, 2.22432, 2.38268, 2.38872, 2.58693, 2.81702, 2.82306, 2.92189, 2.92793, 2.62802, 2.40859, 2.63676, 2.64557, 2.90011, 2.90615, 2.91229, 2.81343, 2.57179, 2.62567, 2.63292, 2.74559, 2.70797, 2.79372, 2.66598, 2.81816, 2.59764, 2.55421, 2.48731, 2.80847, 2.65995, 2.59934, 2.8278, 2.89721, 2.72485, 2.73089, 2.73693, 2.68297, 2.67707, 2.72325, 2.72928, 2.73532, 2.8566, 3.00398, 2.94149, 3.3174, 3.32163, 3.02113, 2.75345, 2.90298, 2.68444, 2.69048, 2.91783, 2.92387, 2.96982, 2.8285, 2.9399, 2.68995, 2.88322, 2.76721, 2.95021, 2.84652, 2.84954, 2.81896, 2.82455, 2.75702, 2.8951, 2.90114, 2.76395, 2.8614, 2.76283, 2.67374, 2.67978, 2.84269, 2.88275, 2.88927, 3.00401, 3.01005, 2.94164, 3.15258, 3.1565, 3.02876, 3.20051, 3.06348, 2.81779, 2.82382, 3.05941, 2.98363, 2.99459, 2.92941, 2.93545, 2.88625, 2.70054, 3.00761, 3.23771, 3.24405, 3.17828, 3.3722, 3.3045, 3.08497, 3.08822, 3.2543, 3.1405, 3.06469, 3.07072, 3.07676, 2.98771, 2.92548, 3.27668, 3.28182, 3.33077, 3.26703, 3.27166, 2.93496, 3.02039, 2.97521, 2.97823, 2.9814, 3.1243, 3.05094, 3.05698, 3.22623, 3.23227, 3.09941, 3.12637, 3.13362, 3.04582, 3.15928, 3.08371, 3.06189, 3.20068, 3.16911, 2.97765, 3.35615, 3.36219, 3.23618, 3.24252, 3.54405, 3.17758, 3.18362, 3.25911, 3.26515, 3.25264, 3.41344, 3.41948, 3.33513, 3.54884, 3.29855, 3.1497, 3.21081, 3.50475, 3.3044, 3.31096, 3.47047, 3.48752, 3.20597, 3.21201, 3.53317, 3.38465, 3.32404, 3.5525, 3.62191, 3.47265, 3.47869, 3.60737, 3.49316, 3.42948, 3.35617, 3.58434, 3.61314, 3.51588, 3.51965, 3.68805, 3.47196, 3.54328, 3.54932, 3.9208, 3.83778, 4.08741, 3.8086, 4.81459, 4.67033, 4.67647, 4.44123, 4.44697, 3.52882, 3.24431, 3.24809, 3.55836, 3.5638, 3.68544, 3.87161, 3.8777, 3.70018, 3.70622, 3.67937, 3.50668, 3.51272, 3.58422, 3.7146, 3.56363, 3.56967, 3.57571, 3.63374, 3.46503, 3.65928, 3.79697, 3.80301, 3.7481, 3.75202, 3.56553, 3.58479, 3.59063, 3.90328, 4.04914, 4.05518, 3.93389, 3.93993, 3.9456, 3.81425, 4.01438, 3.93226, 4.10376, 3.7354, 3.83941, 3.64537, 3.77517, 3.67787, 3.68008, 3.62772, 3.65467, 3.56878, 3.5715, 3.65786, 3.72859, 3.70992, 3.71596, 3.94097, 4.02072, 3.87933, 3.88628, 4.04779, 3.89875, 3.85068, 3.85672, 4.02943, 3.88014, 3.75453, 3.88538, 3.89142, 4.17124, 4.17669, 4.15388, 4.0519, 4.05582, 3.81526, 3.81858, 3.72246, 3.72699, 3.73303, 3.79191, 3.79795, 3.69531, 3.8222, 3.92195, 3.79866, 4.17721, 4.18335, 4.24845, 4.03414, 4.04008, 4.04611, 4.05217, 4.17451, 4.18055, 4.1859,
0.768457, 0.833702, 0.835903, 0.919562, 1.50694, 1.50924, 1.46938, 1.47154, 1.71697, 0.718053, 0.915582, 0, 0, 0, 0, 1.31954, 1.66688, 1.67034, 1.38261, 1.65929, 0, 1.35053, 1.3528, 1.50164, 1.19668, 1.19895, 0, 0, 0, 0, 0, 0, 0, 0, 0, 0.856726, 0, 0, 0, 0, 0, 0, 0.758898, 0.761058, 0.916192, 0.834378, 0.836754, 1.39547, 1.39763, 2.10363, 3.10571, 3.10696, 3.10895, 3.11111, 2.22056, 1.36979, 0.815253, 0.817521, 1.81941, 1.72546, 1.72806, 1.28683, 1.28909, 0, 0, 0, 0, 0, 0, 0, 0, 0, 0, 0, 0, 0, 0, 0, 0, 0.762255, 0.764415, 1.14801, 1.15017, 1.04137, 0.803995, 0.805075, 0, 0, 0, 0, 0, 0, 0, 0.904961, 0.907337, 0, 0.8436, 1.13163, 0.794651, 0.795731, 0.888821, 0.775689, 0, 1.56896, 1.90442, 1.94366, 1.94503, 2.00788, 1.61397, 0, 0.803194, 0.805354, 0, 0, 0, 0, 0, 0, 0, 0, 0, 0, 0, 0, 0, 0, 0, 0, 0, 0, 0, 0, 0, 0, 0, 0, 0.801533, 0.784542, 0, 0, 0, 0, 0, 0, 0, 0, 0.816782, 0.819248, 0.828402, 0.734137, 0.806253, 0, 0.750289, 0.865861, 0.869317, 1.23602, 1.23818, 1.20044, 0.953575, 1.13939, 0, 0.792524, 0, 0, 0, 0, 0, 0, 1.04837, 0.935017, 0.937393, 0.722509, 0.724651, 0, 0, 0, 0, 0.741199, 0.743143, 0, 0, 0, 0, 0, 0.778403, 0.780563, 0.903666, 0.709087, 0.712111, 0.758357, 0.760517, 0, 0.735803, 0.738503, 0, 0, 0, 0, 0, 0.810803, 0.812963, 0.906433, 0.711853, 0.714445, 0, 0, 0.848477, 1.00354, 1.04939, 1.05061, 1.13438, 1.72179, 1.72406, 1.63752, 2.53911, 2.44167, 1.7518, 1.89669, 1.89885, 0.976663, 1.21113, 1.81482, 1.77416, 1.8855, 1.88766, 2.16085, 1.1629, 1.16528, 0.913083, 1.09423, 0, 0, 0, 0, 0, 0, 0.768216, 0.770376, 0.856178, 0.859565, 0.861725, 0.832405, 1.20706, 1.06058, 0.876913, 1.08298, 1.13826, 0.785778, 0.786966, 0.911873, 0.879849, 0.779793, 0.782061, 0.783789, 1.03592, 1.03808, 0.900637, 1.0554, 1.05724, 0, 0.994568, 0.996404, 1.05463, 1.05679, 1.05906, 0.75376, 0.978166, 1.01947, 1.02163, 1.02379, 1.14181, 1.0313, 0.940871, 0.943031, 1.09398, 0.941086, 0.720647, 1.02913, 1.03096, 1.12591, 1.12807, 1.13023, 1.04733, 1.10637, 1.08343, 1.08559, 1.11192, 0.95535, 1.10315, 1.04438, 1.04784, 1.16345, 1.16561, 0.961032, 1.07221, 1.07437, 0.898921, 0.916016, 0.986131, 0.850098, 0.852257, 0.854418, 0.908805, 0.842686, 1.26669, 1.26885, 1.27101, 1.2897, 1.52541, 1.10573, 1.10832, 1.21954, 1.03161, 1.02619, 1.13009, 1.13225, 0.988161, 0.990321, 1.91321, 1.7982, 1.84338, 1.84555, 2.09471, 1.22316, 1.17764, 1.16095, 1.16266, 0.8067, 0.939579, 0.940731, 0.821304, 0.917459, 0.919187, 0.774035, 0.805937, 0.807611, 0.953549, 0.955709, 1.33639, 1.26648, 1.34201, 1.14599, 1.148, 0.808887, 0.811155, 0.782709, 0.784977, 0.996188, 0.970598, 0.972758, 0.974918, 1.06924, 0.817377, 0.819645, 0.821769, 0.923736, 0.833627, 1.00358, 1.00574, 1.0079, 1.35501, 1.3576, 1.11181, 1.37604, 1.3782, 1.00678, 1.03548, 1.03645, 0.855713, 0.974515, 0.975811, 0.870626, 1.02618, 1.02834, 1.22169, 1.44919, 1.45135, 1.5463, 1.54846, 1.24359, 1.01998, 1.24443, 1.2092, 1.45997, 1.46213, 1.46425, 1.40183, 1.156, 1.2071, 1.2097, 1.31957, 1.27484, 1.29905, 1.21392, 1.31692, 1.095, 1.09709, 1.02656, 1.3449, 1.19597, 1.13315, 1.35802, 1.42461, 1.24837, 1.25053, 1.25269, 1.19226, 1.18095, 1.22355, 1.22571, 1.22787, 1.32702, 1.47163, 1.42651, 1.76673, 1.76911, 1.49685, 1.22417, 1.37082, 1.14757, 1.14973, 1.30235, 1.30451, 1.34515, 1.272, 1.38071, 1.12786, 1.31641, 1.19784, 1.37722, 1.27164, 1.27272, 1.24085, 1.24344, 1.17127, 1.21598, 1.21814, 1.16929, 1.22089, 1.16097, 1.06722, 1.06938, 1.23047, 1.26429, 1.26775, 1.37939, 1.38155, 1.29702, 1.5134, 1.51513, 1.38806, 1.55338, 1.41259, 1.16427, 1.16643, 1.34982, 1.31839, 1.32137, 1.25588, 1.25804, 1.20496, 1.01561, 1.3204, 1.5479, 1.55004, 1.47939, 1.56766, 1.59748, 1.37419, 1.37581, 1.48067, 1.42024, 1.34067, 1.34283, 1.34499, 1.25387, 1.18775, 1.53246, 1.53549, 1.58168, 1.51492, 1.51675, 1.17589, 1.25686, 1.20993, 1.21101, 1.21215, 1.35107, 1.27441, 1.27657, 1.44303, 1.44519, 1.30768, 1.33106, 1.33365, 1.24273, 1.31356, 1.27194, 1.24624, 1.34971, 1.34432, 1.14912, 1.47836, 1.48052, 1.39682, 1.39909, 1.69779, 1.32735, 1.32951, 1.40142, 1.40358, 1.3846, 1.52253, 1.52469, 1.4571, 1.58083, 1.38309, 1.25991, 1.30929, 1.59944, 1.40327, 1.40457, 1.55397, 1.56901, 1.2836, 1.28576, 1.6041, 1.45517, 1.39235, 1.61722, 1.68381, 1.52086, 1.52302, 1.58375, 1.46663, 1.46923, 1.39453, 1.61908, 1.64399, 1.54167, 1.54318, 1.7092, 1.48897, 1.55643, 1.55859, 1.92514, 1.83928, 2.08235, 1.7998, 2.6531, 2.50264, 2.50479, 2.41848, 2.42053, 1.49929, 1.20983, 1.21112, 1.51964, 1.5216, 1.63937, 1.76071, 1.76285, 1.64195, 1.64411, 1.56359, 1.43491, 1.43707, 1.50594, 1.59816, 1.47803, 1.48019, 1.48235, 1.53556, 1.36297, 1.55445, 1.68609, 1.68825, 1.63057, 1.6323, 1.44385, 1.44469, 1.44631, 1.77422, 1.89396, 1.89612, 1.79037, 1.79253, 1.73876, 1.66069, 1.85805, 1.77087, 1.93968, 1.56902, 1.67009, 1.47527, 1.60389, 1.50585, 1.50664, 1.45229, 1.47481, 1.38758, 1.38861, 1.47118, 1.5386, 1.51609, 1.51825, 1.70393, 1.78104, 1.67475, 1.67415, 1.7922, 1.67359, 1.62627, 1.62843, 1.79757, 1.6441, 1.51464, 1.64256, 1.64472, 1.92052, 1.92311, 1.89643, 1.78947, 1.79088, 1.54897, 1.5501, 1.45199, 1.45372, 1.45588, 1.50932, 1.51148, 1.40609, 1.5316, 1.62838, 1.50013, 1.87479, 1.87706, 1.93784, 1.71961, 1.72174, 1.7239, 1.72563, 1.84502, 1.84718, 1.84977,
0.768155, 0.832193, 0.83374, 0.919489, 1.50502, 1.50743, 1.46707, 1.469, 1.71408, 0.716007, 0.912541, 0, 0, 0, 0, 1.31715, 1.66482, 1.66624, 1.37897, 1.65381, 0, 1.34524, 1.34756, 1.49631, 1.19037, 1.19269, 0, 0, 0, 0, 0, 0, 0, 0, 0, 0.847683, 0, 0, 0, 0, 0, 0, 0.749797, 0.751731, 0.907166, 0.824612, 0.826417, 1.38498, 1.38692, 2.09233, 3.09375, 3.09542, 3.09665, 3.09858, 2.20821, 1.35773, 0.802964, 0.804801, 1.80539, 1.71181, 1.71364, 1.27195, 1.27427, 0, 0, 0, 0, 0, 0, 0, 0, 0, 0, 0, 0, 0, 0, 0, 0, 0.743579, 0.745512, 1.13025, 1.13218, 1.02309, 0.78588, 0.786846, 0, 0, 0, 0, 0, 0, 0, 0.884985, 0.886789, 0, 0.822318, 1.10989, 0.773627, 0.774626, 0.866994, 0.754158, 0, 1.54664, 1.88198, 1.92117, 1.92237, 1.98546, 1.59103, 0, 0.7802, 0.782133, 0, 0, 0, 0, 0, 0, 0, 0, 0, 0, 0, 0, 0, 0, 0, 0, 0, 0, 0, 0, 0, 0, 0, 0, 0.771977, 0.755422, 0, 0, 0, 0, 0, 0, 0, 0, 0.784433, 0.78585, 0.796858, 0.702234, 0.774395, 0, 0.719686, 0.835031, 0.836449, 1.20299, 1.20492, 1.16546, 0.91965, 1.10742, 0, 0.760521, 0, 0, 0, 0, 0, 0, 1.01447, 0.898932, 0.900736, 0, 0, 0, 0, 0, 0, 0.70344, 0.705148, 0, 0, 0, 0, 0, 0.739232, 0.741165, 0.864441, 0, 0, 0.716922, 0.718855, 0, 0, 0, 0, 0, 0, 0, 0, 0.768228, 0.770161, 0.863371, 0, 0, 0, 0, 0.80492, 0.957386, 1.00198, 1.00401, 1.09015, 1.67577, 1.67809, 1.59136, 2.49261, 2.39486, 1.70637, 1.85112, 1.85305, 0.929664, 1.16584, 1.76665, 1.72561, 1.83669, 1.83862, 2.11134, 1.11423, 1.11603, 0.863703, 1.04409, 0, 0, 0, 0, 0, 0, 0.717207, 0.71914, 0.804807, 0.806225, 0.808158, 0.77895, 1.1531, 1.00805, 0.82397, 1.02989, 1.08539, 0.732274, 0.733289, 0.857288, 0.825409, 0.725654, 0.727974, 0.730293, 0.981044, 0.982977, 0.845186, 0.999943, 1.00168, 0, 0.938657, 0.940397, 0.998394, 1.00033, 1.00223, 0, 0.921009, 0.96184, 0.963773, 0.965707, 1.08309, 0.973171, 0.882353, 0.884286, 1.03613, 0.88292, 0, 0.969587, 0.971327, 1.06605, 1.06798, 1.06991, 0.986826, 1.04415, 1.02271, 1.02465, 1.05091, 0.893671, 1.04265, 0.983609, 0.985027, 1.10066, 1.10259, 0.897991, 1.00898, 1.01092, 0.835091, 0.852052, 0.921805, 0.785741, 0.787674, 0.789607, 0.842882, 0.777382, 1.20207, 1.204, 1.20593, 1.22407, 1.45997, 1.03915, 1.04147, 1.15292, 0.964105, 0.958711, 1.06292, 1.06485, 0.920015, 0.921948, 1.84446, 1.72922, 1.77416, 1.77612, 2.02467, 1.15422, 1.10768, 1.08972, 1.0916, 0.736202, 0.867824, 0.868791, 0.750493, 0.846761, 0.848307, 0.702812, 0.735131, 0.736871, 0.881928, 0.883861, 1.26537, 1.19365, 1.26872, 1.07292, 1.07413, 0.735348, 0.737667, 0.709021, 0.710857, 0.922764, 0.896274, 0.898207, 0.90014, 0.994343, 0.742101, 0.743937, 0.745774, 0.847792, 0.757488, 0.927365, 0.929298, 0.931231, 1.27811, 1.28043, 1.0342, 1.29823, 1.30017, 0.92846, 0.956957, 0.9581, 0.777206, 0.896124, 0.89854, 0.792975, 0.948456, 0.950389, 1.14189, 1.3687, 1.37063, 1.46535, 1.46728, 1.16141, 0.938853, 1.16322, 1.12715, 1.37747, 1.3794, 1.38124, 1.32023, 1.07426, 1.12554, 1.12708, 1.23743, 1.19187, 1.21497, 1.13071, 1.232, 1.01273, 1.01466, 0.943475, 1.2618, 1.11068, 1.04748, 1.27223, 1.33873, 1.16389, 1.16582, 1.16775, 1.10559, 1.09378, 1.13588, 1.13781, 1.13974, 1.24015, 1.38425, 1.33799, 1.67811, 1.67924, 1.40775, 1.13468, 1.28125, 1.05791, 1.05985, 1.21196, 1.2139, 1.25398, 1.18121, 1.28952, 1.03607, 1.22423, 1.10501, 1.28466, 1.17978, 1.18075, 1.14882, 1.15114, 1.07873, 1.12198, 1.12391, 1.07624, 1.12703, 1.06732, 0.973304, 0.975237, 1.13792, 1.17163, 1.17305, 1.28488, 1.28681, 1.20224, 1.4187, 1.42006, 1.29414, 1.45961, 1.31635, 1.06786, 1.06979, 1.25451, 1.22165, 1.22316, 1.1584, 1.16034, 1.1074, 0.917986, 1.22177, 1.44858, 1.45048, 1.37946, 1.46766, 1.49765, 1.27432, 1.27573, 1.3793, 1.31939, 1.24, 1.24194, 1.24387, 1.15169, 1.0862, 1.43078, 1.43349, 1.47763, 1.41255, 1.41429, 1.07309, 1.15399, 1.10677, 1.10774, 1.10871, 1.24763, 1.17059, 1.17252, 1.33875, 1.34068, 1.20242, 1.22554, 1.22709, 1.13796, 1.20848, 1.16718, 1.1403, 1.24369, 1.23787, 1.04229, 1.37147, 1.37341, 1.28927, 1.2913, 1.58986, 1.21921, 1.22115, 1.29286, 1.29479, 1.27561, 1.41338, 1.41532, 1.34747, 1.47042, 1.27292, 1.14941, 1.19795, 1.48765, 1.2922, 1.29336, 1.44241, 1.45958, 1.17352, 1.17545, 1.49378, 1.34266, 1.27945, 1.50421, 1.5707, 1.40725, 1.40918, 1.47216, 1.35245, 1.35438, 1.27909, 1.50384, 1.52825, 1.42643, 1.42778, 1.59362, 1.37273, 1.44024, 1.44217, 1.81023, 1.72377, 1.96671, 1.68349, 2.5366, 2.38492, 2.38682, 2.30022, 2.30219, 1.38154, 1.09142, 1.09239, 1.40081, 1.40271, 1.51931, 1.64058, 1.64248, 1.52155, 1.52349, 1.44465, 1.31405, 1.31598, 1.38468, 1.47679, 1.3561, 1.35803, 1.35996, 1.41286, 1.24015, 1.43161, 1.56392, 1.56585, 1.50761, 1.50882, 1.31997, 1.32067, 1.32217, 1.65104, 1.77072, 1.77265, 1.66645, 1.66838, 1.61446, 1.53567, 1.73301, 1.64474, 1.81448, 1.44284, 1.54531, 1.34996, 1.47889, 1.38038, 1.38121, 1.32369, 1.34685, 1.26156, 1.26253, 1.34501, 1.41251, 1.38474, 1.38667, 1.57134, 1.64829, 1.54254, 1.54499, 1.66247, 1.54717, 1.49635, 1.49828, 1.66635, 1.51269, 1.38471, 1.51377, 1.51571, 1.79128, 1.79318, 1.76476, 1.65732, 1.65845, 1.41635, 1.41732, 1.31934, 1.32128, 1.32321, 1.37609, 1.37802, 1.27225, 1.39775, 1.4946, 1.36588, 1.74042, 1.74232, 1.80161, 1.58327, 1.58524, 1.58717, 1.58901, 1.70906, 1.71099, 1.71331,
0, 0.85995, 0.861715, 0.82033, 1.03288, 1.03507, 1.63139, 1.63314, 1.53421, 1.45984, 1.49555, 0, 0, 0, 0, 1.13281, 1.48142, 1.48276, 1.37582, 1.57842, 0, 0.754368, 0.756206, 0.905038, 0.70725, 0.709088, 0, 0, 0, 0, 0, 0, 0, 0, 0, 0.798812, 0.751604, 0, 0, 0, 0, 0, 0.742943, 0.744693, 0.972588, 0.815153, 0.816466, 1.37465, 1.3764, 1.19148, 2.19272, 2.19564, 2.19534, 2.19709, 3.09085, 2.09341, 1.53846, 1.54024, 1.6173, 0.925587, 0.926988, 0.779787, 0.781625, 0, 0, 0, 0, 0, 0, 0, 0, 0, 0, 0, 0, 0, 0, 0, 0, 0.813796, 0.815547, 0.975862, 0.977612, 1.0729, 0.771346, 0.772308, 0, 0, 0, 0, 0.711432, 0, 0, 0.867316, 0.868629, 0, 0.732722, 1.01954, 0.75484, 0.756022, 0.879834, 0.758698, 0, 0.977452, 0.97859, 1.01684, 1.01191, 1.09504, 1.09649, 0, 0.762604, 0.764355, 0, 0, 0, 0, 0, 0, 0, 0, 0, 0, 0, 0, 0, 0, 0, 0, 0, 0, 0, 0, 0, 0.738195, 0.739946, 0.741696, 0.942861, 0.764285, 0, 0, 0, 0, 0, 0, 0, 0, 0.781305, 0.782632, 0.793827, 0, 0.752442, 0, 0, 0.788403, 0.789745, 1.14318, 1.14493, 1.20264, 0.891992, 1.20627, 0.763845, 0.859087, 0.742956, 0.744707, 0, 0, 0, 0, 0.907276, 0.868296, 0.869609, 0, 0, 0, 0, 0, 0, 0, 0, 0, 0, 0, 0, 0, 0.708138, 0.709888, 0.834478, 0, 0, 0, 0, 0, 0.731186, 0.732674, 0, 0, 0, 0, 0, 0.734394, 0.736144, 0.894647, 0, 0.700626, 0, 0, 0.76622, 0.76797, 0.858532, 0.786794, 0.957984, 1.17088, 1.17272, 1.08461, 1.56758, 1.46542, 1.47935, 1.6259, 1.62765, 0.893639, 1.1361, 1.27211, 1.20463, 2.20637, 2.20812, 1.89392, 1.82037, 1.82206, 0.823824, 0.998069, 0, 0, 0, 0, 0, 0, 0, 0, 0.840947, 0.897836, 0.899587, 0.869804, 1.24416, 0.965538, 0.781224, 0.987092, 1.08064, 0.7097, 0.71094, 0.80431, 0.750639, 0, 0, 0, 0.937632, 0.939383, 0.800566, 0.984904, 0.986421, 0, 0.923254, 0.924771, 0.952195, 0.953946, 0.955609, 0, 0.8743, 0.914369, 0.916119, 0.91787, 1.00797, 1.00241, 0.835602, 0.837352, 1.02242, 0.868803, 0, 0.95126, 0.952777, 1.01593, 1.01769, 1.01944, 0.93664, 1.15973, 1.09994, 1.10169, 1.10302, 0.970384, 0.973632, 0.884387, 0.885729, 1.00099, 1.00274, 0.846517, 0.973643, 0.975394, 0.78505, 0.940065, 0.983653, 0.871365, 0.873116, 0.874866, 0.888896, 0.723876, 1.02436, 1.02611, 1.02786, 0.921806, 1.17856, 1.00655, 1.00865, 1.17043, 0.935766, 0.904742, 1.0096, 1.01135, 0.864687, 0.866438, 1.78866, 1.67331, 1.76603, 1.76787, 1.78708, 1.14407, 1.05139, 0.960879, 0.962221, 0, 0.817948, 0.818881, 0, 0.788318, 0.790068, 0, 0.713961, 0.715653, 0.82491, 0.826661, 1.06043, 0.98918, 1.06352, 0.971022, 0.971941, 0.82001, 0.822111, 0.750865, 0.752703, 1.01701, 0.837088, 0.838838, 0.840589, 1.00615, 0.745283, 0.747121, 0.7489, 0.857428, 0, 0.942268, 0.944018, 0.945769, 1.21609, 1.21776, 0.97158, 1.23543, 1.23718, 0.865619, 0.97047, 0.971506, 0.712664, 0.808222, 0.81041, 0.705034, 0.890014, 0.891764, 1.10716, 1.12252, 1.12427, 1.21637, 1.21812, 1.01892, 0.871792, 1.09636, 1.03405, 1.28303, 1.28478, 1.28618, 1.33819, 1.09198, 1.04339, 1.04505, 1.19757, 1.13032, 1.17447, 1.1148, 1.21465, 1.09026, 1.09201, 1.01833, 1.33728, 1.18406, 0.978581, 1.20307, 1.36631, 1.16694, 1.16869, 1.17044, 1.09738, 1.11072, 1.10356, 1.10531, 1.10706, 1.26443, 1.35838, 1.26867, 1.53558, 1.53726, 1.33806, 1.06251, 1.23807, 1.20627, 1.20802, 1.43099, 1.43274, 1.47286, 1.10704, 1.45213, 1.19931, 1.38664, 1.26794, 1.44773, 1.10499, 1.10587, 1.07389, 1.0752, 1.03259, 1.16663, 1.16838, 1.02832, 1.16412, 1.06085, 1.00527, 1.00702, 1.21387, 1.24768, 1.24902, 1.34632, 1.34808, 1.26344, 1.4821, 1.48299, 1.20619, 1.33855, 1.23921, 1.09998, 1.10173, 1.34247, 1.31655, 1.31786, 1.25297, 1.25472, 1.16016, 0.984194, 1.14283, 1.18712, 1.18889, 1.11658, 1.2378, 1.31556, 1.21491, 1.21615, 1.36884, 1.41134, 1.16893, 1.17068, 1.17243, 1.16852, 1.0035, 1.34804, 1.34935, 1.49664, 1.33067, 1.33238, 0.99108, 1.1402, 1.02384, 1.02471, 1.02559, 1.16537, 1.08777, 1.08952, 1.22756, 1.22931, 1.13965, 1.23046, 1.23186, 1.20631, 1.27822, 1.23644, 1.0695, 1.2028, 1.15346, 0.956324, 1.32924, 1.33099, 1.20272, 1.20438, 1.50354, 1.13286, 1.13461, 1.39136, 1.39311, 1.35396, 1.51181, 1.51356, 1.26027, 1.41464, 1.18205, 1.06048, 1.14108, 1.42919, 1.22374, 1.22575, 1.38221, 1.51234, 1.22662, 1.22837, 1.54733, 1.39411, 1.18863, 1.41311, 1.57636, 1.41574, 1.41749, 1.48801, 1.33963, 1.34138, 1.26782, 1.49239, 1.36371, 1.33346, 1.33434, 1.47273, 1.25166, 1.31945, 1.32121, 1.66842, 1.53379, 1.84029, 1.55638, 2.21231, 2.50728, 2.50895, 2.2056, 2.20744, 1.37025, 1.07948, 1.08059, 1.38892, 1.39035, 1.45911, 1.58068, 1.58235, 1.46147, 1.46322, 1.39598, 1.21646, 1.21821, 1.29043, 1.46711, 1.31131, 1.31306, 1.31481, 1.33851, 1.16568, 1.35705, 1.54788, 1.54963, 1.49142, 1.49266, 1.30427, 1.45883, 1.46021, 1.674, 1.75905, 1.7608, 1.46231, 1.46406, 1.49268, 1.41148, 1.60736, 1.54143, 1.69838, 1.32688, 1.38455, 1.19165, 1.31897, 1.22032, 1.22117, 1.28264, 1.37353, 1.3119, 1.31276, 1.39539, 1.52215, 1.50892, 1.51067, 1.72859, 1.8044, 1.54111, 1.44082, 1.53127, 1.47475, 1.39343, 1.39518, 1.55251, 1.39878, 1.22351, 1.35211, 1.35386, 1.62925, 1.63091, 1.72731, 1.60231, 1.60327, 1.49855, 1.49944, 1.45088, 1.45257, 1.45432, 1.2691, 1.27085, 1.16451, 1.48728, 1.70966, 1.57934, 1.95355, 1.95521, 1.74623, 1.52808, 1.52992, 1.53167, 1.53307, 1.59904, 1.60079, 1.60246,
0, 0, 0, 0, 0.758697, 0.76652, 1.56021, 1.56673, 1.57444, 1.50383, 1.50779, 0, 0, 0, 0, 1.19767, 1.34229, 1.34784, 1.35566, 1.36218, 0, 0.847137, 0.85496, 0.860121, 0.81303, 0.820853, 0, 0, 0, 0, 0, 0, 0.701089, 0.707608, 0.712932, 0.718093, 0, 0, 0, 0, 0, 0, 0.869196, 0.875715, 0.906797, 0.912338, 0.917662, 1.48418, 1.4907, 1.41846, 1.57042, 1.57596, 1.5802, 1.58672, 2.33856, 2.3454, 1.79453, 1.80116, 1.88291, 1.03824, 1.04476, 0.995603, 1.00343, 0.798501, 0.710582, 0.831945, 0.83879, 0.844005, 0, 0, 0.724886, 0.728363, 0.731134, 0, 0, 0, 0, 0, 0.758283, 0.983401, 0.98992, 1.21821, 1.22473, 1.23157, 1.12709, 1.13247, 0.866944, 0.872648, 0.767485, 0.774004, 0.830182, 0, 0, 1.03549, 1.04081, 0.961588, 1.16632, 1.17094, 1.05865, 1.06457, 1.06854, 0.95598, 0.935487, 1.27285, 1.27807, 1.27206, 1.27159, 1.35549, 1.3594, 0.972541, 1.1623, 1.16881, 0.985691, 1.07168, 1.07722, 0.780225, 0.880203, 0.886722, 1.03829, 1.04611, 1.05263, 1.04436, 1.04958, 0.912121, 0.923692, 0.929234, 0.935753, 0.985122, 0.988687, 0.992762, 0.999281, 1.11524, 1.01242, 1.15385, 1.16037, 1.16689, 1.37106, 1.37888, 1.15519, 1.16171, 1.23199, 0.934021, 0.94054, 1.0071, 1.08006, 1.0856, 1.18448, 1.19002, 1.19535, 1.18204, 1.18803, 1.09001, 1.13768, 1.15272, 1.15804, 1.50404, 1.51055, 1.57279, 1.5786, 1.7363, 1.40859, 1.41326, 1.4051, 1.41162, 1.13663, 1.14315, 1.29436, 1.30088, 1.58371, 1.59055, 1.59588, 1.4251, 1.43032, 1.06909, 1.14313, 1.14965, 1.15378, 1.46348, 1.46718, 1.40487, 1.41139, 1.41661, 1.31981, 1.32633, 1.43933, 1.44585, 1.46616, 1.34262, 1.34816, 1.48504, 1.49156, 1.41969, 1.51853, 1.52385, 1.3629, 1.36942, 1.37593, 1.41629, 1.42412, 1.53711, 1.54363, 1.59786, 1.44595, 1.4528, 1.55091, 1.55743, 1.69551, 1.70203, 1.70855, 1.67861, 1.81751, 2.03548, 2.0433, 2.04835, 2.53491, 2.43871, 2.45744, 2.46298, 2.4695, 1.81179, 1.86463, 2.00212, 2.00994, 2.8999, 2.90642, 2.91413, 2.84542, 2.85074, 1.85726, 2.03624, 1.62948, 1.636, 1.64252, 1.64774, 1.45698, 1.4635, 1.51358, 1.5201, 1.64204, 1.70456, 1.71108, 1.7176, 2.0414, 2.01919, 1.89253, 1.93144, 1.9948, 1.64497, 1.64894, 1.7316, 1.73942, 1.65377, 1.66159, 1.66941, 1.95446, 1.96098, 1.96619, 2.15229, 2.15729, 1.78976, 2.09947, 2.10447, 2.10601, 2.11253, 2.11774, 1.81977, 2.04956, 2.04634, 2.05286, 2.05938, 2.06454, 2.00547, 1.91514, 1.92166, 2.0398, 1.96935, 1.89407, 2.20378, 2.20878, 2.25082, 2.25734, 2.26386, 2.18655, 2.19307, 2.14934, 2.15586, 2.16102, 2.03701, 2.08252, 2.05799, 2.06332, 2.2156, 2.22212, 2.11743, 2.22759, 2.23411, 2.06332, 2.08562, 2.11885, 2.05208, 2.0586, 2.06512, 2.08153, 2.04589, 2.35302, 2.35954, 2.36606, 2.31092, 2.46627, 2.41117, 2.41801, 2.42464, 2.34952, 2.17265, 2.19502, 2.20154, 2.13109, 2.13761, 3.06281, 3.07377, 3.08061, 3.08844, 3.11018, 2.47504, 2.454, 2.43668, 2.44233, 2.16111, 2.30137, 2.30469, 2.18126, 2.26907, 2.27477, 2.13314, 2.15451, 2.16016, 2.33106, 2.33758, 2.50711, 2.51266, 2.51917, 2.49827, 2.50288, 2.30266, 2.31049, 2.30156, 2.30841, 2.37621, 2.22148, 2.22799, 2.23451, 2.38435, 2.32936, 2.33621, 2.34284, 2.37731, 2.29444, 2.38978, 2.3963, 2.40282, 2.75581, 2.76102, 2.60149, 2.68994, 2.69646, 2.33067, 2.41408, 2.41793, 2.36116, 2.46053, 2.46803, 2.37212, 2.56061, 2.56713, 2.78279, 2.78931, 2.79583, 2.83788, 2.84439, 2.6931, 2.55294, 2.78142, 2.74998, 2.76955, 2.77607, 2.78254, 2.78905, 2.59917, 2.65265, 2.65786, 2.66341, 2.63436, 2.649, 2.6153, 2.70176, 2.7926, 2.79912, 2.80564, 2.81118, 2.67983, 2.61944, 2.84662, 2.85967, 2.86651, 2.87303, 2.87955, 2.8142, 2.85846, 2.864, 2.87052, 2.87704, 3.04187, 3.01626, 3.02235, 3.1237, 3.12832, 3.10168, 2.93918, 3.11824, 3.03128, 3.0378, 3.08407, 3.09059, 3.09622, 2.91172, 3.08383, 3.09035, 3.09687, 3.09979, 3.16494, 3.00162, 3.00488, 2.94285, 2.94823, 2.93653, 2.94207, 2.94859, 2.88612, 2.95454, 2.92838, 2.97018, 2.9767, 2.98322, 3.025, 3.03033, 3.13112, 3.13764, 3.15978, 3.16532, 3.16929, 3.01521, 3.05075, 3.05727, 3.13244, 3.13896, 3.17758, 3.134, 3.13922, 3.14574, 3.15225, 3.09617, 2.99809, 3.20943, 3.21595, 3.22116, 3.20583, 3.32866, 3.31125, 3.31744, 3.32092, 3.32624, 3.30645, 3.22449, 3.23101, 3.23753, 3.12297, 3.08733, 3.4393, 3.44484, 3.45016, 3.40532, 3.41032, 3.074, 3.15992, 3.0472, 3.05046, 3.05372, 3.09536, 3.02248, 3.029, 3.16789, 3.17441, 3.27531, 3.28935, 3.29456, 3.29431, 3.29947, 3.26418, 3.16768, 3.26946, 3.27598, 3.20383, 3.57904, 3.58556, 3.46332, 3.46854, 3.67792, 3.31408, 3.3206, 3.4167, 3.42322, 3.50485, 3.55388, 3.5604, 3.47635, 3.53502, 3.47714, 3.38195, 3.46725, 3.50696, 3.36322, 3.37072, 3.47463, 3.57491, 3.58142, 3.58794, 3.59348, 3.46213, 3.40174, 3.62892, 3.64197, 3.64881, 3.65533, 3.72943, 3.59314, 3.59966, 3.55189, 3.75714, 3.60578, 3.61361, 3.61768, 3.68563, 3.52765, 3.51015, 3.51667, 3.83847, 3.74507, 4.01865, 4.02517, 4.68334, 4.69019, 4.6954, 4.63968, 4.64751, 3.65365, 3.5806, 3.58472, 3.89443, 3.89813, 3.97165, 3.9785, 3.98371, 3.86592, 3.87244, 3.81259, 3.75587, 3.76239, 3.84507, 3.85159, 3.82247, 3.82899, 3.83551, 3.86374, 3.74787, 3.77913, 3.949, 3.95552, 3.90338, 3.90685, 3.91011, 4.06705, 4.07336, 4.29422, 4.29977, 4.30628, 4.02709, 4.03361, 4.06665, 4.05875, 4.16437, 4.17219, 4.17773, 3.90968, 3.91245, 3.85939, 3.86554, 3.81065, 3.8138, 3.87765, 3.92678, 3.93123, 3.93444, 3.93786, 4.12868, 4.13422, 4.14074, 4.28568, 4.29231, 4.0346, 4.01345, 4.03579, 3.98285, 3.9897, 3.99622, 4.05911, 3.95333, 3.97544, 3.98196, 3.98847, 4.2688, 4.27402, 4.37521, 4.38304, 4.38711, 4.24349, 4.2468, 4.13502, 4.14018, 4.1467, 4.04912, 4.05564, 3.97853, 4.30306, 4.30773, 4.18513, 4.56081, 4.56603, 4.36176, 4.36958, 4.37741, 4.38393, 4.39175, 4.39996, 4.40648, 4.4117,
0, 0, 0, 0, 0, 0, 1.44482, 1.44746, 2.02358, 2.0249, 2.02715, 1.12219, 1.12351, 0, 0, 0, 0.729648, 0.732611, 0.734776, 0.737416, 0, 0, 0, 0, 0, 0, 0, 0, 0, 0, 0, 0, 0, 0, 0, 0, 0, 0, 0, 0, 0, 0, 1.26612, 1.26876, 1.29752, 1.30081, 1.30371, 0.749477, 0.752117, 0, 0.826843, 0.828368, 0.830803, 0.833443, 1.5812, 1.58437, 2.1437, 2.14648, 2.14914, 1.25882, 1.26198, 0, 0, 0, 0, 0, 0, 0, 0, 0, 0, 0, 0, 0, 0, 0, 0, 0, 0, 0.71078, 0.71342, 1.47549, 1.47813, 1.48179, 1.37183, 1.37315, 0, 0, 0, 0, 0, 0, 0, 0.763517, 0.766421, 0, 0.884668, 0.886912, 0.748384, 0.749704, 0.753056, 0, 0, 0.805011, 0.806619, 0.798692, 0.796116, 0.877676, 0.879939, 0, 0.813541, 0.816181, 0, 0.711287, 0.714587, 0, 0, 0, 0, 0, 0, 0, 0, 0, 0, 0, 0, 0, 0, 0, 0, 0, 0, 0, 0, 0, 0.922751, 0.925392, 0, 0.700772, 0.7683, 0, 0, 0, 0, 0, 0, 0, 0, 0, 0, 0, 0, 0, 0, 1.49245, 1.49509, 1.55346, 1.55465, 1.71027, 0.750461, 0.849239, 0.851918, 0.854558, 0, 0, 0, 0, 1.04134, 1.04316, 1.04607, 0.871412, 0.874074, 0, 0, 0, 0, 0.863397, 0.865773, 0.799816, 0.802456, 0.805118, 0, 0, 0.73143, 0.73407, 0.777956, 0.744162, 0.747858, 0.882001, 0.884641, 0.717892, 0.891444, 0.894744, 0, 0, 0, 0, 0, 0.77103, 0.77367, 0.825767, 0.770219, 0.773387, 0.829051, 0.831691, 0.986814, 0.989454, 0.992728, 0.958281, 1.09414, 1.16876, 1.17138, 1.1718, 1.19179, 1.09048, 1.10513, 1.10985, 1.11249, 1.05783, 1.11004, 1.09914, 1.10033, 1.98611, 1.98875, 2.5661, 2.56861, 2.57152, 1.57416, 1.74902, 0.849785, 0.852425, 0.855065, 0.858233, 0, 0, 0, 0, 0.858474, 0.87171, 0.87435, 0.877518, 1.2171, 1.19056, 1.06013, 1.09629, 1.15687, 0.756387, 0.757839, 0.792993, 0.795611, 0.706852, 0.709448, 0.711956, 1.08596, 1.0886, 1.08912, 1.27385, 1.27609, 0.836901, 1.18905, 1.19129, 1.18896, 1.1916, 1.19437, 0.84333, 1.10867, 1.1018, 1.10444, 1.10708, 1.10962, 1.02473, 0.930241, 0.932881, 1.04719, 0.948903, 0.879142, 1.23129, 1.23353, 1.2717, 1.27434, 1.27698, 1.18883, 1.19147, 1.14438, 1.14702, 1.15036, 0.945407, 1.06397, 1.09428, 1.09716, 1.18623, 1.18887, 1.14075, 1.16735, 1.16999, 0.970506, 1.03444, 1.03683, 0.979957, 0.982597, 0.985236, 0.925351, 0.927859, 1.23557, 1.23821, 1.24085, 1.18318, 1.33528, 1.15811, 1.16128, 1.21333, 1.2155, 1.03452, 1.05441, 1.05705, 0.955955, 0.958595, 1.33311, 1.34019, 1.3431, 1.34572, 1.36441, 1.35134, 1.32638, 1.30711, 1.30909, 1.07863, 1.21746, 1.21891, 0.962049, 1.00153, 1.00364, 0.914739, 0.954633, 0.956613, 1.1038, 1.10644, 1.20018, 1.20351, 1.20615, 1.18273, 1.1855, 1.07329, 1.0758, 1.0402, 1.04297, 1.11595, 0.949248, 0.951888, 0.954528, 1.12865, 1.04856, 1.05133, 1.05401, 1.16016, 0.991183, 1.15718, 1.15982, 1.16246, 1.50716, 1.51033, 1.34723, 1.43313, 1.43577, 0.993468, 1.09643, 1.09762, 1.01818, 1.04764, 1.04923, 0.950879, 1.13933, 1.14197, 1.46665, 1.46876, 1.4714, 1.50957, 1.51221, 1.34542, 1.16434, 1.42973, 1.38807, 1.40355, 1.40619, 1.40879, 1.41296, 1.24192, 1.21857, 1.22173, 1.22445, 1.19219, 1.20408, 1.20023, 1.20318, 1.29435, 1.29112, 1.29121, 1.2947, 1.28356, 1.15326, 1.41917, 1.42814, 1.43235, 1.43499, 1.43763, 1.45326, 1.49479, 1.49836, 1.501, 1.50364, 1.58311, 1.55343, 1.5543, 1.67944, 1.68221, 1.65071, 1.48455, 1.66084, 1.47919, 1.48183, 1.516, 1.51864, 1.52087, 1.26407, 1.50187, 1.43629, 1.52511, 1.52722, 1.6178, 1.45286, 1.45418, 1.38705, 1.39022, 1.37579, 1.37817, 1.38081, 1.2718, 1.39378, 1.33982, 1.44677, 1.44941, 1.45129, 1.40604, 1.4101, 1.50814, 1.51078, 1.57491, 1.57864, 1.58009, 1.42372, 1.43683, 1.37787, 1.45052, 1.45316, 1.51249, 1.5466, 1.54939, 1.50852, 1.51116, 1.43749, 1.33486, 1.57131, 1.57343, 1.57609, 1.54098, 1.6745, 1.59951, 1.58213, 1.58411, 1.58582, 1.57597, 1.49086, 1.4935, 1.49614, 1.34709, 1.3496, 1.75709, 1.76078, 1.76424, 1.71547, 1.71771, 1.31493, 1.38847, 1.27354, 1.27486, 1.27624, 1.31422, 1.24596, 1.2486, 1.46418, 1.46682, 1.60741, 1.61762, 1.62076, 1.47643, 1.4804, 1.46267, 1.35255, 1.54752, 1.55042, 1.47462, 1.82018, 1.82282, 1.69558, 1.69835, 1.90497, 1.46386, 1.4665, 1.60271, 1.60535, 1.57711, 1.6909, 1.69354, 1.60456, 1.61882, 1.55981, 1.46077, 1.54217, 1.57802, 1.50617, 1.50776, 1.51018, 1.6022, 1.60537, 1.60801, 1.6115, 1.60036, 1.47006, 1.73597, 1.74494, 1.75061, 1.75325, 1.82471, 1.62393, 1.61385, 1.60142, 1.83204, 1.677, 1.68003, 1.68188, 1.74751, 1.63687, 1.60278, 1.60542, 1.82989, 1.73206, 2.00367, 2.00575, 2.11807, 2.121, 2.12366, 2.06203, 2.06453, 1.70539, 1.54611, 1.54776, 1.90269, 1.90507, 1.97471, 1.97761, 1.98027, 1.95508, 1.95772, 1.86681, 1.69655, 1.69919, 1.77934, 1.78203, 1.78059, 1.78323, 1.78587, 1.83049, 1.71036, 1.7469, 1.92888, 1.93152, 1.81875, 1.82086, 1.82257, 1.97758, 1.97956, 2.15126, 2.15713, 2.15977, 1.87605, 1.87869, 1.99008, 1.97608, 2.07984, 2.08176, 2.08566, 1.90769, 1.91124, 1.85532, 1.86234, 1.75119, 1.75215, 1.81407, 1.82454, 1.733, 1.73418, 1.73659, 1.92514, 1.9296, 1.93224, 2.13161, 2.13438, 1.86804, 1.84195, 1.85405, 1.78392, 1.78785, 1.79049, 1.88246, 1.8851, 1.90333, 1.90565, 1.90829, 2.08959, 2.09236, 2.18947, 2.19229, 2.19401, 2.12568, 2.12713, 1.90471, 1.90669, 1.90933, 1.86588, 1.86852, 1.78869, 2.11185, 2.11482, 1.9959, 2.33294, 2.3356, 2.12723, 2.12984, 2.13235, 2.13499, 2.1371, 2.14144, 2.14408, 2.14725,
Main Loop Time: 4.51376
Number of Graph Matching Computed: 14835
Number of Zero Entries Cells: 6745
Number of Pruned Cells: 0
Number of Estimated Cells Above Threshold: 0
Number of Cells Above Threshold: 0
Env Time: 0.00185361
Dataloader Time: 0.0388408
FaissIndex Time: 0.0224184
Algorithm Time: 4.61584
