creating environment with lakes: /root/data/en/king_james_bible_para/8_5/, /root/data/en/esv_para/8_5/
1 text1_files listed
1 text2_files listed
Inverted Index Size: 60
Words: 23
Vector Size: 300
Normalized vector storage check
Index Trained: 1
Ntotal: 12
Sliding Window Computation time: 4.9305e-05
Out of dictionary words: 11
K: 12
NB: 12
Faiss Search Time: 0.0278425
size of I: 144
Size of valid edges: 155
0.868629, 0, 0, 0, 0, 0, 0, 0, 0, 0, 0, 0, 0, 0, 0, 0, 0, 0, 0, 0, 0, 0, 0,
0, 0.868629, 0, 0, 0, 0, 0, 0, 0, 0, 0, 0, 0, 0, 0, 0, 0.868629, 0, 0, 0, 0, 0, 0,
0, 0, 0.868629, 0, 0, 0, 0, 0, 0, 0, 0, 0, 0, 0, 0, 0, 0, 0.868629, 0, 0, 0, 0, 0,
0, 0, 0, 0.868629, 0, 0, 0, 0, 0, 0, 0, 0, 0, 0, 0, 0, 0, 0, 0.868629, 0, 0, 0, 0,
0, 0, 0, 0, 0.74009, 0, 0, 0, 0, 0, 0, 0, 0, 0, 0, 0, 0, 0, 0, 0.746559, 0, 0, 0,
0, 0, 0, 0, 0, 0.871461, 0, 0, 0, 0, 0, 0, 0, 0, 0, 0, 0, 0, 0, 0, 0, 0, 0,
0, 0, 0, 0, 0, 0, 0, 0, 0, 0, 0, 0, 0, 0, 0, 0, 0, 0, 0, 0, 0, 0, 0,
0, 0, 0, 0, 0, 0, 0, 0, 0, 0, 0, 0, 0, 0, 0, 0, 0, 0, 0, 0, 0, 0, 0,
0, 0, 0, 0, 0, 0, 0, 0, 0, 0, 0, 0, 0, 0, 0, 0, 0, 0, 0, 0, 0, 0, 0,
0, 0, 0, 0, 0, 0, 0, 0, 0, 0, 0, 0, 0, 0, 0, 0, 0, 0, 0, 0, 0, 0, 0,
0, 0, 0, 0, 0, 0, 0, 0, 0, 0, 0, 0, 0, 0, 0, 0, 0, 0, 0, 0, 0, 0, 0,
0, 0, 0, 0, 0, 0, 0, 0, 0, 0, 0, 0.73157, 0, 0, 0, 0, 0, 0, 0, 0, 0, 0, 0,
0, 0, 0, 0, 0, 0, 0, 0, 0, 0, 0, 0, 0.8, 0.8, 0, 0, 0, 0, 0, 0, 0, 0, 0,
0, 0, 0, 0, 0, 0, 0, 0, 0, 0, 0, 0, 0.8, 1, 0.8, 0, 0, 0, 0, 0, 0, 0, 0,
0, 0, 0, 0, 0, 0, 0, 0, 0, 0, 0, 0, 0, 0.8, 1, 0.834471, 0, 0, 0, 0, 0, 0, 0,
0, 0, 0, 0, 0, 0, 0, 0, 0, 0, 0, 0, 0, 0, 0.832946, 0.868629, 0, 0, 0, 0, 0, 0, 0,
0, 0.868629, 0, 0, 0, 0, 0, 0, 0, 0, 0, 0, 0, 0, 0, 0, 0.868629, 0, 0, 0, 0, 0, 0,
0, 0, 0.868629, 0, 0, 0, 0, 0, 0, 0, 0, 0, 0, 0, 0, 0, 0, 0.868629, 0, 0, 0, 0, 0,
0, 0, 0, 0.868629, 0, 0, 0, 0, 0, 0, 0, 0, 0, 0, 0, 0, 0, 0, 0.868629, 0, 0, 0, 0,
0, 0, 0, 0, 0.773125, 0.704496, 0, 0, 0, 0, 0, 0, 0, 0, 0, 0, 0, 0, 0, 0.868629, 0.8, 0, 0,
0, 0, 0, 0, 0.704496, 0.704496, 0, 0, 0, 0, 0, 0, 0, 0, 0, 0, 0, 0, 0, 0.8, 1, 0.8, 0,
0, 0, 0, 0, 0, 0, 0, 0, 0, 0, 0, 0, 0, 0, 0, 0, 0, 0, 0, 0, 0.8, 1, 0.816512,
0, 0, 0, 0, 0, 0, 0, 0, 0, 0, 0, 0, 0, 0, 0, 0, 0, 0, 0, 0, 0, 0.816512, 1,
Main Loop Time: 0.00902288
Number of Graph Matching Computed: 529
Number of Zero Entries Cells: 488
Env Time: 0.000576403
Dataloader Time: 0.1021
FaissIndex Time: 0.0250421
Algorithm Time: 0.0372906
