creating environment with lakes: /root/data/en/king_james_bible_para/4_11/, /root/data/en/esv_chapter/4/
1 text1_files listed
1 text2_files listed
Inverted Index Size: 428
Words: 211
Vector Size: 300
Normalized vector storage check
Index Trained: 1
Ntotal: 144
Sliding Window Computation time: 5.613e-05
Out of dictionary words: 67
K: 144
NB: 144
Faiss Search Time: 0.063233
size of I: 20736
Size of valid edges: 20268
Vector Size: 1500
Normalized vector storage check
Index Trained: 1
Ntotal: 58240
K: 58240
NB: 3
1.47816, 1.47816, 0, 0, 1.36042, 1.36042, 1.36042, 1.36042, 1.28919, 0, 0, 0, 0, 0, 0, 0.737364, 0, 0, 0, 0, 0, 0, 0, 0, 0, 0, 0, 0, 0, 0, 0, 0, 0, 0, 0, 0, 0, 0, 0, 0, 0, 0, 0, 0, 0, 0, 0, 0, 0, 0, 0, 0, 0, 0, 0, 0, 0, 0, 0, 0, 0, 0, 0, 0, 0, 0, 0, 0, 0, 0, 0, 0, 0, 0, 0, 0, 0, 0, 0, 0, 0, 0, 0, 0, 0, 0, 0, 0, 0, 0, 0, 0, 0, 0, 0, 0, 0, 0, 0, 1.14374, 1.14374, 1.02543, 1.2006, 1.2006, 0, 0, 0, 0, 0, 0, 0, 1.45125, 1.07137, 1.07137, 1.07137, 1.28967, 0, 0, 0, 0, 0, 0, 0, 0, 0, 0, 0, 0.790642, 1.01647, 1.01647, 1.01647, 1.01647, 0, 0, 0, 0, 0, 0, 0, 0, 0, 0, 0, 0, 0, 0, 0, 0, 0, 1.27348, 1.27348, 1.2846, 1.2846, 1.2846, 0, 0, 0, 0, 0, 0, 0, 0, 0, 1.5, 1.5, 1, 1.15601, 1.15601, 0, 0, 0, 0, 0, 0, 0, 0, 0, 0, 1.05965, 2, 2, 2, 2, 1, 0, 0, 0, 0, 0, 0, 0, 0, 0, 0, 0, 0, 0.93652, 0.93652, 0.93652, 0, 0, 0, 0, 0, 0, 0, 0, 0, 0, 1.09029, 1.297, 1.51515, 1.51515, 1.51515, 0, 0, 0, 0, 0, 0, 0, 0, 0, 0, 0, 0, 0, 0, 0, 0, 0, 0.808278, 0.75735, 0.894118, 0.894118, 0.894118, 0, 0, 0, 0, 0, 0, 0, 0, 0, 0, 0, 0, 0, 0, 0, 0, 0, 0, 0, 0, 0, 0, 0, 0, 0, 0, 1.18286, 1.5186, 1.5186, 2, 2, 1.63531, 1.63531, 1.63531, 1.16298, 1.16298, 1.16298, 1.16298, 0.827236, 0, 0, 0, 0, 1.27348, 1.27348, 1.47945, 1.47945, 1.47945, 0.702274, 0.702274, 0, 0, 0, 0, 0, 0, 0, 0, 0, 0, 0, 0.740746, 0, 0, 0, 0, 0, 0, 0, 0, 0, 0, 0, 0, 0, 0, 0, 0, 0, 0, 0, 0, 0, 0, 0, 0, 0, 0, 0, 0, 0, 0, 0, 0, 0, 0, 0, 0, 0, 0, 0, 0, 0, 0, 0, 0, 0, 0, 0, 0, 0, 0, 0, 0, 0, 0, 0, 0, 0, 0, 0, 1.0713, 2, 2, 2, 2, 1.63531, 1.15392, 1.63531, 2, 2, 2, 2, 1.16353, 0.716448, 0.716448, 0.716448, 0.898393, 0.898393, 0, 0, 0, 0, 0, 0, 0, 0, 0, 0, 0, 0, 0, 0, 0, 0, 0, 0, 0, 0, 0, 0, 0, 0, 0, 0, 0, 0, 0, 0, 0, 0, 0, 0, 0, 0, 0, 0, 0, 0, 0, 0, 0, 0, 0, 0, 0, 0, 0, 0, 0, 0, 0, 0, 0, 0, 0, 0, 0, 0, 0, 0, 1.5186, 1.5186, 1.5186, 1.5186, 1.16353, 1.19784, 1.27348, 1.27348, 1.27348, 1.27348, 0, 0, 0, 0.745452, 0.745452, 0.718574, 0.718574, 0.718574, 0, 0, 0, 0, 0, 0, 0, 0, 0, 0, 0, 0, 0, 0, 0, 0, 0, 0, 0, 0, 0, 0, 0, 0, 0, 0, 0, 0, 0, 0, 0, 0, 0, 0, 0, 0, 0, 0, 0, 0, 0, 0, 0, 0, 0, 0, 0, 1.10898, 1.10898, 1.5, 1.5, 1.5, 0, 0, 0, 0.771233, 0.771233, 0.935219, 0.935219,
1.47827, 1.47839, 0, 0, 1.36099, 1.42353, 1.4237, 1.46007, 1.38896, 0, 0, 0, 0, 0.704614, 0, 0.854285, 0, 0, 0, 0, 0, 0, 0, 0, 0, 0, 0, 0, 0, 0, 0, 0, 0, 0, 0.721265, 0.721427, 0, 0, 0, 0, 0, 0, 0, 0, 0, 0, 0, 0, 0, 0, 0, 0, 0, 0, 0, 0, 0, 0, 0, 0, 0, 0, 0, 0, 0, 0, 0, 0, 0, 0, 0, 0, 0, 0, 0, 0, 0, 0, 0.775866, 0, 0, 0, 0, 0, 0, 0, 0, 0, 0, 0, 0, 0.780278, 0.813353, 0.846934, 0.847078, 0.84727, 0, 0.769572, 0, 1.19524, 1.19536, 1.05051, 1.31902, 1.31913, 0, 0, 0, 0, 0, 0, 0.744128, 1.60152, 1.17967, 1.1505, 1.15062, 1.30257, 0, 0, 0, 0, 0, 0, 0, 0, 0, 0, 0, 1.2864, 1.52174, 1.51244, 1.69539, 1.6955, 0.820973, 0, 0, 0, 0, 0, 0, 0, 0, 0, 0, 0, 0, 0, 0, 0, 0, 1.29035, 1.29037, 1.35566, 1.30162, 1.30174, 0, 0, 0, 0, 0, 0, 0.745421, 0.745539, 0.745641, 1.74576, 1.51839, 1.01852, 1.17463, 1.18234, 0, 0, 0, 0, 0, 0, 0, 0, 0, 0, 1.26314, 2.20369, 2.05098, 2.02037, 2.02048, 1.0206, 0, 0, 0, 0, 0, 0, 0, 0, 0, 0, 0, 0, 1.03755, 0.958769, 1.01181, 0, 0, 0, 0, 0, 0, 0, 0, 0, 0, 1.31328, 1.61041, 1.82867, 1.8288, 1.58922, 0, 0, 0, 0, 0, 0, 0, 0.831404, 0.777942, 0, 0, 0, 0, 0, 0, 0, 0, 1.40084, 1.26504, 1.40193, 1.40205, 1.40217, 0, 0, 0, 0, 0, 0, 0, 0, 0, 0, 0, 0, 0, 0, 0, 0, 0, 0, 0, 0, 0, 0, 0, 0, 0.848984, 0.849056, 1.29612, 2.21234, 2.06888, 3.02972, 3.02984, 2.66527, 1.66539, 2.66551, 1.68482, 1.68494, 1.85776, 1.85786, 1.03303, 0, 0, 0, 0, 1.30477, 1.30482, 1.56499, 1.51102, 1.51115, 0.734063, 0.890977, 0, 0, 0, 0, 0, 0, 0, 0.745046, 0.745166, 0.745358, 0, 0.773927, 0, 0, 0.748947, 0.749067, 0, 0.774517, 0, 0, 0, 0, 0, 0, 0.703267, 0, 0, 0, 0, 0, 0, 0.721202, 0.721326, 0.735014, 0, 0, 0, 0, 0, 0, 0, 0, 0, 0, 0, 0, 0, 0, 0, 0, 0, 0, 0, 0, 0, 0, 0, 0, 0, 0, 0, 0, 0, 0, 0, 0, 0, 0, 0, 0, 0, 1.16412, 2.09294, 2.04029, 3.0404, 3.04052, 2.67595, 1.67607, 2.67619, 2.12052, 2.12064, 2.04124, 2.24124, 1.24133, 1.23933, 1.2394, 1.23952, 1.42156, 1.42168, 0, 0, 0, 0, 0, 0, 0, 0, 0, 0, 0, 0, 0, 0, 0, 0, 0, 0, 0, 0, 0, 0, 0, 0, 0, 0, 0, 0, 0, 0, 0, 0, 0, 0, 0, 0, 0, 0, 0, 0, 0, 0, 0, 0, 0, 0, 0, 0, 0, 0, 0, 0, 0, 0, 0, 0, 0, 0, 0, 0, 0, 1.2278, 2.04946, 2.04958, 2.0497, 2.21332, 1.24979, 1.24985, 1.52337, 1.52346, 1.35367, 1.3538, 0.735826, 0, 0, 0.796285, 0.796405, 0.864914, 0.865034, 0.913705, 0, 0.778794, 0, 0, 0, 0, 0, 0, 0, 0, 0, 0, 0, 0, 0, 0, 0, 0, 0, 0, 0, 0, 0, 0, 0, 0, 0, 0, 0, 0, 0, 0, 0, 0, 0, 0.772471, 0, 0, 0, 0, 0, 0, 0, 0, 0, 0, 0, 1.16589, 1.16601, 1.55715, 1.60367, 1.6038, 0, 0, 0, 1.31048, 1.3106, 1.53322, 1.47485,
1.47803, 1.47783, 0, 0, 1.35919, 1.44487, 1.44467, 1.60441, 1.47037, 0, 0, 0.76832, 0, 0.742069, 0, 0.891274, 0, 0, 0, 0, 0, 0, 0, 0, 0, 0, 0, 0, 0, 0, 0, 0, 0, 0, 0.826274, 0.826078, 0.715509, 0, 0, 0, 0, 0, 0, 0, 0, 0, 0, 0, 0, 0, 0, 0.715401, 0, 0, 0, 0, 0, 0, 0, 0, 0, 0, 0, 0, 0, 0, 0, 0, 0, 0, 0, 0, 0, 0, 0.721917, 0, 0, 0, 0.748873, 0, 0, 0, 0.708937, 0, 0, 0, 0, 0, 0, 0, 0, 0.873682, 0.838798, 0.972938, 0.815254, 0.815062, 0, 0.741473, 0, 1.29048, 1.29023, 1.13111, 1.28443, 1.28423, 0, 0, 0, 0, 0.765135, 0, 0.773122, 1.72581, 1.27428, 1.15677, 1.15648, 1.26296, 0, 0, 0, 0, 0, 0, 0, 0, 0, 0, 0, 1.24254, 1.58353, 1.46775, 1.65041, 1.8993, 0.94373, 0, 0, 0, 0, 0, 0, 0, 0, 0, 0, 0, 0, 0, 0, 0, 0, 1.23868, 1.23862, 1.45424, 1.24944, 1.2493, 0, 0, 0, 0, 0, 0, 0, 0, 0, 1.68996, 1.46219, 0.961987, 1.1175, 1.29576, 0, 0, 0, 0, 0, 0, 0, 0, 0, 0, 1.20198, 2.16555, 1.98908, 1.9581, 1.95789, 0.957654, 0, 0, 0, 0, 0, 0, 0, 0, 0, 0, 0.83676, 0, 1.019, 0.890286, 0.94304, 0, 0, 0, 0, 0, 0, 0, 0, 0, 0, 1.32314, 1.53784, 1.8768, 1.87654, 1.58652, 0, 0, 0, 0, 0, 0, 0, 1.04953, 0.7651, 0, 0, 0, 0, 0, 0, 0, 0, 1.40794, 1.18432, 1.32095, 1.3207, 1.32046, 0, 0, 0, 0, 0, 0, 0, 0, 0, 0, 0, 0, 0, 0, 0, 0, 0, 0, 0, 0, 0, 0, 0, 0, 0.979538, 0.97929, 1.20618, 2.15314, 1.97829, 2.93877, 2.93854, 2.57348, 1.57324, 2.57298, 1.87917, 1.87894, 1.76402, 1.76377, 0.938632, 0, 0, 0, 0, 1.2089, 1.20878, 1.52807, 1.41426, 1.41402, 0, 0.793215, 0, 0, 0, 0, 0, 0, 0, 0, 0, 0, 0, 0, 0, 0, 0, 0, 0, 0, 0, 0, 0, 0, 0, 0, 0.788685, 0.710318, 0, 0, 0, 0, 0, 0.775445, 0.77516, 0, 0, 0, 0, 0, 0, 0, 0, 0, 0, 0, 0, 0, 0, 0, 0, 0, 0, 0, 0, 0, 0, 0, 0, 0, 0, 0, 0, 0, 0, 0, 0, 0, 0, 0, 0, 0, 0, 1.19103, 2.11948, 1.91691, 2.91671, 2.91649, 2.55142, 1.55118, 2.55093, 2.08467, 2.08442, 1.91503, 2.11469, 1.11445, 1.11229, 1.11219, 1.11199, 1.29343, 1.29319, 0, 0, 0, 0, 0, 0, 0, 0, 0, 0, 0, 0, 0, 0, 0, 0, 0, 0, 0, 0, 0, 0, 0, 0, 0, 0, 0, 0, 0, 0, 0, 0, 0, 0, 0, 0, 0, 0, 0, 0, 0, 0, 0, 0, 0, 0, 0, 0, 0, 0, 0, 0, 0, 0, 0, 0, 0, 0, 0, 0, 0, 1.07666, 1.89803, 1.89779, 1.89755, 2.08551, 1.09697, 1.09686, 1.37018, 1.50446, 1.30425, 1.30399, 0, 0, 0, 0, 0, 0.708486, 0.708238, 0.853622, 0, 0, 0, 0, 0, 0, 0, 0, 0, 0, 0, 0, 0, 0, 0, 0, 0, 0, 0, 0, 0, 0, 0, 0, 0, 0, 0, 0, 0, 0, 0, 0, 0, 0, 0, 0, 0, 0, 0, 0, 0, 0, 0, 0, 0, 0, 0, 1.05265, 1.0525, 1.38218, 1.51638, 1.51609, 0, 0, 0, 1.13321, 1.13295, 1.48359, 1.29627,
Main Loop Time: 2.40609
Number of Graph Matching Computed: 1542
Number of Zero Entries Cells: 1140
Number of Pruned Cells: 0
Number of Estimated Cells Above Threshold: 0
Number of Cells Above Threshold: 0
Env Time: 0.000706174
Dataloader Time: 0.0373307
FaissIndex Time: 0.0249322
Algorithm Time: 2.48835
