creating environment with lakes: /root/data/en/king_james_bible_para/2_15/, /root/data/en/esv_chapter/2/
1 text1_files listed
1 text2_files listed
Inverted Index Size: 530
Words: 255
Vector Size: 300
Normalized vector storage check
Index Trained: 1
Ntotal: 192
Sliding Window Computation time: 8.464e-05
Out of dictionary words: 63
K: 192
NB: 192
Faiss Search Time: 0.0724066
size of I: 36864
Size of valid edges: 35155
Vector Size: 1500
Normalized vector storage check
Index Trained: 1
Ntotal: 88440
K: 88440
NB: 23
0, 0, 0, 0, 0, 0, 0.844557, 0.844557, 0.719404, 0.99957, 0.99957, 0.821012, 0.821012, 0, 0, 0, 0, 0, 0, 0, 0, 0, 0, 0, 0, 0, 0, 0, 0, 0, 0, 0, 0, 0, 0, 0, 0.727646, 0.716773, 0, 0, 0, 0, 0, 0, 0.755753, 0.740159, 0.747565, 0.747565, 0.747565, 0, 0, 0, 0, 0, 0, 0, 0, 0, 0, 0, 0, 0, 0, 0, 0, 0, 0, 0.702768, 0, 0.878676, 0, 0, 0, 0.799619, 0.73633, 0.73633, 0, 0, 0, 0, 0, 0, 0, 0, 0, 0, 0.99618, 0.738265, 0.738265, 0.812036, 0.812036, 0, 0, 0, 0, 0, 0, 0, 0, 0, 0, 0.785409, 0.785409, 0.776043, 0, 0.987737, 0, 0, 0, 0, 0, 0, 0, 0, 0, 0, 0, 0, 0.76317, 0.775656, 0.797984, 0, 0.875591, 0.875591, 0.8988, 0.715196, 0.86449, 0, 0, 0, 0, 0, 0.723296, 0.723296, 0.7863, 0, 0, 0, 0.988338, 0, 0, 1.04557, 1.06438, 0.92241, 0.770216, 1.15146, 0.862578, 0.850186, 1.00112, 0.989756, 0.847781, 0.753319, 0.753319, 0.767318, 0.767318, 0.767318, 0, 0, 1.15047, 1.05596, 1.05596, 0, 0.726497, 0, 0, 0, 0, 1.12861, 1.12861, 1.20695, 1.20695, 1.20695, 0, 0, 0, 0, 0, 0, 0, 0.750484, 0.750484, 0, 0, 0, 0, 0, 0, 0, 0, 0, 0, 0, 0, 0, 0, 0, 0, 0, 0, 0, 0.724571, 0.955437, 1.32669, 1.32669, 1.32108, 1.17972, 0, 0, 0, 0, 0, 0, 0, 0, 0, 0, 0, 0, 0, 0, 0, 0, 0, 0, 0, 0, 0.885366, 0.786436, 0.915748, 0, 0.878676, 0, 0, 1.5943, 1.5943, 1.56727, 2.28593, 2.00985, 1.05009, 1.30098, 1.44861, 0, 0.880189, 0.880189, 0, 0, 0.774661, 0, 0, 0, 0, 0, 0, 0, 0, 0, 0, 0, 0, 0, 0, 0, 0, 0, 0, 0, 0, 0, 0, 0, 0, 0, 0, 0, 0, 0, 0, 0, 0, 0, 0, 0, 0, 0, 0, 0, 0, 0, 0, 0, 0, 0, 0, 0, 0, 0, 0, 0, 0, 0, 1.47813, 1.11249, 1.11249, 1.54882, 1.55302, 0, 0, 0, 0, 0, 0.958346, 0.757591, 1.03369, 0.891411, 0.891411, 0, 0, 0, 0, 0, 0, 0, 0.949363, 1.05999, 1.05999, 1.02213, 0.974853, 0, 0, 0, 0, 0, 0, 0, 0, 1.22904, 1.11655, 1.11655, 1, 1, 0, 0, 0, 0, 0, 0, 0, 0, 0, 0, 0, 0, 0, 0, 0, 0, 0, 0, 0, 0, 0, 0, 0, 0, 0, 0, 0, 0, 0, 0, 0, 0, 0, 0, 0, 0, 0, 0, 0, 0, 0, 0, 0, 0, 0, 0, 0, 0, 0, 0, 0, 0, 0, 0, 0, 0, 0, 0, 0, 0, 0, 0, 0, 0, 0, 0, 0.7085, 0.813938, 0.789018, 0.81349, 0.81349, 0.901715, 0.811274, 0.811274, 0, 0, 0, 0, 0, 0, 0, 0, 0, 0, 0, 0, 0, 0, 0, 0, 0, 0, 0, 0, 0, 0, 0, 0, 0, 0, 0, 0, 0, 0, 0.79597, 0, 0, 0, 0, 0, 0, 0, 0, 0, 0, 0, 0.720287, 0, 0, 0, 0, 0, 0, 0, 0.775112, 0, 0, 0, 0, 0, 0, 0, 0, 0, 0, 0, 0, 0.71449, 0, 1.56538, 1.56538, 1.52716, 1.20695, 1.29397, 0, 0, 0, 0.806943, 0.740695, 0.740695, 1.5186, 1.5186, 1, 1, 1, 0, 0, 0, 0, 0, 0, 0, 0, 0, 0, 0.824024, 0, 0, 0, 0, 0.713465, 0.73633, 0.73633, 0, 0.714194, 0, 0, 0, 0, 0, 1.45782, 1.45782, 1.36116, 1.30084, 1.30084, 0, 0, 0, 0, 0, 0, 0, 0, 0, 1.28135, 1, 2, 2, 2.28961, 1.51538, 1.51538, 0, 0, 0, 0, 0, 0, 0, 0, 0, 0, 0, 0, 0, 0, 0, 0, 0, 0, 0, 0, 0, 0, 0, 1.49543, 1.49543, 1.49543, 1.20581, 1, 0, 0, 0, 0, 0, 0, 0, 0, 0, 0, 0, 0, 0, 0, 0, 0, 0, 0, 0, 0, 0, 0, 0, 0, 0, 0, 0, 0, 0.845931, 0.821951, 0.821951, 0.785409, 0.785409, 0, 0.795548, 1.13945, 0, 0.761639, 0.830592, 0, 0, 0, 0, 0, 0, 0, 0, 0.843747, 0.91734, 0.711667, 0.993001, 1.21096, 0.761548, 0.747346, 0.747346, 0.735162, 0, 0, 0, 0, 0, 0, 0, 0, 0, 0, 0, 0, 0, 0, 0, 0.704642, 0.704642, 0, 0, 1.00112, 0.926248, 0.926248, 0.888135, 0.744307, 0, 0, 1.34184, 1.34184, 1.34184, 1.6314, 1.55302, 0, 0, 0, 0, 0, 0, 0.719359, 0.719359, 1.09217, 0.891411, 0.891411, 1.37281, 1.64332, 1.46324, 1.46324, 1.46324, 0.821765, 0, 0, 0, 0, 0, 0, 0, 0, 0, 0, 0.755933, 0.755933, 0.824577, 0.744307, 0.744307, 0, 0, 0, 0, 0.899784, 0.977623, 0.867796, 0.782554, 1.08353, 0, 0, 0.710592, 0.710592, 0, 0, 0, 0, 0, 0, 0, 0, 0, 0.765792, 0.765792, 0.736861, 0, 0.906664, 0, 0, 0, 0, 0, 0, 0, 0.804604, 0.804604, 0, 0, 1.41039, 1.12439, 1.28194, 1.461, 1.461, 1.57561, 1.57561, 0, 0, 0, 0.718039, 0.718039, 0.718039, 0, 0, 0, 0, 0, 0, 0, 0, 0, 0, 0, 0, 0, 0, 0, 0, 0, 0, 0, 0, 0, 0, 0, 0, 0, 0, 0, 0, 0, 0, 0, 0,
0, 0, 0, 1.14, 1.36549, 1.36526, 1.55347, 1.55324, 0.717534, 0.997336, 0.997147, 0.818423, 0.81823, 0, 0, 0, 0, 0, 0, 0, 0, 0, 0, 0, 0.749721, 0.934421, 1.09707, 1.09681, 1.28001, 0, 0, 0, 0.706812, 0.788541, 0.860382, 0.827515, 0.910391, 0.780262, 0, 0, 1.34075, 0.990748, 1.24843, 1.24823, 1.52265, 1.4557, 1.54315, 1.46265, 1.4624, 0, 0, 0, 0, 0, 0, 0.721163, 0.720936, 0.72071, 0, 0, 0, 0, 0, 0.764109, 0, 0.771471, 0.771335, 0.920448, 0.743347, 1.05152, 0, 0.896012, 0, 1.33324, 1.25839, 1.25816, 0.972711, 0.972484, 0, 0, 0, 0, 0, 0, 0, 0, 0.977073, 0.718991, 0.718764, 0.792281, 0.792066, 0, 0, 0, 0, 0, 0, 0, 0.977034, 0.83999, 0.839764, 1.34542, 1.3452, 0.816682, 0, 1.67464, 1.16853, 1.1683, 0.975886, 0.975705, 0, 0, 0, 0, 0, 0, 0, 0, 0.904896, 0.937117, 1.08858, 0, 1.16559, 0.847982, 1.0624, 0.862737, 1.02767, 0, 0, 0.762271, 0.942922, 0.793561, 0.869937, 0.869733, 0.932501, 0, 0, 0, 0.958118, 0, 0, 1.01459, 1.14791, 0.891018, 0.819633, 1.32218, 1.02066, 0.95532, 1.15236, 1.86253, 1.52526, 1.46366, 1.46347, 1.47056, 1.47034, 1.47011, 1.39252, 1.39229, 1.82599, 1.02087, 1.02065, 0, 0.738451, 0, 0, 0, 0, 1.10211, 1.10188, 1.2384, 1.23817, 1.23795, 0, 0, 0, 0, 0, 0, 0, 0.813538, 0.813311, 0.754688, 0, 0, 0, 0, 0, 0, 0, 0, 0, 0, 0, 0, 0, 0, 0, 0, 0, 0, 0.855687, 1.02114, 1.53357, 1.53334, 1.30569, 1.13473, 0, 0, 0, 0, 0, 0.996046, 0.93426, 0.934033, 0.933806, 1.07372, 0, 0, 0, 0, 0, 0, 0, 0, 0.716113, 0, 0.860948, 0.736455, 1.05361, 0.707976, 1.0162, 0, 0.860741, 1.54313, 1.68567, 1.51564, 2.28214, 1.99598, 0.997575, 1.70252, 1.8497, 0.849482, 1.28088, 1.28065, 0.951961, 0, 0.833196, 0, 0, 0, 0, 0, 0, 0, 0, 0, 0, 0, 0, 0, 0, 0, 0, 0, 0, 0, 0, 0, 0, 0, 0, 0, 0, 0, 0, 0, 0, 0, 0, 0, 0, 0.721045, 0.720819, 0, 1.02149, 0.984515, 0.840177, 1.00681, 1.00659, 0, 0, 0, 0, 0, 0, 0, 0, 0, 0, 0, 1.64583, 1.27996, 1.27974, 1.71583, 1.48727, 0, 0, 0, 0, 0, 0.891227, 0, 1.03805, 0.823521, 0.823339, 0, 0, 0, 0, 0, 0, 0, 1.00492, 1.1153, 1.11508, 1.05146, 0.904553, 0, 0, 0, 0, 0, 0, 0, 0, 1.38919, 1.04394, 1.04371, 0.926936, 0.926709, 0, 0, 0, 0, 0, 0, 0, 0, 0, 0, 0, 0.71383, 0, 0, 0, 0, 1.15378, 1.37936, 1.14851, 1.14829, 1.30832, 0, 0, 0, 0, 0, 0, 0, 0, 0, 0, 0, 0, 0, 0, 0, 0, 0, 0, 0, 0, 0, 0, 0, 0, 0, 0, 0, 0, 0, 0, 0, 0, 0, 0, 0, 0, 0, 0, 0, 1.27865, 0.913285, 0.913149, 1.13061, 1.13039, 0, 0, 0.754496, 0.700863, 0.809986, 0.809759, 0.897749, 0.722321, 0.722094, 0, 0, 0, 0, 0, 0.877199, 1.01013, 0.811702, 0.811567, 0.984888, 0, 0, 0, 0, 0, 0, 0, 0, 0, 0, 0, 0, 0, 0, 0, 0, 0, 0, 0.744801, 0, 1.15437, 1.08024, 1.08001, 0.893297, 0.89307, 0, 0, 0, 0, 0, 0, 0, 0.833574, 0, 0, 0, 1.1314, 0.900557, 1.1113, 1.1111, 1.40058, 1.25831, 1.25808, 1.07198, 1.07175, 0, 0, 0, 0, 0, 0, 0, 0, 0, 0, 1.46213, 1.4619, 1.56308, 1.17158, 1.32943, 0, 0.716341, 0, 0.947177, 0.788823, 0.788596, 1.41294, 1.41271, 0.893983, 0.893756, 0.893529, 0, 0, 0, 0, 0, 0, 1.12278, 0.891934, 1.2003, 1.20008, 1.44075, 0, 0, 0, 0, 1.15337, 1.16468, 1.16445, 0.879002, 1.05816, 0, 0, 0, 0, 0, 1.37101, 1.37078, 1.33939, 1.18806, 1.18783, 0, 0, 0, 0, 0, 0, 0, 0, 0, 1.16608, 0.884507, 1.88428, 1.88405, 2.88382, 2.10919, 2.10898, 1.10881, 1.26319, 0.82454, 0, 0, 0.764075, 0.702063, 0, 0, 0, 0, 0, 0, 0, 0, 0, 0, 0, 0, 0, 0, 1.04944, 1.25502, 2.25483, 2.08361, 2.08337, 1.08317, 0.877133, 0, 0, 0, 0, 0, 0, 0, 0, 0, 0, 0, 0, 0, 0, 0, 0, 0, 0, 0, 0, 0, 0, 0, 0, 0, 0, 0, 0, 1.11593, 1.09172, 1.09149, 1.23799, 1.23776, 0, 1.3752, 1.71891, 1.2128, 1.35579, 1.52973, 0, 0, 0, 0, 0, 0, 0, 0, 0.725045, 1.00037, 0, 0.936997, 1.16462, 0.70512, 0, 0, 0.717722, 0, 0, 0, 0, 0, 0, 0, 0.951084, 1.07409, 0.729971, 0, 0, 0, 0, 0, 0, 0, 0, 0, 1.00507, 0.82317, 0.947272, 0.840288, 0, 0.83973, 1.03456, 1.80864, 1.80842, 1.80819, 1.48924, 1.41063, 0, 0, 0, 0, 0, 0, 0, 0, 0.947955, 0.746932, 0.74666, 1.22793, 1.51185, 1.46528, 1.46505, 1.46481, 0, 0, 0, 0, 0, 0, 0, 0, 0, 0, 0, 0, 0, 0.768331, 0, 0, 0.831108, 1.02594, 0.967858, 0.967635, 1.35724, 0.86805, 0.716584, 0, 1.38594, 1.07016, 0.845321, 1.09582, 1.09559, 0, 0, 0, 0, 0, 0, 0, 0, 0, 1.33657, 1.56207, 1.29205, 1.07035, 1.4614, 0, 0, 0, 0, 0, 0, 0, 0, 0, 0, 0.834875, 1.83465, 1.54843, 1.72318, 2.00906, 1.40156, 2.12692, 2.12669, 1.12645, 1.03978, 1.03963, 0, 0, 0, 0, 0, 0, 0, 0, 0, 0, 0, 0, 0, 0, 0, 0, 0, 0, 0, 0, 0, 0, 0, 0, 0, 0, 0, 0, 0, 0, 0, 0, 0, 0, 0.954738,
0, 0, 0, 1.16849, 2.14188, 2.14217, 2.3308, 2.33109, 1.49575, 0.703732, 0.704064, 0, 0, 0, 0, 0, 0, 0, 0, 0, 0, 0, 0, 0, 0.760867, 0.946006, 1.10906, 1.10945, 1.23373, 0, 0.708136, 0.70466, 0.82644, 0.780863, 0.903836, 0.778726, 0.862015, 0.79767, 0, 0, 1.35949, 1.00996, 1.2681, 1.2682, 1.49164, 1.4762, 1.55125, 1.4841, 1.48444, 0, 0, 0, 0, 0, 0, 0.746338, 0.746578, 0.746818, 0, 0, 0, 0, 0, 0.793008, 0, 0, 0, 0.768137, 0, 0.900156, 0, 0.928375, 0, 1.36648, 1.20841, 1.2087, 1.00743, 1.00767, 0, 0, 0, 0, 0, 0, 0, 0, 0.935635, 0, 0, 0.83315, 0.833394, 0, 0, 0, 0.722031, 0.722271, 0, 0, 1.02202, 0.885425, 0.885665, 1.09373, 1.09407, 0, 0, 1.42492, 1.21734, 1.21758, 1.02568, 1.02592, 0, 0, 0, 0, 0, 0, 0, 0, 0.776319, 0.80904, 0.960868, 0.734129, 0.927037, 0.724671, 0.793646, 0, 0.75984, 0.748077, 0.748173, 0, 0.861917, 0.71743, 0.752107, 0.752275, 0.748344, 0, 0, 0, 0.749727, 0.730038, 0.730374, 0.972588, 1.08821, 0.849865, 0, 1.19473, 1.13663, 1.02163, 1.14396, 1.85463, 1.51781, 1.45657, 1.45691, 1.45369, 1.45393, 1.45417, 1.4233, 1.42354, 1.8078, 0.978488, 0.978728, 0.735318, 0.811593, 0, 0, 0, 0, 0, 0, 0, 0, 0, 0, 0, 0, 0, 0, 0, 0, 0.847235, 0.847475, 0.712165, 0, 0, 0, 0, 0, 0, 0, 0, 0, 0, 0, 0, 0, 0, 0, 0, 0, 0, 0.821222, 0.790942, 1.2558, 1.25604, 1.15745, 1.01633, 0.709102, 0, 0, 0, 0, 1.0111, 1.03012, 1.03036, 1.0306, 1.17092, 0, 0, 0, 0, 0, 0.755034, 0, 0, 0.922262, 0, 0.780547, 0, 0.974092, 0, 0.93738, 0, 0.965647, 0.923072, 1.21539, 0.907313, 1.90751, 1.62192, 1.34762, 1.81078, 1.93739, 0.944329, 1.36944, 1.36968, 1.06245, 0, 0.944654, 0, 0, 0, 0, 0, 0, 0, 0, 0, 0, 0, 0, 0, 0, 0, 0, 0, 0, 0, 0.759948, 0, 0, 0, 0, 0, 0, 0, 0, 0, 0, 0, 0, 0.719635, 0.759006, 0.85818, 0.85842, 0, 1.10454, 1.09141, 0.954217, 1.11452, 1.11476, 0.710571, 0, 0, 0, 0, 0, 0, 0, 0, 0, 0.918063, 1.00516, 0, 0, 1.07662, 1.01986, 0.745575, 0.910078, 0.910462, 0.749757, 0, 0.818355, 0, 0.894095, 0.75208, 0.752368, 0, 0, 0, 0, 0, 0, 0.732269, 1.03987, 0.992324, 0.992564, 0.907663, 0.838606, 0, 0, 0, 0, 0, 0, 0, 0, 0.764145, 0, 0, 0, 0, 0, 0, 0, 0, 0, 0, 0, 0, 0, 0, 0.836301, 0.795479, 0, 0.719342, 0.719546, 0, 1.31194, 2.31215, 2.08184, 2.08208, 2.24253, 1.47589, 0, 0, 0, 0, 0, 0, 0, 0, 0, 0, 0, 0, 0, 0, 0, 0, 0, 0, 0.723522, 0, 0.763828, 0, 0.733815, 0.771305, 0.771545, 0, 0, 0, 0, 0, 0, 0, 0, 0, 0.779544, 0.779784, 0.780072, 0, 1.4568, 1.0918, 1.09204, 1.30992, 1.31016, 0, 0.801438, 0.944279, 0.882316, 0.991675, 0.991915, 1.0804, 0.905496, 0.905736, 0.737096, 0.737336, 0, 0, 0, 0.963267, 1.09654, 0.984337, 0.984457, 1.15142, 0.747303, 0, 0, 0, 0, 0, 0, 0, 0, 0, 0, 0, 0, 0.702724, 0.818627, 0, 0.860317, 0.860557, 0.914955, 0, 1.32546, 1.25176, 1.25205, 1.09143, 1.09167, 0.707752, 0, 0, 0, 0, 0.804773, 0.805013, 1.03582, 0, 0, 0, 1.33567, 1.10536, 1.31652, 1.31667, 1.6064, 1.46442, 1.46466, 1.27907, 1.27931, 0, 0, 0, 0, 0, 0, 0, 0, 0.82062, 0, 0.949241, 0.949481, 1.00237, 0, 0.769656, 0, 0.802891, 0, 0.837154, 0, 0, 1.41921, 1.41945, 1.11228, 1.11252, 1.11276, 0, 0, 0, 0, 0, 0, 1.34479, 1.11448, 1.42327, 1.42351, 1.66459, 0.778691, 0.778931, 0.833686, 0.833926, 1.37946, 1.30753, 1.30782, 1.10655, 1.28617, 0.722872, 0, 0, 0.700597, 0, 0.851087, 0.851327, 0.796868, 0, 0, 0, 0, 0, 0, 0, 0, 0, 0, 0, 0, 0, 1.39715, 1.39739, 2.34887, 3.12332, 3.12356, 2.12384, 2.26801, 1.84035, 0.840638, 0.840882, 0.992707, 0.945398, 0, 0, 0, 0, 0, 0, 0, 0, 0, 0, 0, 0, 0.938184, 0.783576, 1.2997, 1.50571, 1.73172, 1.56106, 1.56129, 0, 0, 0, 0, 0, 0, 0.756634, 0, 0.768162, 0.768402, 0, 0, 0, 0, 0, 0, 0, 0, 0, 0, 0, 0, 0.945841, 0.946129, 0.946357, 0.71887, 0.922299, 0, 0.768211, 0.768331, 1.38191, 1.3675, 1.36774, 1.20737, 1.20761, 0, 1.34617, 1.69027, 1.48268, 1.73319, 1.94554, 1.02414, 0, 0, 0, 0, 0, 0, 0, 0.702836, 0.978574, 0, 0.923758, 1.42328, 1.22449, 1.13216, 1.1324, 0.996292, 0, 0, 0, 0, 0.724121, 0.885631, 0.885919, 1.23351, 1.30098, 0.992337, 0.83125, 0.83149, 0, 0, 0.755158, 0.936976, 0.937216, 0.818476, 0.949921, 0.966987, 0.863394, 0.939033, 0.832607, 0, 1.1301, 1.32535, 1.3257, 1.32589, 1.32618, 1.05641, 1.10092, 0.826635, 1.06581, 1.06614, 0, 0, 0, 0, 0, 1.03367, 0.833188, 0.83338, 0.800746, 1.07147, 0.990222, 0.990558, 0.99081, 0.765282, 0, 0, 0, 0, 0, 0, 0, 0, 0, 0, 0.702054, 0.702294, 0.777941, 0, 0, 1.13922, 1.33447, 1.28036, 1.28056, 1.32556, 0.909414, 0.714634, 0, 1.26529, 1.38237, 1.15808, 1.40904, 1.40928, 0.846823, 0, 0.816889, 0, 0.884158, 0.852259, 0.991622, 0.891975, 0.892203, 1.65497, 2.65521, 2.38571, 2.16452, 2.55599, 1.55623, 0, 0.732399, 0.732639, 0, 0, 0, 0.760034, 0.760322, 0, 1.16026, 1.38627, 1.10055, 1.27565, 1.56175, 0.954506, 1.6802, 1.68044, 1.45481, 1.36837, 1.36858, 0, 0, 0, 0, 0, 0, 0, 0.763774, 0, 0, 0, 0, 0, 0, 0, 0.746268, 0.746506, 0, 0, 0, 0, 0, 0, 0, 0, 0.703786, 0.704026, 0, 0, 0, 0, 0, 0, 0, 1.29873,
0, 0, 0, 1.18787, 2.16671, 2.17327, 2.36713, 2.37151, 1.54237, 0.754238, 0.758428, 0, 0, 0, 0, 0, 0, 0, 0, 0, 0, 0, 0, 0, 0.887567, 1.07916, 1.24668, 1.25069, 1.38205, 0.762409, 0.865063, 0.865871, 0.991664, 0.956197, 1.0791, 0.959032, 1.0523, 0.991812, 0.820616, 0, 1.56877, 1.22663, 1.49001, 1.49228, 1.71846, 1.70752, 1.78898, 1.727, 1.7311, 0.736752, 0.702783, 0, 0, 0.951629, 0.959282, 1.03098, 1.03644, 1.04191, 0, 0.806556, 0.896357, 0.901824, 0.90729, 1.11596, 0.938853, 0.952884, 0.956711, 1.11249, 0.941181, 1.25544, 1.00276, 1.29298, 0.981152, 1.74167, 1.58914, 1.59451, 1.39835, 1.40381, 1.02581, 0, 0, 0.739364, 1.00275, 0.849146, 0.95655, 0.961743, 1.37882, 1.1261, 1.13156, 1.29109, 1.29683, 0.940609, 1.16088, 1.16525, 1.20498, 1.21045, 1.03416, 0.816627, 1.52765, 1.39704, 1.40251, 1.61579, 1.62043, 1.09905, 0.962893, 1.96827, 1.76592, 1.77139, 1.58467, 1.59023, 0, 0, 0, 0, 0.872168, 0.877634, 1.14097, 1.14644, 1.38466, 1.42521, 1.58177, 1.36083, 1.55847, 1.36083, 1.43422, 1.24019, 1.41268, 1.40373, 1.40509, 1.34478, 1.52336, 1.38114, 1.41653, 1.42036, 1.42193, 1.15682, 1.16229, 0.937898, 1.44738, 1.43211, 1.43621, 1.68234, 1.8018, 1.57028, 1.42693, 1.926, 1.87268, 1.7626, 1.88877, 2.60601, 2.27539, 2.21995, 2.2276, 2.2283, 2.23376, 2.23923, 2.2128, 2.21827, 2.60899, 1.78378, 1.78925, 1.55237, 1.63283, 1.40177, 1.35528, 1.35993, 1.3654, 1.43173, 1.4372, 1.39903, 1.40449, 1.40996, 1.49663, 1.50209, 1.30051, 1.30598, 1.55396, 1.52175, 1.52941, 1.75879, 1.76426, 1.63138, 1.54123, 1.54807, 1.38701, 1.50088, 1.47762, 1.2722, 1.27767, 1.39603, 1.28017, 1.46181, 1.46645, 1.47192, 1.36285, 1.36831, 1.38447, 1.38679, 1.38938, 1.61708, 1.83514, 1.81008, 2.28008, 2.28554, 2.19089, 2.05536, 1.75228, 1.37419, 1.37966, 1.38485, 1.39032, 2.08239, 2.10625, 2.11172, 2.11718, 2.26196, 1.71375, 1.77281, 1.77828, 1.78375, 1.68006, 1.8752, 1.74904, 1.75368, 2.06076, 1.83168, 1.93018, 1.81133, 2.13373, 1.79038, 2.10491, 1.85251, 2.14309, 2.10551, 2.40176, 2.09898, 3.10457, 2.8241, 2.55404, 3.02251, 3.15359, 2.16958, 2.60027, 2.60573, 2.30153, 1.90472, 2.19639, 1.9077, 1.91317, 1.79073, 1.79619, 1.51572, 1.64405, 1.64951, 1.49455, 1.68791, 1.86285, 1.88246, 1.88684, 1.8923, 1.93389, 1.71922, 1.78927, 1.79255, 1.79747, 1.83861, 2.10811, 1.93223, 1.9377, 1.94061, 1.92716, 1.53258, 1.53531, 1.66129, 1.66662, 1.71937, 1.72484, 1.73031, 1.80104, 2.12226, 2.16708, 2.27111, 2.27658, 2.11883, 2.53147, 2.52408, 2.39397, 2.55963, 2.5651, 2.16329, 1.68772, 1.88108, 1.86147, 1.86707, 1.87254, 2.01551, 2.17634, 2.05786, 2.06073, 2.41082, 2.5034, 2.14229, 2.14885, 2.5911, 2.53813, 2.26917, 2.43813, 2.44232, 2.28802, 2.05415, 2.36698, 2.17291, 2.4555, 2.31657, 2.32313, 2.02114, 2.2303, 1.86186, 2.10658, 2.11204, 2.301, 2.3408, 2.65363, 2.61129, 2.61676, 2.53627, 2.47248, 2.17072, 2.18504, 2.18845, 2.0151, 2.2248, 2.23013, 2.22832, 2.23597, 2.43532, 2.17658, 2.18205, 2.03993, 2.04275, 1.99562, 2.00109, 2.00656, 2.01202, 2.01749, 1.79839, 2.05709, 2.37476, 2.38022, 2.38432, 2.58037, 2.54478, 2.24031, 2.4763, 2.48295, 2.30284, 3.08294, 4.08781, 3.86376, 3.86922, 4.03482, 3.27354, 2.27905, 2.28452, 2.34989, 2.19404, 1.96561, 2.11275, 2.39258, 2.33732, 2.34279, 2.34825, 2.29208, 2.1199, 2.12537, 2.13083, 2.23906, 2.33323, 2.45487, 2.46034, 2.61187, 2.51486, 2.66421, 2.43778, 2.64451, 2.68727, 2.69274, 2.54203, 2.5475, 2.58738, 2.36096, 2.51083, 2.37961, 2.38508, 2.39048, 2.56527, 2.75528, 2.76074, 2.76612, 2.6706, 3.45316, 3.09075, 3.09612, 3.31925, 3.32472, 2.33037, 2.82419, 2.97227, 2.91454, 3.02733, 3.03279, 3.12908, 2.95962, 2.96509, 2.80163, 2.80709, 2.51513, 2.52032, 2.52319, 3.04803, 3.18693, 3.08, 3.0826, 3.255, 2.85579, 2.59601, 2.79959, 2.80505, 2.75571, 2.75844, 2.46303, 2.42053, 2.426, 2.67538, 2.80966, 2.81513, 2.72132, 2.86928, 2.99288, 2.83628, 3.04383, 3.0493, 3.1083, 2.76901, 3.52925, 3.45901, 3.46557, 3.31157, 3.31704, 2.93903, 2.5188, 2.52427, 2.93192, 2.93739, 3.06121, 3.06667, 3.30276, 2.90603, 2.9115, 2.61828, 3.62356, 3.3995, 3.61582, 3.61865, 3.91063, 3.77441, 3.77988, 3.59947, 3.60494, 2.61059, 2.44342, 2.79333, 2.79989, 3.00294, 3.00841, 3.01387, 2.87973, 3.19355, 3.05259, 3.33239, 3.33786, 3.39584, 3.00887, 3.17342, 2.95057, 3.21227, 3.05864, 3.25669, 3.10198, 3.10745, 3.85022, 3.85568, 3.55397, 3.55943, 3.5649, 2.85011, 2.85558, 3.09057, 3.09603, 3.09877, 2.82655, 3.83128, 3.60723, 3.92145, 3.92692, 4.17219, 3.29058, 3.29605, 3.35815, 3.36361, 3.91437, 3.84675, 3.85212, 3.65595, 3.84167, 3.28341, 2.86318, 2.9915, 3.27719, 3.18335, 3.43759, 3.44305, 3.39292, 3.29729, 3.30275, 3.03388, 3.14159, 3.05123, 2.89773, 2.90319, 3.19113, 3.04731, 3.05277, 3.05824, 3.33805, 3.06214, 4.06555, 4.07101, 5.02786, 5.80642, 5.81066, 4.82037, 4.96874, 4.54722, 3.55301, 3.55839, 3.7154, 3.67213, 3.26737, 3.27166, 3.27712, 3.12805, 3.0661, 3.25171, 3.25827, 3.26374, 3.27486, 3.45673, 3.28141, 3.28688, 3.72872, 3.57961, 4.10238, 4.31497, 4.54625, 4.37962, 4.38399, 3.43817, 3.2398, 3.11314, 3.1197, 3.12626, 3.32914, 3.61683, 3.49589, 3.63512, 3.64059, 3.45284, 3.341, 3.34537, 3.19297, 3.19843, 3.2039, 3.3074, 3.31296, 3.31842, 3.32362, 3.55708, 3.29977, 3.88809, 3.89246, 3.89684, 3.67677, 3.88552, 3.30814, 3.73976, 3.74427, 4.36276, 4.35402, 4.35949, 4.20411, 4.20958, 3.50831, 4.35896, 4.70816, 4.50581, 4.76024, 4.97706, 4.06053, 3.72224, 3.72771, 3.67161, 3.38681, 3.75014, 3.75561, 3.76108, 3.78104, 4.06124, 3.72327, 4.01723, 4.52539, 4.33125, 4.24351, 4.24898, 4.11683, 3.62289, 3.62836, 3.61193, 3.6174, 3.87287, 4.03861, 4.04399, 4.39672, 4.46838, 4.16708, 4.01118, 4.01664, 3.70203, 3.60541, 3.95613, 4.14205, 4.14752, 4.03306, 4.17228, 4.19422, 4.09616, 4.17563, 4.07434, 3.93047, 4.38354, 4.58289, 4.58845, 4.59282, 4.59938, 4.33493, 4.3844, 4.11543, 4.35906, 4.36353, 3.93874, 3.89604, 3.90041, 3.97535, 3.982, 4.35909, 4.16393, 4.1683, 4.14175, 4.41884, 4.34078, 4.34843, 4.35381, 4.13355, 3.83595, 3.53396, 4.03348, 4.03895, 4.04441, 4.04988, 4.05535, 3.56676, 3.8095, 3.81496, 4.1278, 4.13326, 4.21392, 4.13264, 4.13819, 4.59126, 4.79061, 4.74037, 4.74475, 4.79807, 4.38712, 4.19752, 4.03188, 4.75854, 4.88039, 4.66129, 4.91845, 4.92392, 4.36575, 4.17643, 4.34598, 4.21117, 4.42167, 4.39489, 4.53975, 4.44506, 4.44943, 5.22189, 6.22731, 5.96299, 5.74692, 6.14372, 5.14937, 4.15489, 4.33465, 4.34011, 4.26033, 4.26579, 4.27126, 4.38951, 4.39525, 4.09326, 4.80565, 5.03684, 4.75604, 4.93323, 5.22249, 4.61806, 5.34896, 5.35442, 5.13134, 5.04759, 5.05306, 4.3648, 4.37026, 4.37573, 4.26857, 4.27404, 4.31644, 4.32191, 4.48853, 4.39637, 4.40183, 4.26391, 4.26937, 4.16841, 4.17387, 4.17934, 4.51457, 4.51995, 4.28199, 4.28636, 4.29183, 3.96853, 3.974, 4.34942, 4.35488, 4.36035, 4.52303, 4.5285, 4.16196, 4.34854, 4.35264, 4.19875, 4.35348, 4.35785, 4.19069, 5.14991,
0, 0, 0, 1.15528, 2.12225, 2.1192, 2.1526, 2.14955, 1.24137, 0, 0, 0, 0, 0, 0, 0, 0, 0, 0, 0, 0, 0, 0, 0, 0, 0.757991, 0.877222, 0.874428, 0.893475, 0, 0, 0, 0, 0, 0, 0, 0, 0, 0, 0, 0.989136, 0.844893, 1.0974, 1.09435, 1.19299, 1.17236, 1.16937, 1.13102, 1.12804, 0, 0, 0, 0, 0, 0, 0, 0, 0, 0, 0, 0, 0, 0, 0, 0, 0, 0, 0, 0, 0, 0, 0, 0, 0.774966, 0.844793, 0.841172, 0.704483, 0.700672, 0, 0, 0, 0, 0, 0, 0, 0, 0, 0, 0, 0, 0, 0, 0, 0, 0, 0, 0, 0, 0, 0, 0, 0, 0, 0, 0, 0.927077, 0.716214, 0.712403, 0, 0, 0, 0, 0, 0, 0, 0, 0, 0, 0, 0, 0, 0, 0, 0, 0, 0, 0, 0, 0, 0, 0, 0, 0, 0, 0, 0, 0, 0, 0, 0, 0, 0, 0, 0, 0, 0, 0, 0, 0, 0.768418, 0.764606, 0.863596, 0.860611, 0.854096, 0.850285, 0.846474, 0.810071, 0.80626, 0.778582, 0, 0, 0, 0, 0, 0, 0, 0, 0, 0, 0, 0, 0, 0, 0, 0, 0, 0, 0, 0, 0, 0, 0, 0, 0, 0, 0, 0, 0, 0, 0, 0, 0, 0, 0, 0, 0, 0, 0, 0, 0, 0, 0, 0, 0, 0, 0, 0, 0, 0, 0, 0, 0, 0, 0, 0, 0, 0, 0, 0, 0, 0, 0, 0, 0, 0, 0, 0, 0, 0, 0, 0, 0, 0, 0, 0, 0, 0, 0, 0, 0, 0, 0, 0, 0, 0, 0, 0, 0, 0, 0, 0, 0, 0, 0, 0, 0, 0, 0, 0, 0, 0, 0, 0, 0, 0, 0, 0, 0, 0, 0, 0, 0, 0, 0, 0, 0, 0, 0, 0, 0, 0, 0, 0, 0, 0, 0, 0, 0, 0, 0, 0, 0, 0, 0, 0, 0, 0, 0, 0, 0, 0, 0, 0, 0, 0, 0, 0, 0, 0, 0, 0, 0, 0, 0, 0, 0, 0, 0, 0, 0, 0, 0, 0, 0, 0, 0, 0, 0, 0, 0, 0, 0, 0, 0, 0, 0, 0, 0, 0, 0, 0, 0, 0, 0, 0, 0, 0, 0, 0, 0, 0, 0, 0, 0, 0, 0, 0, 0.935722, 0.70274, 0, 0.833471, 0, 0, 0, 0, 0, 0, 0, 0, 0, 0, 0, 0, 0, 0, 0, 0, 0, 0, 0, 0, 0, 0, 0, 0, 0, 0, 0, 0, 0, 0, 0, 0, 0, 0, 0, 0, 0, 0, 0, 0, 0, 0, 0, 0, 0, 0, 0, 0, 0, 0, 0, 0, 0, 0, 0, 0, 0, 0, 0, 0, 0, 0, 0, 0, 0, 0, 0, 0, 0, 0, 0, 0, 0, 0, 0, 0, 0, 0, 0, 0, 0, 0, 0, 0, 0, 0, 0, 0, 0, 0, 0, 0, 0, 0, 0, 0, 0, 0, 0, 0, 0, 0, 0, 0, 0, 0, 0, 0, 0, 0, 0, 0, 0, 0, 0, 0, 0, 0, 0, 0, 0, 0, 0, 0, 0, 0, 0, 0, 0, 0, 0, 0, 0, 0, 0, 0, 0, 0, 0, 0, 0, 0, 0, 0, 0, 0, 0, 0, 0, 0, 0, 0, 0, 0, 0, 0, 0, 0, 0, 0, 0, 0, 0, 0, 0, 0, 0, 0, 0, 0, 0, 0, 0, 0, 0, 0, 0, 0, 0, 0, 0, 0, 0, 0, 0, 0, 0, 0, 0, 0, 0, 0, 0, 0, 0, 0, 0, 0, 0, 0, 0, 0, 0, 0, 0, 0, 0, 0, 0, 0, 0, 0, 0, 0, 0, 0, 0, 0, 0, 0, 0, 0, 0, 0, 0, 0, 0, 0, 0, 0, 0, 0, 0, 0, 0, 0, 0, 0, 0, 0, 0, 0, 0, 0, 0, 0, 0, 0, 0, 0, 0, 0, 0, 0, 0, 0, 0, 0, 0, 0, 0, 0, 0, 0, 0, 0, 0, 0, 0, 0, 0, 0, 0, 0, 0, 0, 0, 0, 0, 0, 0, 0, 0, 0, 0, 0, 0, 0, 0, 0, 0, 0, 0, 0, 0, 0, 0, 0, 0, 0, 0, 0, 0, 0, 0, 0, 0, 0, 0, 0, 0, 0, 0, 0, 0, 0, 0, 0, 0, 0, 0, 0, 0, 0, 0, 0, 0, 0, 0, 0, 0, 0, 0, 0, 0, 0, 0, 0, 0, 0, 0, 0, 0, 0, 0, 0, 0, 0, 0, 0, 0, 0, 0, 0, 0, 0, 0, 0, 0, 0, 0, 0, 0, 0, 0, 0, 0, 0, 0, 0, 0, 0, 0, 0, 0, 0, 0, 0, 0, 0, 0, 0, 0, 0, 0, 0, 0, 0, 0, 0, 0, 0, 0, 0, 0, 0, 0, 0, 0, 0, 0, 0, 0, 0, 0, 0, 0, 0, 0, 0,
0, 0, 0, 1.163, 2.09043, 2.08899, 2.05463, 2.05318, 1.15664, 0, 0, 0, 0, 0, 0, 0, 0, 0, 0, 0, 0, 0, 0, 0, 0.720005, 0.844122, 0.879685, 0.878598, 0.949077, 0, 0, 0, 0, 0, 0.70907, 0, 0, 0, 0, 0, 1.07879, 0.941841, 1.0617, 1.06028, 1.20632, 1.14414, 1.14277, 1.10673, 1.10535, 0, 0, 0, 0, 0, 0, 0, 0, 0, 0, 0, 0, 0, 0, 0, 0, 0, 0, 0.814751, 0, 0.73406, 0, 0, 0, 1.04041, 0.907606, 0.906459, 0.772067, 0.770633, 0, 0, 0, 0, 0, 0, 0, 0, 0, 0, 0, 0, 0, 0, 0, 0, 0, 0, 0, 0, 0, 0.701591, 0.700157, 0.906463, 0.905304, 0, 0, 1.11714, 0.964018, 0.962584, 0.84792, 0.846199, 0, 0, 0, 0, 0, 0, 0, 0, 0, 0, 0, 0, 0, 0, 0, 0, 0, 0, 0, 0, 0, 0, 0, 0, 0, 0, 0, 0, 0, 0, 0, 0, 0, 0, 0, 0, 0, 0, 0, 1.20276, 1.20132, 1.03001, 1.02864, 1.09321, 1.09178, 1.09034, 1.05001, 1.04858, 1.02328, 0, 0, 0, 0, 0, 0, 0, 0, 0, 0, 0, 0, 0, 0, 0, 0, 0, 0, 0, 0, 0, 0, 0, 0, 0, 0, 0, 0, 0, 0, 0, 0, 0, 0, 0, 0, 0, 0, 0, 0, 0, 0, 0, 0, 0, 0, 0, 0, 0, 0, 0, 0, 0.824228, 0, 0, 0, 0.711692, 0, 0, 0, 0, 0, 0, 0, 0, 0, 0, 0, 0, 0, 0, 0, 0, 0, 0, 0, 0, 0, 0, 0, 0, 1.0661, 0.87657, 0.996835, 0.995402, 0, 0, 0, 0, 0, 0, 0, 0, 0, 0, 0, 0, 0, 0, 0, 0, 0, 0, 0, 0, 0, 0, 0, 0, 0, 0, 0, 0, 0, 0, 0, 0, 0, 0, 0, 0, 0, 0, 0, 0, 0, 0.824865, 0.818067, 0.885273, 0.883839, 0, 0, 0, 0, 0, 0, 0, 0, 0, 0, 0, 0, 0, 0, 0, 0, 0, 0, 0, 0, 0, 0, 0, 0, 0, 0, 0, 0, 0, 0, 0, 0, 0, 0, 0, 0, 0, 0, 0, 0, 0, 0, 0, 0, 0, 0, 0, 0, 0, 0, 0, 0, 0, 0, 0, 0, 0, 0, 0, 0, 0, 0, 0, 0, 0, 0, 0, 0, 1.69025, 1.51238, 1.51095, 1.66955, 0.768352, 0, 0, 0, 0, 0, 0, 0, 0, 0, 0, 0, 0, 0, 0, 0, 0, 0, 0, 0, 0, 0, 0, 0, 0, 0, 0, 0, 0, 0, 0, 0, 0, 0, 0, 0, 0, 0, 0, 0, 0, 0, 0, 0, 0, 0, 0, 0, 0, 0, 0, 0, 0, 0, 0, 0, 0, 0, 0, 0, 0, 0, 0, 0, 0, 0, 0, 0, 0, 0, 0, 0, 0, 0, 0, 0, 0, 0, 0, 0, 0, 0, 0, 0, 0, 0, 0, 0, 0, 0, 0, 0, 0, 0, 0, 0, 0, 0, 0, 0, 0, 0, 0, 0, 0, 0, 0, 0, 0, 0, 0, 0, 0, 0, 0, 0, 0, 0, 0, 0, 0, 0, 0, 0, 0, 0, 0, 0, 0, 0, 0, 0, 0, 0, 0, 0, 0, 0, 0, 0, 0, 0, 0, 0, 0, 0, 0, 0, 0, 0, 0, 0, 0, 0, 0, 0, 0, 0, 0, 0, 0, 0, 0, 0, 0, 0, 0, 0, 0, 0, 0, 0, 0, 0, 0, 0, 0, 0, 1.42235, 1.42125, 1.26145, 1.48847, 1.29805, 0, 0, 0, 0, 0, 0, 0, 0, 0, 0, 0, 0, 0, 0, 0, 0, 0, 0, 0, 0, 0, 0, 0, 0, 0, 0, 0, 0, 0, 0, 0, 0, 0, 0, 0, 0, 0, 0, 0, 0, 0, 0, 0, 0, 0, 0, 0, 0, 0, 0, 0, 0, 0, 0, 0, 0, 0, 0, 0, 0, 0, 0, 0, 0, 0, 0, 0, 0, 0, 0, 0, 0, 0, 0, 0, 0, 0, 0, 0, 0, 0, 0, 0, 0, 0, 0, 0, 0, 0, 0, 0, 0, 0, 0, 0, 0, 0, 0, 0, 0, 0, 0, 0, 0, 0, 0, 0, 0, 0, 0, 0, 0, 0, 0, 0, 0, 0, 0, 0, 0, 0, 0, 0, 0, 0, 0, 0, 0, 0, 0, 0, 0, 0, 0, 0, 0, 0, 0, 0, 0, 0, 0, 0, 0, 0, 0, 0, 0, 0, 0, 0, 0, 0, 0, 0, 0, 0, 0, 0, 0, 0, 0, 0, 0, 0, 0, 0, 1.18328, 1.15313, 1.0184, 1.26387, 0, 0, 0, 0, 0, 0, 0, 0, 0, 0, 0, 0, 0, 0, 0, 0, 0, 0, 0, 0, 0, 0, 0, 0, 0, 0, 0, 0, 0, 0, 0, 0, 0, 0, 0, 0, 0, 0, 0, 0, 0, 0, 0, 0, 0, 0, 0, 0, 0, 0, 0, 0, 0, 0, 0, 0,
0, 0, 0, 0.731233, 1.65794, 1.65293, 1.61515, 1.61014, 1.09177, 0, 0, 0, 0, 0, 0, 0, 0, 0, 0, 0, 0, 0, 0, 0, 0, 0, 0, 0, 0, 0, 0, 0, 0, 0, 0, 0, 0, 0, 0, 0, 0, 0, 0, 0, 0, 0, 0, 0, 0, 0, 0, 0, 0, 0, 0, 0, 0, 0, 0, 0, 0, 0, 0, 0, 0, 0, 0, 0, 0, 0, 0, 0, 0, 0, 0, 0, 0, 0, 0, 0, 0, 0, 0, 0, 0, 0, 0, 0, 0, 0, 0, 0, 0, 0, 0, 0, 0, 0, 0, 0, 0, 0, 0, 0, 0, 0, 0, 0, 0, 0, 0, 0, 0, 0, 0, 0, 0, 0, 0, 0, 0, 0, 0, 0, 0, 0, 0, 0, 0, 0, 0, 0, 0, 0, 0, 0, 0, 0, 0, 0, 0, 0, 0, 0, 0, 0, 0, 0, 0, 0, 0, 0, 0, 0, 0, 0, 0, 0, 0, 0, 0, 0, 0, 0, 0, 0, 0, 0, 0, 0, 0, 0, 0, 0, 0, 0, 0, 0, 0, 0, 0, 0, 0, 0, 0, 0, 0, 0, 0, 0, 0, 0, 0, 0, 0, 0, 0, 0, 0, 0, 0, 0, 0, 0, 0, 0, 0, 0, 0, 0, 0, 0, 0, 0, 0, 0, 0, 0, 0, 0, 0, 0, 0, 0, 0, 0, 0, 0, 0, 0, 0, 0, 0, 0, 0, 0, 0, 0, 0, 0, 0, 0, 0, 0, 0, 0, 0, 0, 0, 0, 0, 0, 0, 0, 0, 0, 0, 0, 0, 0, 0, 0, 0, 0, 0, 0, 0, 0, 0, 0, 0, 0, 0, 0, 0, 0, 0, 0, 0, 0, 0, 0, 0, 0, 0, 0, 0, 0, 0, 0, 0, 0, 0, 0, 0, 0, 0, 0, 0, 0, 0, 0, 0, 0, 0, 0, 0, 0, 0, 0, 0, 0, 0, 0, 0, 0, 0, 0, 0, 0, 0, 0, 0, 0, 0, 0, 0, 0, 0, 0, 0, 0, 0, 0, 0, 0, 0, 0, 0, 0, 0, 0, 0, 0, 0, 0, 0, 0, 0, 0, 0, 0, 0, 0, 0, 0, 0, 0, 0, 0, 0, 0, 0, 0, 0, 0, 0, 0, 0, 0, 0, 0, 0, 0, 0, 0, 0, 0, 0, 0, 0, 0, 0, 0, 0, 0, 0, 0, 0, 0, 0, 0, 0, 0, 0, 0, 0, 0, 0, 0, 0, 0, 0, 0, 0, 0, 0, 0, 0, 0, 0, 0, 0, 0, 0, 0, 0, 0, 0, 0, 0, 0, 0, 0, 0, 0, 0, 0, 0, 0, 0, 0, 0, 0, 0, 0, 0, 0, 0, 0, 0, 0, 0, 0, 0, 0, 0, 0, 0, 0, 0, 0, 0, 0, 0, 0, 0, 0, 0, 0, 0, 0, 0, 0, 0, 0, 0, 0, 0, 0, 0, 0, 0, 0, 0, 0, 0, 0, 0, 0, 0, 0, 0, 0, 0, 0, 0, 0, 0, 0, 0, 0, 0, 0, 0, 0, 0, 0, 0, 0, 0, 0, 0, 0, 0, 0, 0, 0, 0, 0, 0, 0, 0, 0, 0, 0, 0, 0, 0, 0, 0, 0, 0, 0, 0, 0, 0, 0, 0, 0, 0, 0, 0, 0, 0, 0, 0, 0, 0, 0, 0, 0, 0, 0, 0, 0, 0, 0, 0, 0, 0, 0, 0, 0, 0, 0, 0, 0, 0, 0, 0, 0, 0, 0, 0, 0, 0, 0, 0, 0, 0, 0, 0, 0, 0, 0, 0, 0, 0, 0, 0, 0, 0, 0, 0, 0, 0, 0, 0, 0, 0, 0, 0, 0, 0, 0, 0, 0, 0, 0, 0, 0, 0, 0, 0, 0, 0, 0, 0, 0, 0, 0, 0, 0, 0, 0, 0, 0, 0, 0, 0, 0, 0, 0, 0, 0, 0, 0, 0, 0, 0, 0, 0, 0, 0, 0, 0, 0, 0, 0, 0, 0, 0, 0, 0, 0, 0, 0, 0, 0, 0, 0, 0, 0, 0, 0, 0, 0, 0, 0, 0, 0, 0, 0, 0, 0, 0, 0, 0, 0, 0, 0, 0, 0, 0, 0, 0, 0, 0, 0, 0, 0, 0, 0, 0, 0, 0, 0, 0, 0, 0, 0, 0, 0, 0, 0, 0, 0, 0, 0, 0, 0, 0, 0, 0, 0, 0, 0, 0, 0, 0, 0, 0, 0, 0, 0, 0, 0, 0, 0, 0, 0, 0, 0, 0, 0, 0, 0, 0, 0, 0, 0, 0, 0, 0, 0, 0, 0, 0, 0, 0, 0, 0, 0, 0, 0, 0, 0, 0, 0, 0, 0, 0, 0, 0, 0, 0, 0, 0, 0, 0, 0, 0, 0, 0, 0, 0, 0, 0, 0, 0,
0, 0, 0, 0, 0, 0, 0, 0, 0, 0, 0, 0, 0, 0, 0, 0, 0, 0, 0, 0, 0, 0, 0, 0, 0, 0.721389, 0.72349, 0.724246, 0.773759, 0, 0, 0, 0, 0, 0, 0, 0, 0, 0, 0, 0.752595, 0, 0.739981, 0.740338, 0.820341, 0.759373, 0.760511, 0.761351, 0.762223, 0, 0, 0, 0, 0, 0, 0.714527, 0.715367, 0.716207, 0, 0, 0, 0, 0, 0, 0, 0, 0, 0.759005, 0, 0, 0, 0, 0, 0.891299, 0.760531, 0.761413, 0.761774, 0.762614, 0, 0, 0, 0, 0, 0, 0, 0, 0, 0, 0, 0, 0, 0, 0, 0, 0, 0, 0, 0, 0, 0, 0, 0, 0, 0, 0, 0.779756, 0.728189, 0.729029, 0, 0, 0, 0, 0, 0, 0, 0, 0, 0, 0, 0, 0, 0, 0, 0, 0, 0, 0, 0, 0, 0, 0, 0, 0, 0, 0, 0, 0, 0, 0, 0, 0, 0, 0, 0, 0, 0, 0, 0, 0, 0.991605, 0.992445, 0.823113, 0.823827, 0.824304, 0.825144, 0.825984, 0.857189, 0.858029, 0.85939, 0, 0, 0, 0, 0, 0, 0, 0, 0, 0, 0, 0, 0, 0.801007, 0.801847, 0, 0, 0, 0, 0, 0.79394, 0.79478, 0.79562, 0, 0, 0, 0, 0, 0, 0, 0, 0, 0, 0, 0, 0, 0, 0, 0, 0, 0.80948, 0.810255, 0, 0, 0, 0, 0, 0, 0, 0, 0, 0, 1.10966, 0.928075, 0.928915, 0.929755, 0.930746, 0.710989, 0, 0, 0, 0, 0, 0, 0, 0, 0, 0, 0, 0, 0, 0.745981, 0.746584, 0.748197, 0, 0, 0, 0, 0, 0, 0.928964, 1.22825, 1.22909, 1.23008, 1.23092, 1.05085, 0, 0, 0, 0, 0, 0, 0, 0, 0, 0, 0, 0, 0, 0, 0, 0, 0, 0, 0, 0, 0, 0, 0, 0, 0, 0, 0, 0, 0, 0, 0, 0, 0, 0, 0, 0, 0, 0, 0, 0.930631, 1.2634, 1.26369, 1.26452, 1.26536, 0.829633, 0, 0, 0, 0, 0, 0, 0.790957, 0, 0, 1.02333, 1.02429, 0.747438, 0.748446, 0.818705, 0, 0, 0, 0, 0, 0, 0, 0, 0, 0, 0, 0, 0, 0, 0, 0, 0, 0, 0, 0, 0, 0.73004, 0.730838, 0, 0.938481, 0.939069, 0, 0.938224, 0.938854, 0.714623, 0.715799, 0.774738, 0, 0, 0, 0, 0, 0, 0, 0, 0, 0, 0, 0, 0, 0, 0, 0.718559, 0, 0, 0, 0, 1.04409, 1.04484, 0.892851, 0.893691, 1.03096, 0, 0, 0, 0, 0, 0, 0, 0, 0, 0, 0, 0, 0, 0, 0, 0.701862, 0, 0, 0, 0.718596, 0, 0, 0, 0, 0, 0, 0, 0, 0, 0, 0, 0, 0, 0, 0.710129, 0.749681, 0.750521, 0.751193, 0.751968, 1.1457, 0.90432, 0.90516, 1.10247, 1.10331, 0, 0, 0, 0, 0, 0, 0, 0, 0, 0, 0, 0.731821, 0.732619, 0.733067, 1.14806, 1.3687, 1.36911, 1.36953, 1.37023, 1.20798, 0, 0, 0, 0, 0, 0, 0, 0, 0, 0.72672, 0.72756, 0, 0, 0.974924, 0.942399, 1.00469, 1.00553, 1.00666, 0.824317, 1.18511, 1.09417, 1.09506, 1.05577, 1.05661, 0.853162, 0, 0, 0.885362, 0.886202, 0.893096, 0.893936, 0.924889, 0, 0, 0, 1.12716, 0.95178, 1.07111, 1.07163, 1.15424, 1.07312, 1.07396, 1.05554, 1.05638, 0, 0, 0, 0, 0.808913, 0.809753, 0.810593, 0.748885, 0.81048, 0.729051, 0.821973, 0.822813, 0.93998, 0.940516, 0.941291, 0.749403, 1.04807, 0.752755, 0.892393, 0.89313, 0.89397, 0, 0, 0, 0, 0, 0.758391, 0.759231, 0.842964, 0.843804, 0.844224, 0, 1.15908, 0.9837, 1.11432, 1.11516, 1.11618, 0, 0, 0.747861, 0.748701, 1.12395, 1.10745, 1.10833, 1.10869, 1.12671, 0.906082, 0, 0.721235, 0.722172, 0, 0, 0, 0.733845, 0.740153, 0.740993, 0, 0, 0, 0, 0, 0.710517, 0, 0, 0, 0.775893, 0, 0.780411, 0.781251, 1.17261, 1.17354, 1.17436, 1.03985, 1.63491, 1.89209, 1.8931, 1.89398, 1.89465, 1.20107, 0.772769, 0.773693, 0.774533, 0, 0, 0, 0, 0, 0, 0.770994, 0.771839, 0.772679, 1.01532, 1.01616, 1.15813, 1.24729, 1.24814, 1.24932, 1.2502, 0.86042, 0, 0, 0, 0, 0.747566, 0.770682, 0.770642, 0.779957, 0.780797, 0.781805, 0.798124, 0.799132, 0, 0, 0, 0, 0, 0, 0, 0.937218, 0.726221, 1.72705, 1.72806, 1.72894, 1.47543, 1.66728, 0, 0.851009, 0.851429, 1.13431, 1.12041, 1.12125, 1.07946, 1.0803, 0.721013, 1.17663, 1.25287, 1.25371, 1.26529, 1.27939, 0.960743, 0.961751, 0.962591, 0.922037, 0.714396, 1.0107, 1.01154, 1.01238, 0.984327, 1.13779, 0.849646, 0.941288, 0.94231, 0.943066, 0.89699, 0.89783, 0.877216, 0.729111, 0.729951, 0.911934, 0.912773, 0.95338, 0.954022, 0.954976, 1.69323, 1.69408, 1.65038, 1.59324, 1.59408, 0.806768, 0.725518, 0.890409, 0.938262, 0.939102, 0.854423, 0.870514, 0.893357, 0.894226, 0.954857, 0.955697, 0.956113, 1.38381, 1.41871, 1.41947, 1.42014, 1.42115, 1.03975, 0.897254, 0.805894, 0.928022, 0.929169, 0.821391, 0.916738, 0.917452, 0.845065, 0.845695, 0.855278, 0.801538, 0.80221, 0.823065, 0.842014, 0.843251, 0.844026, 0.844866, 0.820226, 0, 0, 0.741577, 0.742417, 0.743257, 0.744097, 0.744937, 0, 0.705398, 0.706238, 0.855355, 0.856195, 0.986437, 0.987235, 0.988033, 1.41573, 1.45063, 1.4523, 1.45309, 1.45385, 0.988529, 0.830453, 0.830598, 1.30937, 1.31127, 1.23435, 1.34558, 1.34642, 1.16581, 0.965127, 0.965883, 0.851895, 0.897119, 0.89775, 0.863733, 0.871778, 0.872618, 1.31844, 1.31928, 1.29109, 1.18223, 1.40637, 0.891245, 0.825026, 0.913841, 0.91468, 0.778422, 0.779262, 0.780102, 0.87985, 0.880858, 0.733463, 1.19795, 1.19879, 1.1588, 1.15918, 1.20051, 0.92977, 1.32112, 1.32196, 1.32245, 1.35796, 1.35872, 0.924587, 0.925427, 0.926267, 0.93514, 0.93598, 0.861713, 0.862553, 0.983591, 0.808477, 0.809317, 0.762173, 0.763013, 0.782443, 0.783283, 0.784123, 0.957656, 0.958489, 0.779992, 0.781, 0.78184, 0, 0, 0.729279, 0.730119, 0.730959, 0.89057, 0.89141, 0.843439, 1.07521, 1.07584, 0.84832, 1.01006, 1.01073, 0.790393, 1.36345,
0, 0, 0, 0, 0, 0, 0, 0, 0, 0, 0, 0, 0, 0, 0, 0, 0, 0, 0, 0, 0, 0, 0, 0, 0, 0.724484, 0.726885, 0.727589, 0.777279, 0, 0, 0, 0, 0, 0, 0, 0, 0, 0, 0, 0.757381, 0, 0.745097, 0.745497, 0.825482, 0.764687, 0.765989, 0.766949, 0.767849, 0, 0, 0, 0, 0, 0, 0.721126, 0.722086, 0.723046, 0, 0, 0, 0, 0, 0, 0, 0, 0, 0.767017, 0, 0, 0, 0, 0, 0.900084, 0.769412, 0.770356, 0.770833, 0.771793, 0, 0, 0, 0, 0, 0, 0, 0, 0, 0, 0, 0, 0, 0, 0, 0, 0, 0, 0, 0, 0, 0, 0, 0, 0, 0, 0, 0.79216, 0.740781, 0.741741, 0, 0, 0, 0, 0, 0, 0, 0, 0, 0, 0, 0, 0, 0, 0, 0, 0, 0, 0, 0, 0, 0, 0, 0, 0, 0, 0, 0, 0, 0, 0, 0, 0, 0, 0, 0, 0, 0, 0, 0, 0, 1.00895, 1.00991, 0.840761, 0.841481, 0.842026, 0.842986, 0.843946, 0.875337, 0.876297, 0.877852, 0, 0, 0, 0, 0, 0, 0, 0, 0, 0, 0.712868, 0.713828, 0.714788, 0.821108, 0.822068, 0, 0, 0, 0, 0, 0.814939, 0.815899, 0.816859, 0.714651, 0.715685, 0, 0, 0, 0, 0, 0, 0, 0, 0, 0, 0, 0, 0, 0, 0, 0.832699, 0.833585, 0, 0.700424, 0.701384, 0, 0, 0, 0, 0, 0, 0, 1.1343, 0.95283, 0.95379, 0.95475, 0.955883, 0.736238, 0, 0, 0, 0, 0, 0, 0, 0, 0, 0, 0, 0, 0, 0.77287, 0.773559, 0.775402, 0, 0, 0, 0, 0, 0, 0.956799, 1.2563, 1.25726, 1.25839, 1.25935, 1.07937, 0, 0, 0, 0, 0, 0, 0, 0, 0, 0, 0, 0, 0, 0, 0, 0, 0, 0, 0, 0, 0, 0, 0, 0, 0, 0, 0, 0, 0, 0, 0, 0, 0, 0, 0, 0, 0, 0, 0, 0.963458, 1.29641, 1.29681, 1.29776, 1.29872, 0.862938, 0, 0, 0, 0, 0, 0, 0.8249, 0, 0, 1.05757, 1.05874, 0.781869, 0.783021, 0.853534, 0, 0, 0, 0, 0, 0, 0, 0, 0, 0, 0, 0, 0, 0, 0, 0, 0, 0, 0, 0.701492, 0.702452, 0.767555, 0.768531, 0, 0.976252, 0.976924, 0, 0.976161, 0.976929, 0.752818, 0.754162, 0.813005, 0, 0, 0, 0, 0, 0, 0, 0, 0, 0, 0, 0, 0, 0, 0.728291, 0.758842, 0.708859, 0.709927, 0.710951, 0, 1.08477, 1.08564, 0.933663, 0.934623, 1.07211, 0, 0, 0, 0, 0, 0, 0, 0, 0, 0, 0, 0, 0, 0, 0, 0.744981, 0, 0, 0, 0.76202, 0.712107, 0.741733, 0.742577, 0.743345, 0.741164, 0.742124, 0, 0, 0, 0, 0.706608, 0, 0, 0, 0.755437, 0.795109, 0.796069, 0.796837, 0.797723, 1.19153, 0.95021, 0.951154, 1.1486, 1.14956, 0, 0.734691, 0.735877, 0, 0, 0, 0, 0, 0, 0, 0, 0.779474, 0.780386, 0.78089, 1.19597, 1.41676, 1.41729, 1.41777, 1.41856, 1.25643, 0.725946, 0.727063, 0.728023, 0, 0, 0, 0, 0, 0.710084, 0.776142, 0.777102, 0, 0.745532, 1.02492, 0.992474, 1.05493, 1.05589, 1.05718, 0.874838, 1.23587, 1.1451, 1.14604, 1.10683, 1.10779, 0.904437, 0, 0, 0.936963, 0.937923, 0.944937, 0.945897, 0.976975, 0, 0, 0, 1.17972, 1.00443, 1.1239, 1.12449, 1.20708, 1.1262, 1.12716, 1.10881, 1.10977, 0, 0, 0, 0, 0.862962, 0.863922, 0.864882, 0.803328, 0.864913, 0.783685, 0.876661, 0.877621, 0.994975, 0.995588, 0.996474, 0.804606, 1.10347, 0.808254, 0.948003, 0.948845, 0.949805, 0.754056, 0.755016, 0, 0, 0, 0.814862, 0.815822, 0.899783, 0.900743, 0.901223, 0, 1.2162, 1.04091, 1.17167, 1.17263, 1.1738, 0.7057, 0.70666, 0.805882, 0.806842, 1.18228, 1.16589, 1.16684, 1.16731, 1.1855, 0.964917, 0, 0.780276, 0.781347, 0.709692, 0.758017, 0.758977, 0.793453, 0.799897, 0.800857, 0.736338, 0.740756, 0.741784, 0, 0, 0.771152, 0, 0, 0, 0.836965, 0, 0.841657, 0.842617, 1.23422, 1.23512, 1.23601, 1.10166, 1.69685, 1.95429, 1.95544, 1.95638, 1.95714, 1.26368, 0.835612, 0.836508, 0.837468, 0, 0, 0.733701, 0.734709, 0.735669, 0.718377, 0.834856, 0.835822, 0.836782, 1.07948, 1.08044, 1.2225, 1.31176, 1.31274, 1.31408, 1.31499, 0.925326, 0.713182, 0, 0, 0, 0.813181, 0.836479, 0.836409, 0.845814, 0.846774, 0.847926, 0.864399, 0.865551, 0.734115, 0.735075, 0.736035, 0.746575, 0.747551, 0.748511, 0.749423, 1.0046, 0.793678, 1.79461, 1.79576, 1.79667, 1.54332, 1.73531, 0.741142, 0.919314, 0.919794, 1.20289, 1.18894, 1.1899, 1.14832, 1.14928, 0.790132, 1.24582, 1.32216, 1.32312, 1.3348, 1.34908, 1.0305, 1.03165, 1.03261, 0.992178, 0.784639, 1.08108, 1.08204, 1.083, 1.0551, 1.20873, 0.920627, 1.01246, 1.01347, 1.01449, 0.968486, 0.969446, 0.948962, 0.800932, 0.801892, 0.984053, 0.985013, 1.02574, 1.02647, 1.02742, 1.76578, 1.76674, 1.72322, 1.66626, 1.66722, 0.880087, 0.798911, 0.963968, 1.01186, 1.01282, 0.928336, 0.94448, 0.967442, 0.9685, 1.02925, 1.03021, 1.03075, 1.45857, 1.49353, 1.49447, 1.49524, 1.49639, 1.11511, 0.972652, 0.881436, 1.00367, 1.00488, 0.89725, 0.992657, 0.993497, 0.92123, 0.922014, 0.931668, 0.878063, 0.878831, 0.899797, 0.918843, 0.920257, 0.921142, 0.922102, 0.897525, 0.767949, 0, 0.819294, 0.820254, 0.821214, 0.822174, 0.823134, 0, 0.783835, 0.784795, 0.934016, 0.934976, 1.06534, 1.06626, 1.06723, 1.49505, 1.53001, 1.53192, 1.5329, 1.5336, 1.0684, 0.910568, 0.910733, 1.38954, 1.39178, 1.31487, 1.42624, 1.4272, 1.2468, 1.04618, 1.04688, 0.933141, 0.978361, 0.979145, 0.945308, 0.953439, 0.954399, 1.40038, 1.40134, 1.37322, 1.26438, 1.48875, 0.973737, 0.907663, 0.996582, 0.997542, 0.861437, 0.862397, 0.863357, 0.963225, 0.964377, 0.81706, 1.28171, 1.28267, 1.24267, 1.24315, 1.28459, 1.01389, 1.40536, 1.40632, 1.40688, 1.44245, 1.44331, 1.00931, 1.01027, 1.01123, 1.02026, 1.02122, 0.947068, 0.948028, 1.0692, 0.894192, 0.895152, 0.84811, 0.84907, 0.868616, 0.869576, 0.870536, 1.04418, 1.04512, 0.866769, 0.867921, 0.868881, 0, 0, 0.816656, 0.817616, 0.818576, 0.978325, 0.979285, 0.931347, 1.16317, 1.16392, 0.936458, 1.09832, 1.09909, 0.878771, 1.45189,
0, 0, 0, 0, 0.706715, 0.703835, 0.713633, 0.710003, 0, 0, 0, 0, 0, 0, 0, 0, 0, 0, 0, 0, 0, 0, 0, 0, 0, 0, 0.75352, 0.75079, 0.794139, 0, 0, 0, 0, 0, 0, 0, 0, 0, 0, 0, 0, 0, 0, 0, 0.766073, 0, 0, 0, 0, 0, 0, 0, 0, 0, 0, 0, 0, 0, 0, 0, 0, 0, 0, 0, 0, 0, 0, 0, 0, 0, 0, 0, 0, 0, 0, 0, 0, 0, 0, 0, 0, 0, 0, 0, 0, 0, 0, 0, 0, 0, 0, 0, 0, 0, 0, 0, 0, 0, 0, 0, 0, 0, 0, 0, 0, 0, 0, 0, 0, 0, 0, 0, 0, 0, 0, 0, 0, 0, 0, 0, 0, 0, 0, 0, 0, 0, 0, 0, 0, 0, 0, 0, 0, 0, 0, 0, 0, 0, 0, 0, 0, 0, 0, 0, 0, 0, 0, 0, 0, 0, 0, 0, 0, 0, 0, 0, 0, 0, 0, 0, 0, 0, 0, 0, 0, 0, 0, 0, 0, 0, 0, 0, 0, 0, 0, 0, 0, 0, 0, 0, 0, 0, 0, 0, 0, 0, 0, 0, 0, 0, 0, 0, 0, 0, 0, 0, 0, 0, 0, 0, 0, 0, 0, 0, 0, 0, 0, 0, 0, 0, 0, 0, 0, 0, 0, 0, 0, 0, 0, 0, 0, 0, 0, 0, 0, 0, 0, 0, 0, 0, 0, 0, 0, 0, 0, 0, 0, 0, 0, 0, 0, 0, 0, 0, 0, 0, 0, 0, 0, 0, 0, 0, 0, 0, 0, 0, 0, 0, 0, 0, 0, 0, 0, 0, 0, 0, 0, 0, 0, 0, 0, 0, 0, 0, 0, 0, 0, 0, 0, 0, 0, 0, 0, 0, 0, 0, 0, 0, 0, 0, 0, 0, 0, 0, 0, 0, 0, 0, 0, 0, 0, 0, 0, 0, 0, 0, 0, 0, 0, 0, 0, 0, 0, 0, 0, 0, 0, 0, 0, 0, 0, 0, 0, 0, 0, 0, 0, 0, 0, 0, 0, 0, 0, 0, 0, 0, 0, 0, 0, 0, 0, 0, 0, 0, 0, 0, 0, 0, 0, 0, 0, 0, 0, 0, 0, 0, 0, 0, 0, 0, 0, 0, 0, 0, 0, 0, 0, 0, 0, 0, 0, 0, 0, 0, 0, 0, 0, 0, 0, 0, 0, 0, 0, 0, 0, 0, 0, 0, 0, 0, 0, 0, 0, 0, 0, 0, 0, 0, 0, 0, 0, 0, 0, 0, 0, 0, 0, 0, 0, 0, 0, 0, 0, 0, 0, 0, 0, 0, 0, 0, 0, 0, 0, 0, 0, 0, 0, 0, 0, 0, 0, 0, 0, 0, 0, 0, 0, 0, 0, 0, 0, 0, 0, 0, 0, 0, 0, 0, 0, 0, 0, 0, 0, 0, 0, 0, 0, 0, 0, 0, 0, 0, 0, 0, 0, 0, 0, 0, 0, 0, 0, 0, 0, 0, 0, 0, 0, 0, 0, 0, 0, 0, 0, 0, 0, 0, 0, 0, 0, 0, 0, 0, 0, 0, 0, 0, 0, 0, 0, 0, 0, 0, 0, 0, 0, 0, 0, 0, 0, 0, 0, 0, 0, 0, 0, 0, 0, 0, 0, 0, 0, 0, 0, 0, 0, 0, 0, 0, 0, 0, 0, 0, 0, 0, 0, 0, 0, 0, 0, 0, 0, 0, 0, 0, 0, 0, 0, 0, 0, 0, 0, 0, 0, 0, 0, 0, 0, 0, 0, 0, 0, 0, 0, 0, 0, 0, 0, 0, 0, 0, 0, 0, 0, 0, 0, 0, 0, 0, 0, 0, 0, 0, 0, 0, 0, 0, 0, 0, 0, 0, 0, 0, 0, 0, 0, 0, 0, 0, 0, 0, 0, 0, 0, 0, 0, 0, 0, 0, 0, 0, 0, 0, 0, 0, 0, 0, 0, 0, 0, 0, 0, 0, 0, 0, 0, 0, 0, 0, 0, 0, 0, 0, 0, 0, 0, 0, 0, 0, 0, 0, 0, 0, 0, 0, 0, 0, 0, 0, 0, 0, 0, 0, 0, 0, 0, 0, 0, 0, 0, 0, 0, 0, 0, 0, 0, 0, 0, 0, 0, 0, 0, 0, 0, 0, 0, 0, 0, 0, 0, 0, 0, 0, 0, 0, 0, 0, 0, 0, 0, 0, 0, 0, 0, 0, 0, 0, 0, 0, 0, 0, 0, 0, 0, 0, 0, 0, 0, 0, 0, 0, 0, 0, 0, 0, 0, 0, 0, 0, 0, 0, 0, 0, 0, 0, 0, 0, 0, 0, 0, 0, 0, 0, 0, 0, 0, 0, 0, 0, 0, 0, 0, 0, 0, 0, 0, 0, 0, 0, 0, 0, 0, 0, 0, 0, 0, 0, 0, 0, 0, 0, 0, 0, 0, 0, 0, 0, 0, 0, 0, 0, 0,
0, 0, 0, 0, 0, 0, 0.774158, 0.770779, 0, 0, 0, 0, 0, 0, 0, 0, 0, 0, 0, 0, 0, 0, 0, 0, 0, 0, 0.774262, 0.771492, 0.851074, 0, 0, 0, 0, 0, 0, 0, 0, 0, 0, 0, 0, 0, 0, 0, 0.790373, 0, 0, 0, 0, 0, 0, 0, 0, 0, 0, 0, 0, 0, 0, 0, 0, 0, 0, 0, 0, 0, 0, 0, 0, 0, 0, 0, 0, 0, 0, 0, 0, 0, 0, 0, 0, 0, 0, 0, 0, 0, 0, 0, 0, 0, 0, 0, 0, 0, 0, 0, 0, 0, 0, 0, 0, 0, 0, 0, 0, 0, 0, 0, 0, 0, 0, 0, 0, 0, 0, 0, 0, 0, 0, 0, 0, 0, 0, 0, 0, 0, 0, 0, 0, 0, 0, 0, 0, 0, 0, 0, 0, 0, 0, 0, 0, 0, 0, 0, 0, 0, 0, 0, 0, 0, 0, 0, 0, 0, 0, 0, 0, 0, 0, 0, 0, 0, 0, 0, 0, 0, 0, 0, 0, 0, 0, 0, 0, 0, 0, 0, 0, 0, 0, 0, 0, 0, 0, 0, 0, 0, 0, 0, 0, 0, 0, 0, 0, 0, 0, 0, 0, 0, 0, 0, 0, 0, 0, 0, 0, 0, 0, 0, 0, 0, 0, 0, 0, 0, 0, 0, 0, 0, 0, 0, 0, 0, 0, 0, 0, 0, 0, 0, 0, 0, 0, 0, 0, 0, 0, 0, 0, 0, 0, 0, 0, 0, 0, 0, 0, 0, 0, 0, 0, 0, 0, 0, 0, 0, 0, 0, 0, 0, 0, 0, 0, 0, 0, 0, 0, 0, 0, 0, 0, 0, 0, 0, 0, 0, 0, 0, 0, 0, 0, 0, 0, 0, 0, 0, 0, 0, 0, 0, 0, 0, 0, 0, 0, 0, 0, 0, 0, 0, 0, 0, 0, 0, 0, 0, 0, 0, 0, 0, 0, 0, 0, 0, 0, 0, 0, 0, 0, 0, 0, 0, 0, 0, 0, 0, 0, 0, 0, 0, 0, 0, 0, 0, 0, 0, 0, 0, 0, 0, 0, 0, 0, 0, 0, 0, 0, 0, 0, 0, 0, 0, 0, 0, 0, 0, 0, 0, 0, 0, 0, 0, 0, 0, 0, 0, 0, 0, 0, 0, 0, 0, 0, 0, 0, 0, 0, 0, 0, 0, 0, 0, 0, 0, 0, 0, 0, 0, 0, 0, 0, 0, 0, 0, 0, 0, 0, 0, 0, 0, 0, 0, 0, 0, 0, 0, 0, 0, 0, 0, 0, 0, 0, 0, 0, 0, 0, 0, 0, 0, 0, 0, 0, 0, 0, 0, 0, 0, 0, 0, 0, 0, 0, 0, 0, 0, 0, 0, 0, 0, 0, 0, 0, 0, 0, 0, 0, 0, 0, 0, 0, 0, 0, 0, 0, 0, 0, 0, 0, 0, 0, 0, 0, 0, 0, 0, 0, 0, 0, 0, 0, 0, 0, 0, 0, 0, 0, 0, 0, 0, 0, 0, 0, 0, 0, 0, 0, 0, 0, 0, 0, 0, 0, 0, 0, 0, 0, 0, 0, 0, 0, 0, 0, 0, 0, 0, 0, 0, 0, 0, 0, 0, 0, 0, 0, 0, 0, 0, 0, 0, 0, 0, 0, 0, 0, 0, 0, 0, 0, 0, 0, 0, 0, 0, 0, 0, 0, 0, 0, 0, 0, 0, 0, 0, 0, 0, 0, 0, 0, 0.861308, 0, 0, 0, 0, 0, 0, 0, 0, 0, 0, 0, 0, 0, 0, 0, 0, 0, 0, 0, 0, 0, 0, 0, 0, 0, 0, 0, 0, 0, 0, 0, 0, 0, 0, 0, 0, 0, 0, 0, 0, 0, 0, 0, 0, 0, 0, 0, 0, 0, 0, 0, 0, 0, 0, 0, 0, 0, 0, 0, 0, 0, 0, 0, 0, 0, 0, 0, 0, 0, 0, 0, 0, 0, 0, 0, 0, 0, 0, 0, 0, 0, 0, 0, 0, 0, 0, 0, 0, 0, 0, 0, 0, 0, 0, 0, 0, 0, 0, 0, 0, 0, 0, 0, 0, 0, 0, 0, 0, 0, 0, 0, 0, 0, 0, 0, 0, 0, 0, 0, 0, 0, 0, 0, 0, 0, 0, 0, 0, 0, 0, 0, 0, 0, 0, 0, 0, 0, 0, 0, 0, 0, 0, 0, 0, 0, 0, 0, 0, 0, 0, 0, 0, 0, 0, 0, 0, 0, 0, 0, 0, 0, 0, 0, 0, 0, 0, 0, 0, 0, 0, 0, 0, 0, 0, 0, 0, 0, 0, 0, 0, 0, 0, 0, 0, 0, 0, 0, 0, 0, 0, 0, 0, 0, 0, 0, 0, 0, 0, 0, 0, 0, 0, 0, 0, 0, 0, 0, 0, 0, 0, 0, 0, 0, 0, 0, 0, 0, 0, 0, 0, 0, 0, 0,
0, 0, 0, 0, 0, 0, 0, 0, 0, 0, 0, 0, 0, 0, 0, 0, 0, 0, 0, 0, 0, 0, 0, 0, 0, 0, 0, 0, 0, 0, 0, 0, 0, 0, 0, 0, 0, 0, 0, 0, 0, 0, 0, 0, 0, 0, 0, 0, 0, 0, 0, 0, 0, 0, 0, 0, 0, 0, 0, 0, 0, 0, 0, 0, 0, 0, 0, 0, 0, 0, 0, 0, 0, 0, 0, 0, 0, 0, 0, 0, 0, 0, 0, 0, 0, 0, 0, 0, 0, 0, 0, 0, 0, 0, 0, 0, 0, 0, 0, 0, 0, 0, 0, 0, 0, 0, 0, 0, 0, 0, 0, 0, 0, 0, 0, 0, 0, 0, 0, 0, 0, 0, 0, 0, 0, 0, 0, 0, 0, 0, 0, 0, 0, 0, 0, 0, 0, 0, 0, 0, 0, 0, 0, 0, 0, 0, 0, 0, 0, 0, 0, 0, 0, 0, 0, 0, 0, 0, 0, 0, 0, 0, 0, 0, 0, 0, 0, 0, 0, 0, 0, 0, 0, 0, 0, 0, 0, 0, 0, 0, 0, 0, 0, 0, 0, 0, 0, 0, 0, 0, 0, 0, 0, 0, 0, 0, 0, 0, 0, 0, 0, 0, 0.70059, 0.70191, 0, 0, 0, 0, 0, 0, 0, 0.702423, 0, 0, 0, 0, 0, 0, 0, 0, 0, 0, 0, 0, 0, 0, 0, 0, 0, 0, 0, 0, 0, 0, 0, 0, 0, 0, 0, 0.711391, 0.712529, 0, 0.711803, 0.713123, 0, 0, 0, 0, 0, 0, 0, 0, 0, 0, 0, 0, 0, 0, 0, 0, 0, 0, 0, 0, 0, 0, 0, 0, 0, 0, 0, 0, 0, 0, 0, 0, 0, 0, 0.858312, 0.951459, 0.953145, 0.955151, 0.956471, 0, 0.713566, 0, 0, 0, 0, 0, 0, 0.709097, 0, 0, 0, 0.77912, 0.877787, 0.878055, 0.878979, 0.880639, 0.728319, 0, 0, 0, 0, 0, 0, 0, 0, 0, 0, 0, 0, 0, 0, 0, 0.748133, 0, 0, 0, 0.993578, 1.45149, 1.45291, 1.45579, 1.45711, 1.21519, 0, 0, 0, 0, 0, 0, 0, 0, 0, 0, 0, 0, 0, 0, 0, 0, 0, 0, 0, 0, 0, 0.914069, 0.915389, 0.917237, 0.918557, 0.869864, 0.73546, 0.780818, 0.781977, 0.782798, 0.848348, 0.849536, 0.733497, 0.734817, 1.08521, 1.66642, 1.66774, 1.66906, 1.6703, 1.22311, 0, 0, 1.01666, 1.01844, 1.01976, 1.02108, 1.15613, 1.19571, 1.19703, 1.19835, 1.2003, 1.37913, 1.63627, 1.63759, 1.63878, 1.63974, 1.33653, 0, 1.0759, 1.64558, 1.6469, 1.64843, 1.64975, 1.31367, 0, 0, 0, 0, 0.744879, 0.790313, 0.918528, 0.919848, 0.920904, 0.922122, 0.988464, 0.723085, 0.724383, 0.894005, 0.895325, 0, 0.877553, 0.912065, 0.912838, 0.914575, 0.915895, 0.884297, 0.820454, 0.821774, 0.72195, 0.72327, 0, 0, 0, 0.749745, 0.750763, 0.745094, 0.745754, 1.11835, 0.976718, 1.00083, 1.00237, 1.00369, 0.813051, 0.814041, 0.721936, 0.945388, 0.946532, 1.04044, 1.11783, 1.11915, 0.906636, 1.42168, 1.4095, 1.24288, 1.36199, 1.36331, 0.776897, 0.746156, 0.897756, 0.851242, 0.852628, 0.775408, 0.776728, 0.872163, 0.796039, 0.797359, 0.896721, 0.898041, 0.859575, 0.860895, 0.862431, 0.849351, 0.850671, 0.75938, 0.978896, 0.797643, 1.00594, 1.00676, 1.00746, 1.0091, 1.01042, 0.91957, 0.920891, 0.704014, 0, 0.732497, 0.734081, 0.871698, 0.873018, 0.874338, 0.924704, 1.07667, 1.07775, 1.07907, 1.08039, 1.07183, 0.883299, 0.901003, 0.901993, 0.959918, 0.762974, 0.784749, 0.785907, 0.787227, 0.883609, 0.884929, 0.809303, 0.810623, 0.811943, 0.840937, 0.842257, 1.00047, 1.00179, 1.00245, 0.809672, 1.02906, 0.847803, 1.02198, 1.0233, 1.02491, 1.00786, 1.00918, 1.0106, 1.01192, 1.0737, 0.877187, 0.878573, 0.858568, 1.09098, 0.955323, 0.879199, 0.990654, 0.992127, 0.867075, 0.868395, 0.869715, 0.985922, 0.990685, 0.992005, 0.993325, 0.994952, 0.84667, 0.715865, 0.717185, 0.966493, 0.915897, 0.917217, 0.918537, 0.978389, 0.741349, 0.924584, 0.925904, 1.0868, 1.08825, 1.08954, 0.964497, 0.965553, 0.915101, 0.854226, 0.855612, 1.70667, 2.68844, 2.6902, 2.69165, 2.69297, 2.07866, 1.69497, 1.81566, 1.81691, 1.81823, 1.58061, 2.32147, 2.32279, 2.32411, 2.3253, 1.75261, 1.12473, 1.12709, 1.12844, 0.999006, 1.00039, 0.856373, 0.784249, 0.827852, 0.829106, 0.830162, 1.01443, 1.06747, 1.06741, 1.06971, 1.07103, 1.05404, 1.00594, 1.00753, 0.886924, 0.888244, 0.889564, 0.892262, 0.893604, 0.894924, 0.896178, 1.11723, 0.961561, 1.1295, 1.13108, 1.13247, 0.913704, 1.0006, 0.953536, 1.10819, 1.10885, 1.11025, 1.14128, 1.1426, 1.14271, 1.14403, 1.01296, 1.02209, 1.13999, 1.14131, 1.14503, 1.16547, 1.1406, 1.14218, 1.1435, 1.08635, 0.876575, 0.993126, 0.994446, 0.995766, 0.893881, 1.07609, 0.992406, 1.16918, 1.17078, 1.17197, 1.13512, 1.13644, 1.13789, 1.1137, 1.11502, 1.00435, 1.00567, 1.05581, 1.07344, 1.07458, 1.12517, 1.12651, 1.07957, 1.05886, 1.06018, 1.05187, 0.964224, 1.10156, 1.12717, 1.12849, 1.6555, 1.99851, 1.99991, 2.00143, 2.00296, 1.44601, 1.05182, 1.18913, 1.19137, 1.10634, 1.1076, 1.10898, 1.07371, 1.12525, 1.12657, 1.12872, 1.13017, 0.977439, 1.08059, 1.08171, 1.05166, 1.05265, 1.17915, 1.08579, 1.08685, 1.11456, 1.11622, 0.99222, 0.993525, 0.994823, 0.969348, 0.929325, 0.853369, 1.02647, 1.02779, 1.02911, 1.03043, 1.03175, 0.861289, 1.48489, 1.48621, 1.56481, 1.56613, 1.61521, 1.10072, 1.10198, 1.23929, 1.24153, 1.11687, 1.11813, 1.1445, 1.30694, 1.25403, 1.25426, 1.43012, 1.43312, 1.09927, 1.1178, 1.11912, 1.11421, 1.3074, 1.30963, 1.31095, 1.31227, 1.22951, 1.02983, 1.10084, 1.10216, 1.18867, 1.18999, 1.18714, 1.18824, 1.39834, 1.22669, 1.18278, 1.23392, 1.23524, 1.00434, 1.00566, 1.00698, 1.18858, 1.19016, 1.11427, 1.26293, 1.26425, 1.13883, 1.1394, 1.26695, 1.17894, 1.33975, 1.34107, 1.34184, 1.27062, 1.2718, 1.13189, 1.13321, 1.13453, 1.13816, 1.13948, 1.06487, 1.06619, 1.15, 1.10392, 1.10524, 1.10557, 1.10689, 1.09489, 1.09621, 1.09753, 1.1637, 1.165, 1.05144, 1.05302, 1.05434, 0.958309, 0.959629, 1.22367, 1.22499, 1.22631, 1.44726, 1.44858, 1.1915, 1.33954, 1.34053, 1.1217, 1.23429, 1.23534, 1.08976, 1.21707,
0, 0, 0, 0, 0, 0, 0, 0, 0, 0, 0, 0, 0, 0, 0, 0, 0, 0, 0, 0, 0, 0, 0, 0, 0, 0, 0, 0, 0, 0, 0, 0, 0, 0, 0, 0, 0, 0, 0, 0, 0, 0, 0, 0, 0, 0, 0, 0, 0, 0, 0, 0, 0, 0, 0, 0, 0, 0, 0, 0, 0, 0, 0, 0, 0, 0, 0, 0, 0, 0, 0, 0, 0, 0, 0, 0, 0, 0, 0, 0, 0, 0, 0, 0, 0, 0, 0, 0, 0, 0, 0, 0, 0, 0, 0, 0, 0, 0, 0, 0, 0, 0, 0, 0, 0, 0, 0, 0, 0, 0, 0, 0, 0, 0, 0, 0, 0, 0, 0, 0, 0, 0, 0, 0, 0, 0, 0, 0, 0, 0, 0, 0, 0, 0, 0, 0, 0, 0, 0, 0, 0, 0, 0, 0, 0, 0, 0, 0, 0, 0, 0, 0, 0, 0, 0, 0, 0, 0, 0, 0, 0, 0, 0, 0, 0, 0, 0, 0, 0, 0, 0, 0, 0, 0, 0, 0, 0, 0, 0, 0, 0, 0, 0, 0, 0, 0, 0, 0, 0, 0, 0, 0, 0, 0, 0, 0, 0, 0, 0, 0, 0, 0, 0.724015, 0.725455, 0.719068, 0, 0, 0, 0, 0, 0, 0.727056, 0, 0, 0, 0, 0, 0, 0, 0, 0, 0, 0, 0, 0, 0, 0, 0, 0, 0, 0, 0, 0, 0, 0, 0, 0, 0, 0, 0.739308, 0.740538, 0, 0.74008, 0.74152, 0, 0, 0, 0, 0, 0, 0, 0, 0, 0, 0, 0, 0, 0, 0, 0, 0.712522, 0, 0.7107, 0.711708, 0.71286, 0, 0, 0, 0, 0, 0, 0, 0, 0, 0, 0, 0, 0, 0.890494, 0.983688, 0.985528, 0.987716, 0.989156, 0.71952, 0.74631, 0, 0, 0, 0, 0, 0, 0.742654, 0, 0, 0, 0.813102, 0.911906, 0.912198, 0.913206, 0.915017, 0.762788, 0, 0, 0, 0.714393, 0.715833, 0.717692, 0.719193, 0.704439, 0, 0, 0, 0, 0, 0, 0, 0.784496, 0, 0.728261, 0.729701, 1.03031, 1.48845, 1.49, 1.49315, 1.49459, 1.2525, 0.732027, 0.733067, 0, 0, 0, 0, 0, 0, 0, 0, 0, 0, 0, 0, 0, 0, 0, 0, 0, 0, 0, 0.953822, 0.955262, 0.957278, 0.958718, 0.910145, 0.775807, 0.821316, 0.822579, 0.823476, 0.888909, 0.890205, 0.774207, 0.775647, 1.12624, 1.70773, 1.70917, 1.71061, 1.71196, 1.26495, 0, 0, 1.05853, 1.06062, 1.06206, 1.0635, 1.1987, 1.23835, 1.23979, 1.24123, 1.24335, 1.42232, 1.67959, 1.68103, 1.68209, 1.68334, 1.38018, 0, 1.11979, 1.68974, 1.69118, 1.69285, 1.69429, 1.35837, 0, 0.710643, 0, 0, 0.790106, 0.835756, 0.963954, 0.965394, 0.966546, 0.967875, 1.03417, 0.768898, 0.77023, 0.940014, 0.941453, 0.724819, 0.924159, 0.958782, 0.959625, 0.96152, 0.96296, 0.931408, 0.867646, 0.869086, 0.769341, 0.770781, 0, 0, 0, 0.797664, 0.798666, 0.793271, 0.793991, 1.16667, 1.02517, 1.04946, 1.05113, 1.05257, 0.862034, 0.863042, 0.770951, 0.994463, 0.995723, 1.08979, 1.16733, 1.16877, 0.956399, 1.47155, 1.45956, 1.293, 1.41229, 1.41373, 0.827414, 0.796759, 0.948513, 0.902164, 0.903532, 0.82644, 0.82788, 0.923436, 0.84739, 0.84883, 0.948404, 0.949844, 0.911499, 0.912938, 0.914613, 0.901634, 0.903074, 0.811811, 1.03133, 0.85015, 1.05861, 1.05958, 1.06034, 1.06206, 1.0635, 0.972719, 0.974159, 0.757525, 0, 0.786248, 0.787976, 0.925779, 0.927219, 0.928659, 0.979195, 1.1312, 1.13238, 1.13382, 1.13526, 1.12682, 0.938248, 0.956286, 0.957294, 1.0154, 0.818471, 0.840407, 0.84167, 0.84311, 0.939533, 0.940973, 0.865425, 0.866865, 0.868305, 0.897478, 0.898918, 1.05729, 1.05873, 1.05945, 0.866675, 1.08605, 0.90487, 1.07921, 1.08065, 1.08241, 1.06567, 1.06711, 1.06866, 1.0701, 1.13202, 0.935693, 0.937061, 0.91716, 1.14968, 1.01416, 0.93811, 1.04978, 1.05138, 0.926412, 0.927852, 0.929292, 1.04565, 1.05053, 1.05197, 1.05341, 1.05518, 0.906943, 0.776266, 0.777706, 1.02713, 0.976608, 0.978048, 0.979488, 1.03934, 0.802511, 0.985707, 0.987147, 1.14849, 1.14984, 1.15118, 1.02621, 1.02736, 0.97725, 0.916563, 0.917931, 1.76917, 2.75112, 2.75304, 2.75438, 2.75582, 2.14166, 1.75812, 1.879, 1.88047, 1.88191, 1.6444, 2.38532, 2.38677, 2.38821, 2.38927, 1.81698, 1.18897, 1.19156, 1.19307, 1.06369, 1.06511, 0.921244, 0.849311, 0.892999, 0.894511, 0.895663, 1.08004, 1.1333, 1.13319, 1.13576, 1.1372, 1.1202, 1.07221, 1.07394, 0.953445, 0.954885, 0.956325, 0.958979, 0.960491, 0.961931, 0.963443, 1.18461, 1.02899, 1.19693, 1.19865, 1.20007, 0.98145, 1.06851, 1.02174, 1.17657, 1.17729, 1.17883, 1.21, 1.21144, 1.21156, 1.213, 1.08207, 1.09116, 1.20916, 1.2106, 1.21442, 1.23504, 1.21043, 1.21216, 1.2136, 1.15652, 0.946826, 1.06359, 1.06503, 1.06647, 0.964711, 1.14711, 1.06348, 1.24043, 1.24194, 1.24348, 1.20659, 1.20803, 1.20937, 1.1856, 1.18704, 1.07652, 1.07796, 1.12822, 1.14591, 1.14715, 1.19759, 1.19905, 1.15226, 1.13175, 1.13319, 1.12519, 1.03753, 1.17512, 1.20068, 1.20212, 1.72937, 2.07253, 2.07397, 2.07571, 2.07739, 1.52056, 1.12645, 1.26388, 1.26618, 1.18123, 1.18274, 1.18411, 1.1491, 1.20075, 1.20219, 1.20454, 1.20589, 1.05327, 1.15654, 1.15784, 1.12774, 1.12897, 1.25562, 1.1624, 1.16355, 1.1913, 1.19312, 1.06923, 1.07051, 1.07188, 1.04673, 1.00671, 0.930948, 1.10416, 1.1056, 1.10704, 1.10848, 1.10992, 0.939588, 1.5633, 1.56474, 1.64339, 1.64483, 1.69415, 1.17966, 1.18117, 1.3186, 1.3209, 1.19641, 1.19793, 1.22426, 1.38679, 1.33415, 1.33439, 1.51021, 1.51362, 1.17974, 1.19838, 1.19982, 1.19515, 1.38841, 1.39083, 1.39227, 1.39371, 1.31099, 1.11141, 1.18258, 1.18402, 1.27049, 1.27193, 1.26909, 1.27029, 1.48059, 1.30906, 1.26539, 1.31675, 1.31819, 1.0874, 1.08884, 1.09028, 1.27195, 1.27368, 1.19784, 1.34669, 1.34813, 1.2228, 1.22341, 1.35104, 1.26302, 1.42391, 1.42535, 1.42614, 1.35498, 1.35627, 1.2167, 1.21814, 1.21958, 1.22328, 1.22472, 1.15028, 1.15172, 1.23561, 1.18964, 1.19108, 1.19148, 1.19292, 1.18098, 1.18242, 1.18386, 1.25014, 1.25151, 1.13824, 1.13997, 1.14141, 1.04543, 1.04687, 1.31107, 1.31251, 1.31395, 1.53501, 1.53645, 1.27942, 1.42754, 1.42869, 1.20986, 1.32259, 1.32374, 1.17816, 1.30547,
0, 0, 0, 0, 0, 0, 0, 0, 0, 0, 0, 0, 0, 0, 0, 0, 0, 0, 0, 0, 0, 0, 0, 0, 0, 0, 0, 0, 0, 0, 0, 0, 0, 0, 0, 0, 0, 0, 0, 0, 0, 0, 0, 0, 0, 0, 0, 0, 0, 0, 0, 0, 0, 0, 0, 0, 0, 0, 0, 0, 0, 0, 0, 0, 0, 0, 0, 0, 0, 0, 0, 0, 0, 0, 0, 0, 0, 0, 0, 0, 0, 0, 0, 0, 0, 0, 0, 0, 0, 0, 0, 0, 0, 0, 0, 0, 0, 0, 0, 0, 0, 0, 0, 0, 0, 0, 0, 0, 0, 0, 0, 0, 0, 0, 0, 0, 0, 0, 0, 0, 0, 0, 0, 0, 0, 0, 0, 0, 0, 0, 0, 0, 0, 0, 0, 0, 0, 0, 0, 0, 0, 0, 0, 0, 0, 0, 0, 0, 0, 0, 0, 0, 0, 0, 0, 0, 0, 0, 0, 0, 0, 0, 0, 0, 0, 0, 0, 0, 0, 0, 0, 0, 0, 0, 0, 0, 0, 0, 0, 0, 0, 0, 0, 0, 0, 0, 0, 0, 0, 0, 0, 0, 0, 0, 0, 0, 0, 0, 0, 0, 0, 0, 0, 0, 0, 0, 0, 0, 0, 0, 0, 0, 0, 0, 0, 0, 0, 0, 0, 0, 0, 0, 0, 0, 0, 0, 0, 0, 0, 0, 0, 0, 0, 0, 0, 0, 0, 0, 0, 0, 0, 0, 0, 0, 0, 0, 0, 0, 0, 0, 0, 0, 0, 0, 0, 0, 0, 0, 0, 0, 0, 0, 0, 0, 0, 0, 0, 0, 0, 0, 0, 0, 0, 0, 0, 0, 0, 0, 0, 0, 0, 0, 0, 0, 0, 0, 0, 0, 0, 0, 0, 0, 0, 0, 0, 0, 0, 0, 0, 0, 0, 0, 0, 0, 0, 0, 0, 0, 0, 0, 0, 0, 0, 0, 0, 0, 0, 0, 0, 0, 0, 0, 0, 0, 0, 0, 0, 0, 0, 0, 0, 0, 0, 0, 0, 0, 0, 0, 0, 0, 0, 0, 0, 0, 0, 0, 0, 0, 0, 0, 0, 0, 0, 0, 0, 0, 0, 0, 0, 0, 0, 0, 0, 0, 0, 0, 0, 0, 0, 0, 0, 0, 0, 0, 0, 0, 0, 0, 0, 0, 0, 0, 0, 0, 0, 0, 0, 0, 0, 0, 0, 0, 0, 0, 0, 0, 0, 0, 0, 0, 0, 0, 0, 0, 0, 0, 0, 0, 0, 0, 0, 0, 0, 0, 0, 0, 0, 0, 0, 0, 0, 0, 0, 0, 0, 0, 0, 0, 0, 0, 0, 0, 0, 0, 0, 0, 0, 0, 0, 0, 0, 0, 0, 0, 0, 0, 0, 0, 0, 0, 0, 0, 0, 0, 0, 0, 0, 0, 0, 0, 0, 0, 0, 0, 0, 0, 0, 0, 0, 0, 0, 0, 0, 0, 0, 0, 0, 0, 0, 0, 0, 0, 0, 0, 0, 0, 0, 0, 0, 0, 0, 0, 0, 0, 0, 0, 0, 0, 0, 0, 0, 0, 0, 0, 0, 0, 0, 0, 0, 0, 0, 0, 0, 0, 0, 0, 0, 0, 0, 0, 0, 0, 0, 0, 0, 0, 0, 0, 0, 0, 0, 0, 0, 0, 0, 0, 0, 0, 0, 0, 0, 0, 0, 0, 0, 0, 0, 0, 0, 0, 0, 0, 0, 0, 0, 0, 0, 0, 0, 0, 0, 0, 0, 0, 0, 0, 0, 0, 0, 0, 0, 0, 0, 0, 0, 0, 0, 0, 0, 0, 0, 0, 0, 0, 0, 0, 0, 0, 0, 0, 0, 0, 0, 0, 0, 0, 0, 0, 0, 0, 0, 0, 0, 0, 0, 0, 0, 0, 0, 0, 0, 0, 0, 0, 0, 0, 0, 0, 0, 0, 0, 0, 0, 0, 0, 0, 0, 0, 0, 0, 0, 0, 0, 0, 0, 0, 0, 0, 0, 0, 0, 0, 0, 0, 0, 0, 0, 0, 0, 0, 0, 0, 0, 0, 0, 0, 0, 0, 0, 0, 0, 0, 0, 0, 0, 0, 0, 0, 0, 0, 0, 0, 0, 0, 0, 0, 0, 0, 0, 0, 0, 0, 0, 0, 0, 0, 0, 0, 0, 0, 0, 0, 0, 0, 0, 0, 0, 0, 0, 0, 0, 0, 0, 0, 0, 0, 0, 0, 0, 0, 0, 0, 0, 0, 0, 0, 0, 0, 0, 0, 0, 0, 0, 0, 0, 0, 0, 0, 0, 0, 0, 0, 0, 0, 0, 0, 0, 0, 0, 0, 0, 0, 0, 0, 0, 0, 0, 0, 0, 0, 0, 0, 0, 0, 0, 0, 0, 0, 0, 0, 0, 0, 0, 0, 0, 0, 0, 0, 0, 0, 0,
0, 0, 0, 0, 0, 0, 0, 0, 0, 0, 0, 0, 0, 0, 0, 0, 0, 0, 0, 0, 0, 0, 0, 0, 0, 0, 0, 0, 0, 0, 0, 0, 0, 0, 0, 0, 0, 0, 0, 0, 0, 0, 0, 0, 0, 0, 0, 0, 0, 0, 0, 0, 0, 0, 0, 0, 0, 0, 0, 0, 0, 0, 0, 0, 0, 0, 0, 0, 0, 0, 0, 0, 0, 0, 0, 0, 0, 0, 0, 0, 0, 0, 0, 0, 0, 0, 0, 0, 0, 0, 0, 0, 0, 0, 0, 0, 0, 0, 0, 0, 0, 0, 0, 0, 0, 0, 0, 0, 0, 0, 0, 0, 0, 0, 0, 0, 0, 0, 0, 0, 0, 0, 0, 0, 0, 0, 0, 0, 0, 0, 0, 0, 0, 0, 0, 0, 0, 0, 0, 0, 0, 0, 0, 0, 0, 0, 0, 0, 0, 0, 0, 0, 0, 0, 0, 0, 0, 0, 0, 0, 0, 0, 0, 0, 0, 0, 0, 0, 0, 0, 0, 0, 0, 0, 0, 0, 0, 0, 0, 0, 0, 0, 0, 0, 0, 0, 0, 0, 0, 0, 0, 0, 0, 0, 0, 0, 0, 0, 0, 0, 0, 0, 0, 0, 0, 0, 0, 0, 0, 0, 0, 0, 0, 0, 0, 0, 0, 0, 0, 0, 0, 0, 0, 0, 0, 0, 0, 0, 0, 0, 0, 0, 0, 0, 0, 0, 0, 0, 0, 0, 0, 0, 0, 0, 0, 0, 0, 0, 0, 0, 0, 0, 0, 0, 0, 0, 0, 0, 0, 0, 0, 0, 0, 0, 0, 0, 0, 0, 0, 0, 0, 0, 0, 0, 0, 0, 0, 0, 0, 0, 0, 0, 0, 0, 0, 0, 0, 0, 0, 0, 0, 0, 0, 0, 0, 0, 0, 0, 0, 0, 0, 0, 0, 0, 0, 0, 0, 0, 0, 0, 0, 0, 0, 0, 0, 0, 0, 0, 0, 0, 0, 0, 0, 0, 0, 0, 0, 0, 0, 0, 0, 0, 0, 0, 0, 0, 0, 0, 0, 0, 0, 0, 0, 0, 0, 0, 0, 0, 0, 0, 0, 0, 0, 0, 0, 0, 0, 0, 0, 0, 0, 0, 0, 0, 0, 0, 0, 0, 0, 0, 0, 0, 0, 0, 0, 0, 0, 0, 0, 0, 0, 0, 0, 0, 0, 0, 0, 0, 0, 0, 0, 0, 0, 0, 0, 0, 0, 0, 0, 0, 0, 0, 0, 0, 0, 0, 0, 0, 0, 0, 0, 0, 0, 0, 0, 0, 0, 0, 0, 0, 0, 0, 0, 0, 0, 0, 0, 0, 0, 0, 0, 0, 0, 0, 0, 0, 0, 0, 0, 0, 0, 0, 0, 0, 0, 0, 0, 0, 0, 0, 0, 0, 0, 0, 0, 0, 0, 0, 0, 0, 0, 0, 0, 0, 0, 0, 0, 0, 0, 0, 0, 0, 0, 0, 0, 0, 0, 0, 0, 0, 0, 0, 0, 0, 0, 0, 0, 0, 0, 0, 0, 0, 0, 0, 0, 0, 0, 0, 0, 0, 0, 0, 0, 0, 0, 0, 0, 0, 0, 0, 0, 0, 0, 0, 0, 0, 0, 0, 0, 0, 0, 0, 0, 0, 0, 0, 0, 0, 0, 0, 0, 0, 0, 0, 0, 0, 0, 0, 0, 0, 0, 0, 0, 0, 0, 0, 0, 0, 0, 0, 0, 0, 0, 0, 0, 0, 0, 0, 0, 0, 0, 0, 0, 0, 0, 0, 0, 0, 0, 0, 0, 0, 0, 0, 0, 0, 0, 0, 0, 0, 0, 0, 0, 0, 0, 0, 0, 0, 0, 0, 0, 0, 0, 0, 0, 0, 0, 0, 0, 0, 0, 0, 0, 0, 0, 0, 0, 0, 0, 0, 0, 0, 0, 0, 0, 0, 0, 0, 0, 0, 0, 0, 0, 0, 0, 0, 0, 0, 0, 0, 0, 0, 0, 0, 0, 0, 0, 0, 0, 0, 0, 0, 0, 0, 0, 0, 0, 0, 0, 0, 0, 0, 0, 0, 0, 0, 0, 0, 0, 0, 0, 0, 0, 0, 0, 0, 0, 0, 0, 0, 0, 0, 0, 0, 0, 0, 0, 0, 0, 0, 0, 0, 0, 0, 0, 0, 0, 0, 0, 0, 0, 0, 0, 0, 0, 0, 0, 0, 0, 0, 0, 0, 0, 0, 0, 0, 0, 0, 0, 0, 0, 0, 0, 0, 0, 0, 0, 0, 0, 0, 0, 0, 0, 0, 0, 0, 0, 0, 0, 0, 0, 0, 0, 0, 0, 0, 0, 0, 0, 0, 0, 0, 0, 0, 0, 0, 0, 0, 0, 0, 0, 0, 0, 0, 0, 0, 0, 0, 0, 0, 0, 0, 0, 0, 0, 0, 0, 0, 0, 0, 0,
0, 0, 0, 0, 0, 0, 0, 0, 0, 0, 0, 0, 0, 0, 0, 0, 0, 0, 0, 0, 0, 0, 0, 0, 0, 0, 0, 0, 0, 0, 0, 0, 0, 0, 0, 0, 0, 0, 0, 0, 0, 0, 0, 0, 0, 0, 0, 0, 0, 0, 0, 0, 0, 0, 0, 0, 0, 0, 0, 0, 0, 0, 0, 0, 0, 0, 0, 0, 0, 0, 0, 0, 0, 0, 0, 0, 0, 0, 0, 0, 0, 0, 0, 0, 0, 0, 0, 0, 0, 0, 0, 0, 0, 0, 0, 0, 0, 0, 0, 0, 0, 0.741771, 0.743455, 0.745313, 0, 0, 0, 0, 0, 0, 0, 0, 0, 0, 0, 0, 0, 0, 0, 0, 0, 0, 0, 0, 0, 0, 0, 0, 0, 0.719851, 0.720661, 0, 0.745811, 0.747341, 0.748968, 0, 0, 0, 0, 0, 0, 0, 0, 0, 0, 0, 0, 0, 0.724246, 0.726082, 0.727756, 0, 0, 0, 0, 0, 0, 0, 0, 0.721893, 0.723693, 0, 0, 0, 0, 0, 0, 0, 0, 0.721111, 0.72291, 0.724711, 0, 0, 0, 0, 0, 0, 0, 0, 0, 0, 0, 0, 0, 0, 0, 0, 0, 0, 0, 0, 0, 0, 0, 0, 0, 0, 0, 0, 0, 0.782103, 0.818082, 0.819882, 0.821474, 0.823184, 0, 0, 0, 0, 0, 0, 0, 0, 0, 0, 0, 0, 0, 0, 0, 0, 0, 0, 0, 0, 0.877255, 0.877889, 0.879414, 0.76624, 0.872896, 0, 0.704493, 0.741976, 0.791712, 0.793512, 0.811451, 0.812316, 0, 0.715208, 0.7415, 0, 0.741609, 0.743409, 0.745209, 0, 0.790942, 0.731768, 0.733568, 0.839605, 0.841405, 0, 0.711468, 0.713268, 0, 0, 0.71629, 0.716983, 0.718873, 0.720673, 0.76681, 0, 0, 0, 0, 0, 0, 0, 0, 0, 0, 0, 0, 0.725724, 0.727164, 0, 0, 0, 0.886574, 0.88845, 0.907058, 0.925947, 0.927747, 0, 0.737506, 0.712592, 0, 0.702843, 0.704643, 0.706353, 0, 0, 0, 0, 0, 0, 0.783944, 0.747018, 0.748278, 0.80926, 0.958958, 0.73374, 0.7359, 0.881171, 0.882301, 0.719122, 0.757759, 0.760575, 0.712071, 0.713871, 0.886127, 0.751001, 0.792895, 0.793919, 0.796079, 0, 0.801203, 0, 0.736461, 0.738261, 1.07466, 1.24964, 1.42457, 1.4279, 1.4297, 1.43123, 0.91563, 0.752512, 0.73847, 0.73973, 0, 0.742259, 0.743608, 0.733012, 0.735532, 0.88397, 0.885576, 0.887376, 0.787641, 0.788541, 0.775189, 0.776749, 0.778549, 0.780349, 0.782149, 0, 0.766743, 0.906435, 0.908235, 0.910755, 0.912555, 1.00673, 0.872834, 0.920059, 0.921638, 0.922759, 0.923371, 0.974616, 0.83602, 0.83782, 1.21173, 1.5378, 1.39717, 1.39897, 1.40066, 1.36486, 0, 0.716427, 1.11298, 1.11541, 1.11721, 1.11901, 1.1285, 1.1686, 1.1704, 1.1722, 1.22793, 1.23038, 1.488, 1.4898, 1.49142, 1.44844, 1.53992, 0.821059, 1.28025, 1.54552, 1.54732, 1.45362, 1.45542, 1.63203, 0.894734, 0.985032, 0.986332, 0.988132, 0.853809, 0.94759, 1.07598, 1.07778, 1.07922, 1.08088, 1.08408, 0.819068, 0.820868, 0.990819, 0.992619, 0.863836, 0.930846, 1.01573, 1.01678, 1.01915, 1.02095, 0.989775, 0.965249, 0.967049, 0.911418, 0.913218, 0.774472, 0.776182, 0.777142, 0.833567, 0.890797, 0.891683, 0.892583, 1.22831, 1.23047, 1.14867, 1.24735, 1.24915, 1.06753, 1.06888, 0.917948, 1.14164, 1.1432, 1.19143, 1.19334, 1.19514, 0.968504, 1.19587, 1.21069, 1.21274, 1.21429, 1.21609, 1.0717, 1.07267, 1.07411, 1.02726, 1.02942, 0.992685, 0.994485, 1.18737, 1.00135, 1.00315, 1.13958, 1.14138, 1.1034, 1.1052, 1.11795, 1.11703, 1.11883, 0.969008, 1.10139, 0.920768, 1.12939, 1.13052, 1.13143, 1.1337, 1.1355, 1.04494, 1.04674, 0.917962, 0.804585, 0.947405, 0.949565, 1.0568, 1.0586, 1.0604, 1.09394, 1.19583, 1.12963, 1.30053, 1.30233, 1.30499, 1.25121, 1.25287, 1.04776, 1.1412, 0.944571, 1.1043, 1.10588, 1.10768, 1.24455, 1.24635, 1.03393, 1.03573, 1.03753, 1.067, 1.0688, 1.21337, 1.21517, 1.21607, 1.03759, 1.16979, 0.989168, 1.16368, 1.16548, 1.16767, 1.18127, 1.18307, 1.26144, 1.26324, 1.26428, 1.10342, 1.10531, 1.10609, 1.29897, 1.30078, 1.11475, 1.15517, 1.15718, 1.03268, 1.20282, 1.20462, 1.22842, 1.23022, 1.23202, 1.06404, 1.06626, 1.0281, 0.928116, 0.929916, 1.17343, 1.15864, 1.16044, 1.16224, 1.3703, 1.12424, 1.31758, 1.31938, 1.32118, 1.29682, 1.29874, 1.15102, 1.15246, 1.13138, 1.08354, 1.08543, 1.45233, 2.06876, 2.06058, 2.06256, 2.06436, 1.98321, 1.94769, 2.94932, 2.95103, 2.95283, 2.28918, 2.73238, 1.82965, 1.83145, 1.83307, 1.8052, 1.2945, 1.29773, 1.3752, 1.24597, 1.24786, 1.24966, 1.18274, 1.06687, 1.06858, 1.07002, 1.20514, 1.28303, 1.28294, 1.28406, 1.28586, 1.21302, 1.14743, 1.14959, 1.11319, 1.11499, 1.11679, 1.06241, 1.06418, 1.06598, 1.06769, 1.28911, 1.23119, 1.29349, 1.29565, 1.29754, 1.07929, 1.16651, 1.10781, 1.24072, 1.24162, 1.27872, 1.36677, 1.36857, 1.59407, 1.59587, 1.5971, 1.40241, 1.52159, 1.33125, 1.33535, 1.35651, 1.26507, 1.23085, 1.23265, 1.23229, 1.15748, 1.26182, 1.26362, 1.26542, 1.28436, 1.46673, 1.4688, 1.47024, 1.47371, 1.27139, 1.31168, 1.31348, 1.309, 1.31021, 1.31201, 1.20192, 1.20372, 1.25738, 1.30644, 1.308, 1.3098, 1.31162, 1.26485, 1.24469, 1.24649, 1.24751, 1.16048, 1.29816, 1.32417, 1.32597, 1.51071, 1.67356, 1.82769, 1.82955, 1.83195, 1.83375, 1.48737, 1.38016, 1.38321, 1.37112, 1.37283, 1.37472, 1.48982, 1.49025, 1.32707, 1.33231, 1.33477, 1.19979, 1.32029, 1.32182, 1.49357, 1.49492, 1.49682, 1.40223, 1.40367, 1.39751, 1.39978, 1.43753, 1.43931, 1.44114, 1.37476, 1.37653, 1.16368, 1.33713, 1.33893, 1.34073, 1.34253, 1.34433, 1.17448, 1.79844, 1.80024, 2.01671, 2.01851, 2.02038, 1.55406, 1.55577, 1.44856, 1.45161, 1.42598, 1.42769, 1.4455, 1.74218, 1.74398, 1.74429, 1.74573, 1.6917, 1.3989, 1.40089, 1.40269, 1.51022, 1.46035, 1.4887, 1.4905, 1.4923, 1.4869, 1.41804, 1.31059, 1.31239, 1.4287, 1.48013, 1.45462, 1.45612, 1.68974, 1.69157, 1.51313, 1.51466, 1.51646, 1.45861, 1.46041, 1.46221, 1.65907, 1.66123, 1.44846, 1.54856, 1.65843, 1.54677, 1.54755, 1.66263, 1.66305, 1.66461, 1.66641, 1.59182, 1.52084, 1.52246, 1.60787, 1.60967, 1.61147, 1.61562, 1.61742, 1.42258, 1.42438, 1.53074, 1.44537, 1.44717, 1.44912, 1.45092, 1.35432, 1.35612, 1.35792, 1.45504, 1.45687, 1.39671, 1.39887, 1.40067, 1.30678, 1.30858, 1.50672, 1.50852, 1.51032, 1.68661, 1.68841, 1.53821, 1.56639, 1.56774, 1.46857, 1.46983, 1.47158, 1.35166, 1.48315,
0, 0, 0, 0, 0, 0, 0, 0, 0, 0, 0, 0, 0, 0, 0, 0, 0, 0, 0, 0, 0, 0, 0, 0, 0, 0, 0, 0, 0, 0, 0, 0, 0, 0, 0, 0, 0, 0, 0, 0, 0, 0, 0, 0, 0, 0, 0, 0, 0, 0, 0, 0, 0, 0, 0, 0, 0, 0, 0, 0, 0, 0, 0, 0, 0, 0, 0, 0, 0, 0, 0, 0, 0, 0, 0, 0, 0, 0, 0, 0, 0, 0, 0, 0, 0, 0, 0, 0, 0, 0, 0, 0, 0, 0, 0, 0, 0, 0, 0, 0, 0, 0.753832, 0.755628, 0.75761, 0, 0, 0, 0, 0, 0, 0, 0, 0, 0, 0, 0, 0, 0, 0, 0.702065, 0.705109, 0, 0, 0, 0, 0, 0, 0, 0, 0.735094, 0.735958, 0, 0.761158, 0.76279, 0.764526, 0, 0, 0, 0, 0, 0, 0, 0, 0, 0, 0, 0, 0, 0.741478, 0.743437, 0.745222, 0, 0, 0, 0, 0, 0, 0, 0, 0.740465, 0.742385, 0, 0, 0, 0, 0, 0, 0, 0, 0.740834, 0.742754, 0.744674, 0, 0, 0, 0, 0, 0, 0, 0, 0, 0, 0, 0, 0, 0, 0, 0, 0, 0, 0, 0, 0, 0, 0, 0, 0, 0, 0, 0, 0.708893, 0.805588, 0.841669, 0.843589, 0.845287, 0.847111, 0, 0, 0, 0, 0, 0.717556, 0, 0, 0, 0, 0, 0, 0, 0, 0, 0, 0, 0, 0, 0, 0.903756, 0.904432, 0.906059, 0.792969, 0.899721, 0, 0.731516, 0.769225, 0.819058, 0.820978, 0.839042, 0.839965, 0, 0.74312, 0.769446, 0, 0.769844, 0.771764, 0.773684, 0, 0.819657, 0.76061, 0.76253, 0.868704, 0.870624, 0.700386, 0.74091, 0.74283, 0, 0, 0.746211, 0.746951, 0.748967, 0.750887, 0.797131, 0.709896, 0.707527, 0.708871, 0.710407, 0, 0, 0, 0, 0, 0, 0, 0, 0.757247, 0.758783, 0, 0, 0, 0.918674, 0.920675, 0.939409, 0.958418, 0.960338, 0.718664, 0.770457, 0.745539, 0, 0.735998, 0.737918, 0.739742, 0, 0, 0.713175, 0.715095, 0.717015, 0.718743, 0.817915, 0.781103, 0.782447, 0.843531, 0.993406, 0.768253, 0.770557, 0.915955, 0.91716, 0.754114, 0.792875, 0.795878, 0.747447, 0.749367, 0.921824, 0.786771, 0.828796, 0.829888, 0.832192, 0, 0.837532, 0.729688, 0.773078, 0.774998, 1.11149, 1.28662, 1.46167, 1.46523, 1.46715, 1.46878, 0.953163, 0.790161, 0.776222, 0.777566, 0.719651, 0.780208, 0.781648, 0.771171, 0.773859, 0.92239, 0.924103, 0.926023, 0.826384, 0.827344, 0.814068, 0.815748, 0.817668, 0.819588, 0.821508, 0, 0.806342, 0.946154, 0.948074, 0.950762, 0.952682, 1.04698, 0.913128, 0.960505, 0.962189, 0.963385, 0.964046, 1.01544, 0.876874, 0.878794, 1.25292, 1.57904, 1.43857, 1.44049, 1.44229, 1.4066, 0, 0.758297, 1.15496, 1.15755, 1.15947, 1.16139, 1.17097, 1.2112, 1.21312, 1.21504, 1.27085, 1.27346, 1.5312, 1.53312, 1.53485, 1.49198, 1.58357, 0.864841, 1.32414, 1.58953, 1.59145, 1.49788, 1.4998, 1.67657, 0.939366, 1.02981, 1.03119, 1.03311, 0.898935, 0.992931, 1.12137, 1.12329, 1.12482, 1.1266, 1.1299, 0.864951, 0.866871, 1.03694, 1.03886, 0.910215, 0.977365, 1.06235, 1.06347, 1.066, 1.06792, 1.03685, 1.01241, 1.01433, 0.958817, 0.960737, 0.822124, 0.823948, 0.824972, 0.881488, 0.938864, 0.939809, 0.940769, 1.27659, 1.27889, 1.19719, 1.29604, 1.29796, 1.11643, 1.11787, 0.966967, 1.19072, 1.1924, 1.24075, 1.24279, 1.24471, 1.01818, 1.24565, 1.26059, 1.26277, 1.26443, 1.26635, 1.12213, 1.12317, 1.12471, 1.078, 1.0803, 1.04369, 1.04561, 1.23861, 1.05271, 1.05463, 1.19117, 1.19309, 1.15522, 1.15714, 1.17021, 1.16923, 1.17115, 1.02145, 1.15393, 0.973431, 1.18218, 1.18338, 1.18435, 1.18677, 1.18869, 1.09821, 1.10013, 0.971481, 0.858224, 1.00116, 1.00347, 1.11085, 1.11276, 1.11469, 1.14834, 1.25029, 1.18423, 1.3552, 1.35712, 1.35997, 1.30627, 1.30805, 1.10301, 1.19658, 1.00003, 1.15987, 1.16155, 1.16347, 1.30042, 1.30234, 1.09004, 1.09197, 1.09389, 1.12355, 1.12547, 1.27013, 1.27205, 1.27301, 1.0946, 1.22689, 1.04639, 1.22102, 1.22294, 1.22528, 1.23902, 1.24094, 1.31942, 1.32134, 1.32246, 1.16181, 1.16382, 1.16465, 1.35765, 1.35957, 1.17367, 1.21419, 1.21633, 1.09199, 1.26227, 1.26419, 1.28802, 1.28994, 1.29186, 1.12404, 1.12641, 1.08832, 0.988475, 0.990395, 1.23403, 1.21936, 1.22128, 1.2232, 1.43136, 1.18542, 1.37891, 1.38083, 1.38275, 1.35854, 1.36052, 1.21287, 1.21441, 1.19351, 1.14583, 1.14784, 1.51483, 2.13135, 2.12339, 2.1255, 2.12742, 2.0463, 2.01083, 3.01266, 3.01448, 3.0164, 2.35289, 2.79614, 1.89359, 1.89551, 1.89724, 1.86946, 1.35886, 1.36231, 1.4399, 1.31072, 1.31273, 1.31465, 1.24782, 1.13212, 1.13395, 1.13548, 1.27072, 1.34881, 1.34872, 1.34991, 1.35183, 1.27912, 1.21365, 1.21596, 1.17967, 1.18159, 1.18351, 1.12926, 1.13115, 1.13307, 1.13489, 1.35645, 1.29863, 1.36104, 1.36334, 1.36536, 1.14719, 1.23453, 1.17597, 1.309, 1.30996, 1.34725, 1.43546, 1.43738, 1.66295, 1.66487, 1.66619, 1.47156, 1.59091, 1.40065, 1.40485, 1.4262, 1.33491, 1.30074, 1.30266, 1.30241, 1.22774, 1.33219, 1.33411, 1.33603, 1.35506, 1.53755, 1.53976, 1.5413, 1.545, 1.34269, 1.38319, 1.38511, 1.38072, 1.38201, 1.38393, 1.27398, 1.2759, 1.3297, 1.37886, 1.38052, 1.38244, 1.38438, 1.33772, 1.3177, 1.31962, 1.32079, 1.23387, 1.37168, 1.3978, 1.39972, 1.58457, 1.74755, 1.9018, 1.90379, 1.90635, 1.90827, 1.56197, 1.45488, 1.45814, 1.44613, 1.44795, 1.44997, 1.56518, 1.56564, 1.40259, 1.40794, 1.41056, 1.27565, 1.39622, 1.39785, 1.56976, 1.5712, 1.57323, 1.47875, 1.48029, 1.47423, 1.47666, 1.51449, 1.51639, 1.51829, 1.45212, 1.45401, 1.24126, 1.41483, 1.41675, 1.41867, 1.42059, 1.42251, 1.25278, 1.87686, 1.87878, 2.09539, 2.09731, 2.09931, 1.63311, 1.63493, 1.52784, 1.5311, 1.50554, 1.50737, 1.52535, 1.82214, 1.82406, 1.82439, 1.82593, 1.772, 1.47937, 1.48149, 1.48341, 1.59105, 1.54125, 1.56982, 1.57174, 1.57366, 1.5683, 1.49958, 1.39224, 1.39416, 1.51063, 1.56222, 1.53672, 1.53831, 1.77215, 1.77405, 1.59575, 1.59738, 1.5993, 1.54156, 1.54348, 1.5454, 1.74241, 1.74471, 1.53204, 1.63228, 1.74224, 1.63072, 1.63155, 1.74672, 1.74717, 1.74884, 1.75076, 1.67624, 1.60531, 1.60704, 1.69258, 1.6945, 1.69642, 1.7007, 1.70262, 1.5079, 1.50982, 1.61631, 1.53104, 1.53296, 1.53504, 1.53696, 1.4405, 1.44242, 1.44434, 1.54158, 1.54346, 1.48346, 1.48576, 1.48768, 1.3939, 1.39582, 1.59407, 1.59599, 1.59791, 1.77433, 1.77625, 1.62612, 1.65436, 1.6558, 1.55672, 1.55806, 1.55994, 1.44006, 1.57158,
0, 0, 0, 0, 0, 0, 0, 0, 0, 0, 0, 0, 0, 0, 0, 0, 0, 0, 0, 0, 0, 0, 0, 0, 0, 0, 0, 0, 0, 0, 0, 0, 0, 0, 0, 0, 0, 0, 0, 0, 0, 0, 0, 0, 0, 0, 0, 0, 0, 0, 0, 0, 0, 0, 0, 0, 0, 0, 0, 0, 0, 0, 0, 0, 0, 0, 0, 0, 0, 0, 0, 0, 0, 0, 0, 0, 0, 0, 0, 0, 0, 0, 0, 0, 0, 0, 0, 0, 0, 0, 0, 0, 0, 0, 0, 0, 0, 0, 0, 0, 0, 0.765901, 0.767809, 0.769711, 0, 0, 0, 0, 0, 0, 0, 0, 0, 0, 0, 0, 0, 0, 0, 0.716374, 0.719471, 0, 0, 0, 0, 0, 0, 0, 0, 0.750376, 0.751345, 0.710947, 0.776546, 0.778331, 0.780174, 0, 0, 0, 0, 0, 0, 0, 0, 0, 0, 0, 0, 0, 0.758597, 0.760739, 0.762779, 0, 0, 0, 0, 0, 0, 0, 0, 0.759129, 0.761169, 0, 0, 0, 0, 0, 0, 0, 0, 0.760592, 0.762632, 0.764672, 0, 0, 0, 0, 0, 0, 0, 0, 0, 0, 0, 0, 0, 0, 0, 0, 0, 0, 0, 0, 0, 0, 0, 0, 0, 0, 0, 0, 0.732395, 0.829217, 0.865264, 0.867304, 0.869108, 0.871182, 0, 0, 0, 0, 0, 0.742299, 0, 0, 0, 0.70132, 0, 0, 0, 0, 0, 0, 0, 0, 0, 0, 0.930264, 0.931119, 0.932847, 0.81974, 0.92669, 0, 0.758631, 0.79651, 0.846439, 0.848479, 0.866466, 0.867446, 0, 0.770919, 0.797271, 0, 0.798223, 0.800264, 0.802303, 0.716779, 0.848516, 0.789543, 0.791583, 0.897947, 0.899987, 0.729797, 0.770443, 0.772483, 0, 0, 0.776224, 0.777009, 0.778947, 0.780988, 0.827596, 0.740459, 0.73814, 0.739568, 0.7412, 0, 0.70205, 0, 0, 0, 0.711325, 0, 0, 0.788914, 0.790546, 0, 0, 0, 0.950916, 0.953043, 0.971753, 0.990882, 0.992922, 0.751531, 0.803212, 0.778576, 0.732006, 0.769297, 0.771338, 0.773173, 0, 0.706722, 0.746782, 0.748822, 0.750862, 0.752358, 0.851894, 0.815226, 0.816654, 0.87781, 1.02789, 0.802802, 0.80525, 0.950775, 0.952056, 0.789197, 0.828134, 0.831189, 0.782914, 0.784954, 0.957325, 0.822559, 0.864841, 0.866001, 0.868449, 0.72567, 0.874005, 0.766233, 0.809839, 0.811879, 1.14847, 1.32361, 1.49878, 1.50256, 1.5046, 1.50613, 0.990841, 0.827954, 0.814065, 0.815493, 0.757552, 0.818199, 0.819831, 0.809474, 0.81233, 0.960642, 0.962666, 0.964706, 0.865091, 0.866145, 0.852983, 0.854819, 0.856859, 0.858899, 0.860939, 0, 0.846013, 0.986017, 0.988057, 0.990913, 0.992953, 1.08737, 0.953301, 1.00104, 1.00283, 1.0041, 1.00476, 1.05628, 0.917499, 0.919539, 1.29411, 1.62032, 1.48011, 1.48215, 1.48407, 1.44818, 0.727202, 0.800084, 1.19695, 1.19984, 1.20188, 1.20392, 1.21352, 1.25394, 1.25598, 1.25802, 1.31386, 1.31663, 1.5745, 1.57654, 1.57803, 1.5356, 1.6271, 0.908714, 1.36791, 1.63364, 1.63568, 1.54223, 1.54427, 1.7212, 0.984016, 1.07467, 1.07615, 1.07819, 0.944152, 1.03836, 1.1669, 1.16894, 1.17058, 1.17246, 1.17576, 0.910832, 0.912838, 1.0831, 1.08514, 0.956666, 1.02375, 1.10905, 1.11025, 1.11293, 1.11497, 1.08407, 1.05971, 1.06175, 1.00629, 1.00833, 0.869795, 0.871733, 0.872804, 0.929451, 0.986818, 0.988026, 0.989046, 1.32501, 1.32746, 1.2458, 1.34488, 1.34692, 1.16547, 1.1669, 1.01602, 1.23983, 1.24167, 1.29021, 1.29238, 1.29442, 1.06801, 1.29558, 1.31064, 1.31296, 1.31472, 1.31676, 1.17266, 1.17377, 1.1754, 1.12888, 1.13133, 1.09479, 1.09683, 1.29, 1.10414, 1.10618, 1.24284, 1.24488, 1.20713, 1.20917, 1.22261, 1.22157, 1.22361, 1.07396, 1.20651, 1.02606, 1.235, 1.23625, 1.23729, 1.23988, 1.24192, 1.15151, 1.15355, 1.02507, 0.911863, 1.05499, 1.05744, 1.16504, 1.16708, 1.16912, 1.20289, 1.30476, 1.23898, 1.40992, 1.41196, 1.41498, 1.36137, 1.36326, 1.15818, 1.25205, 1.05564, 1.21559, 1.21738, 1.21942, 1.35617, 1.35821, 1.14596, 1.148, 1.15004, 1.17997, 1.18201, 1.32699, 1.32903, 1.33005, 1.15168, 1.28403, 1.10358, 1.2784, 1.28044, 1.28293, 1.29691, 1.29895, 1.37755, 1.37959, 1.38077, 1.22029, 1.22223, 1.22331, 1.41648, 1.41852, 1.23266, 1.2733, 1.27558, 1.15143, 1.32176, 1.3238, 1.34765, 1.34969, 1.35173, 1.18419, 1.1867, 1.14863, 1.04891, 1.05095, 1.29477, 1.28016, 1.28219, 1.28424, 1.49246, 1.24657, 1.44007, 1.44211, 1.44415, 1.42014, 1.42205, 1.2745, 1.27613, 1.25567, 1.20821, 1.21014, 1.57742, 2.19404, 2.18634, 2.18825, 2.19029, 2.10928, 2.07384, 3.07588, 3.07802, 3.08006, 2.41674, 2.85991, 1.95768, 1.95972, 1.96122, 1.93382, 1.42326, 1.42692, 1.50463, 1.3755, 1.37744, 1.37948, 1.31287, 1.19724, 1.19938, 1.20101, 1.33644, 1.41468, 1.41453, 1.41585, 1.41789, 1.34532, 1.27997, 1.28241, 1.24622, 1.24826, 1.2503, 1.19607, 1.19814, 1.20018, 1.20212, 1.42394, 1.36614, 1.42861, 1.43106, 1.433, 1.21506, 1.30259, 1.2442, 1.37738, 1.3784, 1.41591, 1.5043, 1.50634, 1.73184, 1.73388, 1.73541, 1.54059, 1.66038, 1.47009, 1.47439, 1.49591, 1.4049, 1.37071, 1.37275, 1.37237, 1.29807, 1.40264, 1.40468, 1.40672, 1.42567, 1.60826, 1.61081, 1.61244, 1.61638, 1.41408, 1.45478, 1.45682, 1.45253, 1.45391, 1.45595, 1.34614, 1.34818, 1.40217, 1.45137, 1.45313, 1.45517, 1.45724, 1.41054, 1.39074, 1.39278, 1.39422, 1.30728, 1.44535, 1.47143, 1.47347, 1.65848, 1.82168, 1.97592, 1.97817, 1.98076, 1.9828, 1.63672, 1.52975, 1.53307, 1.52097, 1.52311, 1.52505, 1.64058, 1.64107, 1.47821, 1.48366, 1.48624, 1.35156, 1.47218, 1.47396, 1.64596, 1.64763, 1.64965, 1.55542, 1.55705, 1.55099, 1.55357, 1.59133, 1.59321, 1.59521, 1.52932, 1.5315, 1.31884, 1.4926, 1.49464, 1.49668, 1.49872, 1.50076, 1.33108, 1.95535, 1.95739, 2.17409, 2.17613, 2.17825, 1.71217, 1.71424, 1.60727, 1.61059, 1.585, 1.58714, 1.60509, 1.90224, 1.90428, 1.90463, 1.90626, 1.85238, 1.55992, 1.56197, 1.56401, 1.67202, 1.62225, 1.65103, 1.65307, 1.65511, 1.64979, 1.58126, 1.47397, 1.47601, 1.5926, 1.64432, 1.61858, 1.62028, 1.85456, 1.85657, 1.67844, 1.67994, 1.68198, 1.62428, 1.62632, 1.62836, 1.82589, 1.82834, 1.61569, 1.71615, 1.82609, 1.7147, 1.71557, 1.83083, 1.83131, 1.8331, 1.83514, 1.76069, 1.68982, 1.69166, 1.77737, 1.77941, 1.78145, 1.78592, 1.78796, 1.59337, 1.59541, 1.70203, 1.61678, 1.61882, 1.62103, 1.62307, 1.52656, 1.5286, 1.53064, 1.628, 1.62993, 1.57022, 1.57266, 1.5747, 1.48102, 1.48306, 1.68151, 1.68355, 1.68559, 1.8622, 1.86424, 1.71406, 1.74238, 1.74396, 1.6449, 1.64632, 1.64836, 1.52847, 1.66004,
0, 0, 0, 0, 0, 0, 0, 0, 0, 0, 0, 0, 0, 0, 0, 0, 0, 0, 0, 0, 0, 0, 0, 0, 0, 0, 0, 0, 0, 0, 0, 0, 0, 0, 0, 0, 0, 0, 0, 0, 0, 0, 0, 0, 0, 0, 0, 0, 0, 0, 0, 0, 0, 0, 0, 0, 0, 0, 0, 0, 0, 0, 0, 0, 0, 0, 0, 0, 0, 0, 0, 0, 0, 0, 0, 0, 0, 0, 0, 0, 0, 0, 0, 0, 0, 0, 0, 0, 0, 0, 0, 0, 0, 0, 0, 0, 0, 0, 0, 0, 0, 0, 0, 0, 0, 0, 0, 0, 0, 0, 0, 0, 0, 0, 0, 0, 0, 0, 0, 0, 0, 0, 0, 0, 0, 0, 0, 0, 0, 0, 0, 0, 0, 0, 0, 0, 0, 0, 0, 0, 0, 0, 0, 0, 0, 0, 0, 0, 0, 0, 0, 0, 0, 0, 0, 0, 0, 0, 0, 0, 0, 0, 0, 0, 0, 0, 0, 0, 0, 0, 0, 0, 0, 0, 0, 0, 0, 0, 0, 0, 0, 0, 0, 0, 0, 0, 0, 0, 0, 0, 0, 0, 0, 0, 0, 0, 0, 0, 0, 0, 0, 0, 0, 0, 0, 0, 0, 0, 0, 0, 0, 0, 0, 0, 0, 0, 0, 0, 0, 0, 0, 0, 0, 0, 0, 0, 0, 0, 0, 0, 0, 0, 0, 0, 0, 0, 0, 0, 0, 0, 0, 0, 0, 0, 0, 0, 0, 0, 0, 0, 0, 0, 0, 0, 0, 0, 0, 0, 0, 0, 0, 0, 0, 0, 0, 0, 0, 0, 0, 0, 0, 0, 0, 0, 0, 0, 0, 0, 0, 0, 0, 0, 0, 0, 0, 0, 0, 0, 0, 0, 0, 0, 0, 0, 0, 0, 0, 0, 0, 0, 0, 0, 0, 0, 0, 0, 0, 0, 0, 0, 0, 0, 0, 0, 0, 0, 0, 0, 0, 0, 0, 0, 0, 0, 0, 0, 0, 0, 0, 0, 0, 0, 0, 0, 0, 0, 0, 0, 0, 0, 0, 0, 0, 0, 0, 0, 0, 0, 0, 0, 0, 0, 0, 0, 0, 0, 0, 0, 0, 0, 0, 0, 0, 0, 0, 0, 0, 0, 0, 0, 0, 0, 0, 0, 0, 0, 0, 0, 0, 0, 0, 0, 0, 0, 0, 0, 0, 0, 0, 0, 0, 0, 0, 0, 0, 0, 0, 0, 0, 0, 0, 0, 0, 0, 0, 0, 0, 0, 0, 0, 0, 0, 0, 0, 0, 0, 0, 0, 0, 0, 0, 0, 0, 0, 0, 0, 0, 0, 0, 0, 0, 0, 0, 0, 0, 0, 0, 0, 0, 0, 0, 0, 0, 0, 0, 0, 0, 0, 0, 0, 0, 0, 0, 0, 0, 0, 0, 0, 0, 0, 0, 0, 0, 0, 0, 0, 0, 0, 0, 0, 0, 0, 0, 0, 0, 0, 0, 0, 0, 0, 0, 0, 0, 0, 0, 0, 0, 0, 0, 0, 0, 0, 0, 0, 0, 0, 0, 0, 0, 0, 0, 0, 0, 0, 0, 0, 0, 0, 0, 0, 0, 0, 0, 0, 0, 0, 0, 0, 0, 0, 0, 0, 0, 0, 0, 0, 0, 0, 0, 0, 0, 0, 0, 0, 0, 0, 0, 0, 0, 0, 0, 0, 0, 0, 0, 0, 0, 0, 0, 0, 0, 0, 0, 0, 0, 0, 0, 0, 0, 0, 0, 0, 0, 0, 0, 0, 0, 0, 0, 0, 0, 0, 0, 0, 0, 0, 0, 0, 0, 0, 0, 0, 0, 0, 0, 0, 0, 0, 0, 0, 0, 0, 0, 0, 0, 0, 0, 0, 0, 0, 0, 0, 0, 0, 0, 0, 0, 0, 0, 0, 0, 0, 0, 0, 0, 0, 0, 0, 0, 0, 0, 0, 0, 0, 0, 0, 0, 0, 0, 0, 0, 0, 0, 0, 0, 0, 0, 0, 0, 0, 0, 0, 0, 0, 0, 0, 0, 0, 0, 0, 0, 0, 0, 0, 0, 0, 0, 0, 0, 0, 0, 0, 0, 0, 0, 0, 0, 0, 0, 0, 0, 0, 0, 0, 0, 0, 0, 0, 0, 0, 0, 0, 0, 0, 0, 0, 0, 0, 0, 0, 0, 0, 0, 0, 0, 0, 0, 0, 0, 0, 0, 0, 0, 0, 0, 0, 0, 0, 0, 0, 0, 0, 0, 0, 0, 0, 0, 0, 0, 0, 0, 0, 0, 0, 0, 0, 0, 0, 0, 0, 0, 0, 0, 0, 0, 0, 0, 0, 0, 0, 0, 0, 0, 0, 0, 0, 0, 0, 0, 0, 0, 0, 0, 0, 0, 0, 0, 0, 0, 0, 0, 0, 0, 0, 0, 0, 0, 0, 0, 0, 0,
0, 0, 0, 0, 0, 0, 0, 0, 0, 0.72078, 0.727668, 0, 0, 0, 0, 0, 0, 0, 0, 0, 0, 0, 0, 0, 0, 0, 0.727614, 0.734767, 0.770629, 0, 0.736708, 0.730644, 0.759381, 0.737359, 0.779353, 0.786108, 0.792598, 0.71085, 0, 0, 0, 0, 0, 0, 0.751618, 0.728596, 0.735351, 0, 0, 0, 0, 0, 0, 0.74049, 0.751615, 0.743427, 0.751373, 0.75932, 0, 0.849469, 0.9767, 0.984647, 0.992594, 0.969935, 0.714537, 0.971658, 0.97583, 0.993718, 0.996195, 1.06877, 0.796607, 0.91834, 0.906376, 1.00866, 0.975115, 0.98346, 0.983164, 0.991111, 0.883591, 0.701239, 0.709186, 0.824117, 0.906564, 0.842963, 0.986692, 0.994772, 1.10137, 1.0884, 1.09635, 1.04222, 1.05175, 1.05134, 1.21795, 1.2263, 1.31524, 1.32319, 1.0666, 0.915149, 1.0635, 1.13583, 1.14378, 1.47293, 1.48167, 1.44994, 1.28986, 1.49312, 1.17986, 1.18781, 1.04549, 1.0535, 0.866141, 0.874088, 0.882035, 0.889981, 1.1341, 1.14205, 1.31005, 1.31799, 1.39354, 1.57679, 1.6057, 1.35692, 1.49678, 1.50473, 1.61869, 1.47855, 1.66298, 1.64503, 1.64721, 1.72608, 1.82351, 1.8253, 1.65097, 1.65852, 1.70511, 1.44205, 1.45, 1.14993, 1.30119, 1.3647, 1.37583, 1.55454, 1.62971, 1.63766, 1.52552, 1.63161, 1.53394, 1.47265, 1.70416, 1.76028, 1.76823, 1.67705, 1.6838, 1.50924, 1.51719, 1.52513, 1.63463, 1.64258, 1.78551, 1.75235, 1.76029, 1.53953, 1.59606, 1.56682, 1.64099, 1.64748, 1.65543, 1.61403, 1.62197, 1.77792, 1.78587, 1.79381, 1.71708, 1.72502, 1.46361, 1.47156, 1.62485, 1.67471, 1.68584, 1.81579, 1.82373, 2.00306, 2.00579, 2.01493, 1.84834, 1.94866, 1.86873, 1.71887, 1.72682, 1.77707, 1.70225, 1.69659, 1.70334, 1.71129, 1.6709, 1.67885, 1.73732, 1.74069, 1.74447, 1.88899, 2.12425, 2.21213, 2.24486, 2.25281, 2.26155, 2.05886, 1.85466, 1.86853, 1.87648, 1.88403, 1.89198, 2.09327, 1.93848, 1.94642, 1.95437, 2.07234, 1.97856, 2.05375, 2.0617, 2.06965, 2.07175, 2.1626, 2.11272, 2.12147, 2.12809, 2.11095, 2.34293, 2.24357, 2.3732, 2.23418, 2.30569, 2.03393, 2.15368, 2.19358, 2.36227, 2.30055, 2.34745, 2.3554, 2.16191, 2.21903, 2.35845, 2.18975, 2.36887, 2.37681, 2.35663, 2.23323, 2.41659, 2.25337, 2.26131, 2.18232, 2.19027, 2.02439, 2.13932, 2.14727, 2.07078, 2.33704, 2.47834, 2.47884, 2.48719, 2.49513, 2.5011, 2.37688, 2.42226, 2.42782, 2.43418, 2.31696, 2.32411, 2.22285, 2.2308, 2.23676, 2.258, 2.21223, 2.2162, 2.38302, 2.38997, 2.3071, 2.31505, 2.323, 2.62964, 2.78538, 2.86345, 2.91087, 2.91882, 2.62488, 2.67294, 2.59007, 2.51596, 2.63077, 2.63872, 2.59096, 2.46359, 2.72905, 2.58896, 2.5969, 2.60485, 2.78583, 2.80573, 2.77274, 2.7783, 2.84563, 2.83914, 2.60073, 2.60907, 2.82684, 2.8391, 2.64402, 2.71152, 2.71867, 2.64731, 2.57637, 2.79687, 2.66631, 2.77887, 2.78841, 2.79477, 2.58898, 2.74696, 2.56542, 2.69225, 2.7002, 3.06331, 3.37621, 3.55864, 3.56738, 3.57532, 3.45208, 3.00242, 2.79504, 2.76281, 2.76837, 2.63286, 2.72881, 2.73477, 2.77652, 2.78764, 2.99623, 2.88953, 2.89748, 2.76661, 2.77376, 2.75729, 2.76418, 2.77213, 2.78008, 2.78802, 2.61445, 2.81192, 3.11458, 3.12253, 3.13365, 3.17806, 3.28229, 3.09255, 3.24462, 3.25203, 2.99853, 3.0396, 3.22292, 3.07962, 3.08757, 3.54231, 3.95785, 3.78964, 3.79758, 3.80474, 3.47486, 2.87548, 2.9873, 3.3927, 3.40343, 3.41138, 3.41932, 3.54492, 3.52278, 3.53072, 3.53867, 3.65145, 3.84337, 4.03735, 4.04529, 4.05245, 4.01681, 3.72439, 3.09723, 3.55209, 4.13949, 4.14743, 4.06025, 4.0682, 3.91462, 3.25926, 3.34893, 3.30685, 3.3148, 3.35782, 3.49951, 3.59706, 3.605, 3.61335, 3.4732, 3.51904, 3.23484, 3.24279, 3.46142, 3.46936, 3.282, 3.48137, 3.57466, 3.44804, 3.52197, 3.52992, 3.44475, 3.34956, 3.35751, 3.29933, 3.30728, 3.26947, 3.27702, 3.28126, 3.42869, 3.50956, 3.51329, 3.51707, 3.84593, 3.65735, 3.63672, 3.78838, 3.79633, 3.59986, 3.6049, 3.39687, 3.56696, 3.57385, 3.70688, 3.82499, 3.83294, 3.69649, 4.27472, 4.29709, 4.09836, 4.17099, 4.17894, 3.70739, 3.70328, 3.80556, 3.79981, 3.80816, 3.76456, 3.77251, 3.66499, 3.48264, 3.49058, 3.63778, 3.64573, 3.79009, 3.79804, 3.90818, 3.8184, 3.82635, 3.62229, 3.82555, 3.68384, 3.87835, 3.88332, 4.01576, 3.90469, 3.91264, 3.88709, 3.89504, 3.70768, 3.55218, 3.71749, 3.72703, 3.88306, 3.89101, 3.89896, 3.93515, 4.19801, 4.09999, 4.31096, 4.31891, 4.36074, 4.11827, 4.18507, 3.98801, 4.08848, 3.85019, 4.07188, 4.01929, 4.02723, 4.09515, 4.10309, 3.89571, 3.90366, 3.91161, 4.01418, 4.02213, 4.1738, 4.18174, 4.18552, 3.92507, 4.12753, 3.98582, 4.14522, 4.15317, 4.27262, 4.20858, 4.21653, 4.30121, 4.30916, 4.44845, 4.25716, 4.26551, 4.26521, 4.35461, 4.16564, 3.98329, 4.09822, 4.11144, 4.0873, 4.29707, 4.30502, 4.46467, 4.54242, 4.55036, 4.35529, 4.38309, 4.17639, 4.06137, 4.06931, 4.35159, 4.29537, 4.30332, 4.31127, 4.52065, 4.25268, 4.43721, 4.44515, 4.64821, 4.63406, 4.64069, 4.47033, 4.52349, 4.4814, 4.40447, 4.41255, 5.15835, 5.89688, 5.77507, 5.78381, 5.79176, 5.28734, 4.96081, 5.96806, 5.97588, 5.98383, 6.21332, 7.22028, 6.23051, 6.23845, 6.31083, 5.55749, 4.74203, 4.84868, 4.95976, 4.83208, 4.84016, 4.65281, 4.51095, 4.42795, 4.4355, 4.44186, 4.71117, 4.83672, 4.76437, 4.88021, 4.88816, 4.67652, 4.6586, 4.66814, 4.55152, 4.55947, 4.56742, 4.57547, 4.58328, 4.59123, 4.59878, 4.8203, 4.67964, 4.83808, 4.84761, 4.85596, 4.64828, 4.80122, 4.7196, 4.93744, 4.94141, 5.04679, 4.99807, 5.00602, 5.23576, 5.24371, 5.11125, 5.09774, 5.27006, 4.9568, 5.11546, 5.16486, 5.08224, 5.05367, 5.06161, 4.9598, 4.77093, 4.8823, 4.89025, 4.8982, 5.00842, 5.21148, 5.12351, 5.31732, 5.33932, 5.13103, 5.12462, 5.13257, 5.12935, 5.01034, 5.01829, 4.94408, 4.95202, 5.07487, 5.14444, 5.15278, 5.19499, 5.20373, 5.14814, 5.09293, 5.10088, 5.10694, 5.00844, 5.16004, 5.21348, 5.22143, 5.80398, 6.13431, 6.35918, 6.36832, 6.37547, 5.81055, 5.30411, 5.26637, 5.34775, 5.40748, 5.41503, 5.42338, 5.56448, 5.52315, 5.32807, 5.38493, 5.39368, 5.18743, 5.25367, 5.26042, 5.3928, 5.40194, 5.60103, 5.47087, 5.48041, 5.47446, 5.5038, 5.4607, 5.46746, 5.47382, 5.43029, 5.34178, 5.13757, 5.36239, 5.37034, 5.37828, 5.38623, 5.39418, 5.18526, 5.71954, 5.72749, 5.94759, 5.95554, 6.11654, 5.59655, 5.60609, 5.56835, 5.64973, 5.70471, 5.71226, 5.73308, 5.99734, 5.83673, 5.84468, 6.04915, 6.00578, 5.67948, 5.68597, 5.69392, 5.72808, 5.76398, 5.90348, 5.91142, 5.91937, 5.88277, 5.67133, 5.60819, 5.61627, 5.6859, 5.8447, 5.85265, 5.81732, 6.12578, 5.93683, 5.7702, 5.80178, 5.80972, 5.73734, 5.74528, 5.75323, 5.86627, 5.87263, 5.66683, 5.81678, 6.02656, 5.901, 5.96002, 6.04603, 5.9893, 6.10728, 6.11523, 5.91856, 5.93705, 5.9442, 5.97376, 5.98171, 5.98966, 5.97322, 5.98117, 5.82965, 5.8376, 5.90652, 5.82636, 5.83431, 5.81605, 5.824, 5.85859, 5.86653, 5.87448, 5.97955, 5.98743, 5.84526, 5.8548, 5.86274, 5.76935, 5.7773, 6.03405, 6.04199, 6.04994, 6.25694, 6.26489, 6.05559, 6.2141, 6.22006, 6.00041, 6.13013, 6.13648, 5.98784, 6.11976,
0, 0, 0, 0, 0, 0, 0, 0, 0, 0, 0, 0, 0, 0, 0, 0, 0, 0, 0, 0, 0, 0, 0, 0, 0, 0, 0, 0, 0, 0, 0, 0, 0, 0, 0, 0, 0, 0, 0, 0, 0, 0, 0, 0, 0, 0, 0, 0, 0, 0, 0, 0, 0, 0, 0, 0, 0, 0, 0, 0, 0, 0, 0, 0, 0, 0, 0, 0, 0, 0, 0, 0, 0, 0, 0, 0, 0, 0, 0, 0, 0, 0, 0, 0, 0, 0, 0, 0, 0, 0, 0, 0, 0, 0, 0, 0, 0, 0, 0, 0, 0, 0, 0, 0, 0, 0, 0, 0, 0, 0, 0, 0, 0, 0, 0, 0, 0, 0, 0, 0, 0, 0, 0, 0, 0.723745, 0, 0.758076, 0.851994, 0.852954, 0.761959, 0.856183, 0.856723, 0, 0, 0, 0, 0, 0, 0, 0, 0, 0, 0, 0.700668, 0, 0, 0.708515, 0, 0, 0.709773, 0.712173, 0, 0, 0, 0, 0, 0, 0, 0.708143, 0.715029, 0.717429, 0, 0, 0, 0, 0, 0, 0, 0, 0.746873, 0.749273, 0.751673, 0.791064, 0.793464, 0, 0, 0, 0.720991, 0.724351, 0.776049, 0.778449, 0.904385, 0.894499, 0.897259, 0.853546, 0.857431, 0.773366, 0, 0.700569, 0.704596, 0, 0, 0, 0, 0, 0, 0, 0, 0, 0.820449, 0.930198, 0.918948, 0.948266, 0.950666, 0.952788, 0.80806, 0.745493, 0.753822, 0.756222, 0.758502, 0.760902, 0.959272, 0.798936, 0.801336, 0.803736, 0.830803, 0.814612, 0.885368, 0.887768, 0.890168, 0.887833, 0.945846, 0.890427, 0.893067, 0.894927, 0.897614, 0.782499, 0, 0.800682, 0, 0.724849, 0.726572, 0.731179, 0.765083, 0.901776, 0.833178, 0.875869, 0.877022, 0.879542, 0.931082, 0.933152, 0.782988, 0.934038, 0.936438, 0.91071, 0.91342, 0.917547, 0.753701, 0.756101, 0.764028, 0.766428, 0, 0.780653, 0.783053, 0.701517, 0.965894, 1.02058, 1.0215, 1.02402, 1.02642, 1.02825, 0.973865, 1.01367, 1.01535, 1.01727, 0.89453, 0.898017, 0.7893, 0.7917, 0.7935, 0.762358, 0.713025, 0.714225, 0.855334, 0.857254, 0.843073, 0.845473, 0.847873, 1.14894, 1.29396, 1.3711, 1.37491, 1.37731, 1.07715, 1.1183, 0.937561, 0.881868, 0.968496, 0.970896, 0.944079, 0.920702, 1.18484, 1.04197, 1.04437, 1.04677, 1.18291, 1.19864, 1.19913, 1.20081, 1.20383, 1.06788, 0.856205, 0.859085, 1.01981, 1.02641, 1.02881, 1.03191, 1.03481, 0.967532, 0.937866, 0.940266, 0.802748, 0.910133, 0.912644, 0.914564, 0.916778, 1.07077, 0.881047, 1.00274, 1.00514, 1.28811, 1.63302, 1.6356, 1.64085, 1.64325, 1.51182, 1.05609, 1.05783, 1.02005, 1.02173, 0.883351, 0.977726, 0.979526, 1.01573, 1.01909, 1.02149, 0.990486, 0.992886, 0.856391, 0.857631, 0.960966, 0.963046, 0.965446, 0.967846, 0.970246, 0.78958, 0.983046, 1.28168, 1.28408, 1.28744, 1.29275, 1.29694, 1.22925, 1.23216, 1.23446, 1.12292, 1.16022, 1.16238, 1.09886, 1.10126, 1.46513, 1.87668, 1.87908, 1.88148, 1.88374, 1.54764, 0.943251, 1.05317, 1.45524, 1.45848, 1.46088, 1.46328, 1.58442, 1.55675, 1.55915, 1.56155, 1.56509, 1.75254, 1.94097, 1.94337, 1.94553, 1.94728, 1.65078, 1.04042, 1.46739, 1.95788, 1.96028, 1.96307, 1.96547, 1.63214, 0.982698, 1.05535, 1.05454, 1.05694, 1.27417, 1.32898, 1.37279, 1.37519, 1.37771, 1.36296, 1.4017, 1.11325, 1.11561, 1.3302, 1.3326, 1.13974, 1.33394, 1.33691, 1.29108, 1.29424, 1.29664, 1.21446, 1.17276, 1.17516, 1.10992, 1.11232, 1.06755, 1.06983, 1.07109, 1.15904, 1.18189, 1.18307, 1.18427, 1.48477, 1.39671, 1.39613, 1.39892, 1.40132, 1.27195, 1.27375, 1.13183, 1.29915, 1.30123, 1.4302, 1.49584, 1.49824, 1.40318, 1.94023, 1.9328, 1.73011, 1.79562, 1.79802, 1.23049, 1.23179, 1.27708, 1.26729, 1.26981, 1.21913, 1.22153, 1.20693, 1.11018, 1.11258, 1.21419, 1.21659, 1.35541, 1.35781, 1.3606, 1.33795, 1.34035, 1.19991, 1.39758, 1.24881, 1.43929, 1.44079, 1.44205, 1.44503, 1.44743, 1.42584, 1.42824, 1.23537, 1.07278, 1.23407, 1.23695, 1.38784, 1.39024, 1.39264, 1.42332, 1.57732, 1.57928, 1.58168, 1.58408, 1.62037, 1.45367, 1.45589, 1.43538, 1.49696, 1.28955, 1.29214, 1.28542, 1.28782, 1.35962, 1.36202, 1.29981, 1.30221, 1.30461, 1.40182, 1.40422, 1.50757, 1.50997, 1.51117, 1.29135, 1.48878, 1.34001, 1.49538, 1.49778, 1.51566, 1.44763, 1.45003, 1.48425, 1.48665, 1.58765, 1.37408, 1.3766, 1.37033, 1.45572, 1.35813, 1.26138, 1.37225, 1.37493, 1.34915, 1.35155, 1.35395, 1.51623, 1.58014, 1.58254, 1.58494, 1.5879, 1.39496, 1.27286, 1.27526, 1.55354, 1.49026, 1.49266, 1.49506, 1.57871, 1.30519, 1.48424, 1.48664, 1.6029, 1.60554, 1.60788, 1.51886, 1.52078, 1.47802, 1.41971, 1.42223, 2.13833, 2.87177, 2.87496, 2.8776, 2.88, 2.37264, 2.0405, 2.13726, 2.13954, 2.14194, 2.29347, 3.27528, 3.2777, 3.2801, 3.28226, 2.58913, 1.7677, 1.772, 1.77444, 1.6398, 1.64232, 1.53066, 1.38319, 1.41342, 1.4157, 1.41762, 1.68292, 1.72651, 1.72639, 1.72789, 1.73029, 1.62331, 1.59982, 1.6027, 1.48013, 1.48253, 1.48493, 1.48587, 1.48831, 1.49071, 1.49299, 1.71051, 1.5639, 1.71675, 1.71963, 1.72215, 1.50879, 1.6577, 1.57055, 1.78325, 1.78445, 1.78701, 1.73396, 1.73636, 1.73655, 1.73895, 1.61617, 1.6078, 1.7471, 1.7495, 1.81492, 1.82043, 1.82283, 1.82571, 1.82811, 1.72078, 1.52484, 1.62642, 1.62882, 1.63122, 1.5149, 1.71282, 1.65722, 1.80757, 1.82516, 1.8261, 1.7859, 1.7883, 1.79094, 1.69364, 1.69604, 1.61519, 1.61759, 1.73487, 1.7784, 1.78047, 1.78287, 1.7853, 1.78081, 1.71922, 1.72162, 1.72259, 1.61671, 1.7646, 1.81332, 1.81572, 2.39412, 2.72073, 2.72328, 2.72604, 2.72882, 2.15825, 1.68121, 1.81546, 1.81953, 1.74835, 1.75063, 1.75315, 1.88389, 1.83701, 1.83941, 1.84333, 1.84597, 1.661, 1.74643, 1.74847, 1.72805, 1.72985, 1.85999, 1.72276, 1.72564, 1.77883, 1.78186, 1.68928, 1.69149, 1.69389, 1.64482, 1.61439, 1.55158, 1.77239, 1.77479, 1.77719, 1.77959, 1.78199, 1.56598, 2.09627, 2.09867, 2.16627, 2.16867, 2.25904, 1.77013, 1.77241, 1.90666, 1.91073, 1.83743, 1.83971, 1.85216, 2.10197, 1.94806, 1.94848, 2.13506, 2.14051, 1.80796, 1.80984, 1.81224, 1.84285, 2.02695, 2.03099, 2.03339, 2.03579, 1.99337, 1.77749, 1.83637, 1.83875, 1.87593, 1.92126, 1.92366, 1.92566, 2.14325, 1.99212, 1.95278, 1.98031, 1.98271, 1.75256, 1.75496, 1.75735, 1.86485, 1.86773, 1.80504, 1.94985, 1.95225, 1.87264, 1.87368, 1.95717, 1.89745, 2.01355, 2.01595, 2.01735, 2.03306, 2.03522, 1.907, 1.9094, 1.9118, 1.89137, 1.89377, 1.88895, 1.89135, 1.93419, 1.86902, 1.87142, 1.8461, 1.8485, 1.87612, 1.87852, 1.88092, 1.91571, 1.91809, 1.83645, 1.83933, 1.84173, 1.74238, 1.74478, 1.9975, 1.9999, 2.0023, 2.20528, 2.20768, 1.9934, 2.14998, 2.15178, 1.92712, 2.05517, 2.05709, 1.90346, 1.97264,
0, 0, 0, 0, 0, 0, 0, 0, 0, 0, 0, 0, 0, 0, 0, 0, 0, 0, 0, 0, 0, 0, 0, 0, 0, 0, 0, 0, 0, 0, 0, 0, 0, 0, 0, 0, 0, 0, 0, 0, 0, 0, 0, 0, 0, 0, 0, 0, 0, 0, 0, 0, 0, 0, 0, 0, 0, 0, 0, 0, 0, 0, 0, 0, 0, 0, 0, 0, 0, 0, 0, 0, 0, 0, 0, 0, 0, 0, 0, 0, 0, 0, 0, 0, 0, 0, 0, 0, 0, 0, 0, 0, 0, 0, 0, 0, 0, 0, 0, 0, 0, 0, 0, 0, 0, 0, 0, 0, 0, 0, 0, 0, 0, 0, 0, 0, 0, 0, 0, 0, 0, 0, 0, 0, 0.738753, 0, 0.773214, 0.866911, 0.867919, 0.777228, 0.87131, 0.872045, 0, 0, 0, 0, 0, 0, 0, 0, 0, 0, 0.714805, 0.717317, 0, 0.701667, 0.725305, 0, 0, 0.726848, 0.729368, 0, 0, 0, 0, 0, 0, 0, 0.726174, 0.733811, 0.736331, 0, 0.705237, 0.707707, 0, 0, 0, 0, 0, 0.76641, 0.76893, 0.77145, 0.811355, 0.813875, 0, 0, 0, 0.741796, 0.745324, 0.797118, 0.799638, 0.925458, 0.91596, 0.919026, 0.875325, 0.878984, 0.795092, 0.720198, 0.722718, 0.726947, 0, 0, 0, 0, 0, 0, 0, 0, 0.700916, 0.843738, 0.953669, 0.942486, 0.972039, 0.974559, 0.976787, 0.832093, 0.769532, 0.777981, 0.780501, 0.782895, 0.785415, 0.983977, 0.823761, 0.826281, 0.828801, 0.855718, 0.839965, 0.910817, 0.913337, 0.915857, 0.913618, 0.971874, 0.916575, 0.918927, 0.920775, 0.923701, 0.809028, 0.702718, 0.827461, 0, 0.751808, 0.753617, 0.758454, 0.79238, 0.929267, 0.860704, 0.9036, 0.904811, 0.907205, 0.959035, 0.961188, 0.811233, 0.962388, 0.964908, 0.9393, 0.942145, 0.946478, 0.782666, 0.785186, 0.793234, 0.795754, 0, 0.810304, 0.812824, 0.731204, 0.995689, 1.05071, 1.05168, 1.05416, 1.05668, 1.05868, 1.00439, 1.0444, 1.04616, 1.04818, 0.925475, 0.929136, 0.820571, 0.823091, 0.824855, 0.793762, 0.744464, 0.745724, 0.886963, 0.888979, 0.874918, 0.877438, 0.879958, 1.18123, 1.32626, 1.40346, 1.40721, 1.40973, 1.10997, 1.15094, 0.970222, 0.915057, 1.00185, 1.00437, 0.977534, 0.954145, 1.2185, 1.0757, 1.07822, 1.08074, 1.21693, 1.23292, 1.23343, 1.23519, 1.23836, 1.10237, 0.890766, 0.89379, 1.05471, 1.0615, 1.06402, 1.06727, 1.0699, 1.00267, 0.973571, 0.976091, 0.838582, 0.946064, 0.948742, 0.950758, 0.953083, 1.1072, 0.917531, 1.03946, 1.04198, 1.3248, 1.67005, 1.67277, 1.67828, 1.6808, 1.54909, 1.09376, 1.09558, 1.05792, 1.05969, 0.921264, 1.01572, 1.01767, 1.05399, 1.05752, 1.06004, 1.02883, 1.03135, 0.894852, 0.896301, 0.99985, 1.00206, 1.00458, 1.0071, 1.00962, 0.829059, 1.02266, 1.32151, 1.32403, 1.32756, 1.33288, 1.33703, 1.26962, 1.27243, 1.27511, 1.16367, 1.20071, 1.20297, 1.13942, 1.14194, 1.50609, 1.91807, 1.92059, 1.92311, 1.92547, 1.58959, 0.985075, 1.09512, 1.49708, 1.50073, 1.50325, 1.50577, 1.62709, 1.59946, 1.60198, 1.6045, 1.60821, 1.79585, 1.98439, 1.98691, 1.98876, 1.99096, 1.69447, 1.08442, 1.51131, 2.00215, 2.00467, 2.00759, 2.01011, 1.67694, 1.02753, 1.10039, 1.09961, 1.10213, 1.31951, 1.37453, 1.4185, 1.42102, 1.4235, 1.40878, 1.44733, 1.159, 1.16133, 1.37614, 1.37866, 1.18613, 1.38066, 1.38377, 1.33798, 1.34129, 1.34381, 1.26173, 1.22002, 1.22254, 1.15733, 1.15985, 1.11506, 1.11771, 1.11897, 1.207, 1.22983, 1.23132, 1.23258, 1.53316, 1.44524, 1.44477, 1.4477, 1.45022, 1.32096, 1.32278, 1.18085, 1.34823, 1.35044, 1.47972, 1.54545, 1.54797, 1.45305, 1.9902, 1.98297, 1.78035, 1.84602, 1.84854, 1.28105, 1.28241, 1.32791, 1.31829, 1.32068, 1.2701, 1.27262, 1.25828, 1.16155, 1.16407, 1.26598, 1.2685, 1.40744, 1.40996, 1.41289, 1.39026, 1.39278, 1.25236, 1.44993, 1.30119, 1.49188, 1.49358, 1.49491, 1.49791, 1.50043, 1.47892, 1.48144, 1.2889, 1.12642, 1.28792, 1.29095, 1.44208, 1.4446, 1.44712, 1.47783, 1.63193, 1.63399, 1.63651, 1.63903, 1.67543, 1.50855, 1.51088, 1.49074, 1.55255, 1.34512, 1.34783, 1.3412, 1.34372, 1.41557, 1.41809, 1.35591, 1.35843, 1.36095, 1.45838, 1.4609, 1.56446, 1.56698, 1.56824, 1.34837, 1.54569, 1.39695, 1.55253, 1.55505, 1.57311, 1.50551, 1.50803, 1.54234, 1.54486, 1.64604, 1.43266, 1.43506, 1.42886, 1.51439, 1.41704, 1.32031, 1.43148, 1.4343, 1.40856, 1.41108, 1.4136, 1.57564, 1.64009, 1.64261, 1.64513, 1.64824, 1.45539, 1.33332, 1.33584, 1.61424, 1.55098, 1.5535, 1.55602, 1.63958, 1.36609, 1.54522, 1.54774, 1.6647, 1.66705, 1.6694, 1.58042, 1.58243, 1.54019, 1.48212, 1.48451, 2.20086, 2.93452, 2.93787, 2.94022, 2.94274, 2.4356, 2.10364, 2.20064, 2.2032, 2.20572, 2.35737, 3.33922, 3.34175, 3.34427, 3.34612, 2.6536, 1.83187, 1.83639, 1.83904, 1.70444, 1.70692, 1.5953, 1.44799, 1.47851, 1.48116, 1.48317, 1.74861, 1.79249, 1.79225, 1.79394, 1.79647, 1.68954, 1.66625, 1.66928, 1.54671, 1.54923, 1.55175, 1.5525, 1.55515, 1.55767, 1.56031, 1.77796, 1.63135, 1.78411, 1.78713, 1.78961, 1.57641, 1.72554, 1.6388, 1.85175, 1.85301, 1.85569, 1.80275, 1.80527, 1.80547, 1.80799, 1.68535, 1.6768, 1.81619, 1.81871, 1.88423, 1.89026, 1.89278, 1.8958, 1.89832, 1.79102, 1.59511, 1.69699, 1.69951, 1.70203, 1.58579, 1.78395, 1.72839, 1.87893, 1.89654, 1.89752, 1.85744, 1.85996, 1.86231, 1.76565, 1.76817, 1.68738, 1.6899, 1.80738, 1.85094, 1.85311, 1.85563, 1.85818, 1.85339, 1.79204, 1.79456, 1.79597, 1.68997, 1.83823, 1.8868, 1.88932, 2.46806, 2.79483, 2.79735, 2.8004, 2.80332, 2.23291, 1.75592, 1.89029, 1.89431, 1.82316, 1.8258, 1.8282, 1.95938, 1.91263, 1.91515, 1.91926, 1.92161, 1.73695, 1.82243, 1.8247, 1.8041, 1.80624, 1.93657, 1.79937, 1.80239, 1.8556, 1.85878, 1.76632, 1.76865, 1.77117, 1.7223, 1.69172, 1.62916, 1.8501, 1.85262, 1.85514, 1.85766, 1.86018, 1.64428, 2.17469, 2.17721, 2.24482, 2.24734, 2.33805, 1.84904, 1.85168, 1.98605, 1.99007, 1.91693, 1.91958, 1.93189, 2.18179, 2.02825, 2.02868, 2.21512, 2.22109, 1.88838, 1.89023, 1.89275, 1.92386, 2.10807, 2.11231, 2.11483, 2.11735, 2.07489, 1.8591, 1.91805, 1.92053, 1.9576, 2.00294, 2.00546, 2.00756, 2.22543, 2.07441, 2.03541, 2.06324, 2.06576, 1.83564, 1.83816, 1.84068, 1.94829, 1.95132, 1.88863, 2.03368, 2.0362, 1.95663, 1.95771, 2.0413, 1.98151, 2.09767, 2.10019, 2.10158, 2.11735, 2.11962, 1.99191, 1.99443, 1.99695, 1.97656, 1.97908, 1.97438, 1.9769, 2.01987, 1.9548, 1.95732, 1.93203, 1.93455, 1.96216, 1.96468, 1.9672, 2.00228, 2.00476, 1.92331, 1.92633, 1.92885, 1.8295, 1.83202, 2.08496, 2.08748, 2.09, 2.29319, 2.29571, 2.08134, 2.23802, 2.23997, 2.01531, 2.14358, 2.1456, 1.99189, 2.06102,
0, 0, 0, 0, 0, 0, 0, 0, 0, 0, 0, 0, 0, 0, 0, 0, 0, 0, 0, 0, 0, 0, 0, 0, 0, 0, 0.767272, 0.762799, 0.787657, 0, 0, 0, 0, 0, 0, 0, 0, 0, 0, 0, 0, 0, 0, 0, 0, 0, 0, 0, 0, 0, 0, 0, 0, 0, 0, 0, 0, 0, 0, 0, 0, 0, 0, 0, 0, 0, 0, 0, 0, 0, 0, 0, 0, 0, 0, 0, 0, 0, 0, 0, 0, 0, 0, 0, 0, 0, 0, 0, 0, 0, 0, 0, 0, 0, 0, 0, 0, 0, 0, 0, 0, 0, 0, 0, 0, 0, 0, 0, 0, 0, 0, 0, 0, 0, 0, 0, 0, 0, 0, 0, 0, 0, 0, 0, 0, 0, 0, 0, 0, 0, 0, 0, 0, 0, 0, 0, 0, 0, 0, 0, 0, 0, 0, 0, 0, 0, 0, 0, 0, 0, 0, 0, 0, 0, 0, 0, 0, 0, 0, 0, 0, 0, 0, 0, 0, 0, 0, 0, 0, 0, 0, 0, 0, 0, 0, 0, 0, 0, 0, 0, 0, 0, 0, 0, 0, 0, 0, 0, 0, 0, 0, 0, 0, 0, 0, 0, 0, 0, 0, 0, 0, 0, 0, 0, 0, 0, 0, 0, 0, 0, 0, 0, 0, 0, 0, 0, 0, 0, 0, 0, 0, 0, 0, 0, 0, 0, 0, 0, 0, 0, 0, 0, 0, 0, 0, 0, 0, 0, 0, 0, 0, 0, 0, 0, 0, 0, 0, 0, 0, 0, 0, 0, 0, 0, 0, 0, 0, 0, 0, 0, 0, 0, 0, 0, 0, 0, 0, 0, 0, 0, 0, 0, 0, 0, 0, 0, 0, 0, 0, 0, 0, 0, 0, 0, 0, 0, 0, 0, 0, 0, 0, 0, 0, 0, 0, 0, 0, 0, 0, 0, 0, 0, 0, 0, 0, 0, 0, 0, 0, 0, 0, 0, 0, 0, 0, 0, 0, 0, 0, 0, 0, 0, 0, 0, 0, 0, 0, 0, 0, 0, 0, 0, 0, 0, 0, 0, 0, 0, 0, 0, 0, 0, 0, 0, 0, 0, 0, 0, 0, 0, 0, 0, 0, 0, 0, 0, 0, 0, 0, 0, 0, 0, 0, 0, 0, 0, 0, 0, 0, 0, 0, 0, 0, 0, 0, 0, 0, 0, 0, 0, 0, 0, 0, 0, 0, 0, 0, 0, 0, 0, 0, 0, 0, 0, 0, 0, 0, 0, 0, 0, 0, 0, 0, 0, 0, 0, 0, 0, 0, 0, 0, 0, 0, 0, 0, 0, 0, 0, 0, 0, 0, 0, 0, 0, 0, 0, 0, 0, 0, 0, 0, 0, 0, 0, 0, 0, 0, 0, 0, 0, 0, 0, 0, 0, 0, 0, 0, 0, 0, 0, 0, 0, 0, 0, 0, 0, 0, 0, 0, 0, 0, 0, 0, 0, 0, 0, 0, 0, 0, 0, 0, 0, 0, 0, 0, 0, 0, 0, 0, 0, 0, 0, 0, 0, 0, 0, 0, 0, 0, 0, 0, 0, 0, 0, 0, 0, 0, 0, 0, 0, 0, 0, 0, 0, 0, 0, 0, 0, 0, 0, 0, 0, 0, 0, 0, 0, 0, 0, 0, 0, 0, 0, 0, 0, 0, 0, 0, 0, 0, 0, 0, 0, 0, 0, 0, 0, 0, 0, 0, 0, 0, 0, 0, 0, 0, 0, 0, 0, 0, 0, 0, 0, 0, 0, 0, 0, 0, 0, 0, 0, 0, 0, 0, 0, 0, 0, 0, 0, 0, 0, 0, 0, 0, 0, 0, 0, 0, 0, 0, 0, 0, 0, 0, 0, 0, 0, 0, 0, 0, 0, 0, 0, 0, 0, 0, 0, 0, 0, 0, 0, 0, 0, 0, 0, 0, 0, 0, 0, 0, 0, 0, 0, 0, 0, 0, 0, 0, 0, 0, 0, 0, 0, 0, 0, 0, 0, 0, 0, 0, 0, 0, 0, 0, 0, 0, 0, 0, 0, 0, 0, 0, 0, 0, 0, 0, 0, 0, 0, 0, 0, 0, 0, 0, 0, 0, 0, 0, 0, 0, 0, 0, 0, 0, 0, 0, 0, 0, 0, 0, 0, 0, 0, 0, 0, 0, 0, 0, 0, 0, 0, 0, 0, 0, 0, 0, 0, 0, 0, 0, 0, 0, 0, 0, 0, 0, 0, 0, 0, 0, 0, 0, 0, 0, 0, 0, 0, 0, 0, 0, 0, 0, 0, 0, 0, 0, 0, 0, 0, 0, 0, 0, 0, 0, 0, 0, 0, 0, 0, 0, 0, 0, 0, 0, 0, 0, 0, 0, 0, 0, 0, 0, 0, 0, 0, 0, 0, 0, 0, 0, 0, 0, 0, 0, 0, 0, 0, 0, 0, 0, 0, 0, 0, 0, 0, 0, 0, 0, 0, 0, 0, 0,
Main Loop Time: 5.363
Number of Graph Matching Computed: 17733
Number of Zero Entries Cells: 10635
Number of Pruned Cells: 0
Number of Estimated Cells Above Threshold: 0
Number of Cells Above Threshold: 0
Env Time: 0.000831639
Dataloader Time: 0.0404024
FaissIndex Time: 0.0314391
Algorithm Time: 5.44795
