creating environment with lakes: /root/data/en/king_james_bible_para/7_3/, /root/data/en/esv_chapter/7/
1 text1_files listed
1 text2_files listed
Inverted Index Size: 318
Words: 150
Vector Size: 300
Normalized vector storage check
Index Trained: 1
Ntotal: 95
Sliding Window Computation time: 4.217e-05
Out of dictionary words: 55
K: 95
NB: 95
Faiss Search Time: 0.0708915
size of I: 9025
Size of valid edges: 8847
Vector Size: 1500
Normalized vector storage check
Index Trained: 1
Ntotal: 37440
K: 37440
NB: 37
0, 0, 0, 0, 0, 0, 0, 0, 0, 0, 0, 0, 0, 0, 0, 0, 0, 0, 0, 0, 0, 0, 0, 0, 0, 0, 0, 0, 0, 0, 0, 0, 0, 0, 0, 0, 0, 0, 0, 0, 0, 0, 0, 0, 0, 0, 0, 0, 0, 0, 0, 0, 0, 0, 0, 0, 0, 0, 0, 0, 0, 0, 0, 0, 0, 0, 0, 0, 0, 0, 0, 0, 0, 0, 0, 0, 0, 0, 0, 0, 0, 0, 0, 0, 0, 0, 0, 0, 0, 0, 0, 0, 0, 1, 1, 1, 1, 1, 0, 0, 0, 0, 0, 0, 0, 0, 0, 0, 0, 0, 0, 0, 1, 1, 1, 1, 1, 0, 0, 0, 0, 0, 0, 0, 0, 0, 0, 0, 0, 0, 0, 0, 0, 0, 0, 0, 0, 0, 0, 0, 0, 0, 0, 0, 0, 0, 0, 0, 0, 0, 0, 0, 0, 0, 0, 0, 0, 0, 0, 0, 0, 0, 0, 0, 0, 0, 0, 0, 0, 0, 0, 0, 0, 0, 0, 0, 0, 0, 0, 0, 0, 0, 0, 0, 0, 0, 0, 0, 0, 0, 0, 0, 0, 0, 0, 0, 0, 0, 0, 0, 0, 0, 0, 0, 0, 0, 0, 0, 0, 0, 0, 0, 0, 0, 0, 0, 0, 0, 0, 0, 0, 0, 0, 0, 0, 0, 0, 0, 0, 0, 0, 0, 0, 0, 0, 0, 0, 0, 0, 0, 0, 0, 0, 0, 0, 0, 0, 0, 0, 0, 0, 0, 0, 0, 0, 0, 0, 0, 0, 0, 0, 0, 0, 0, 0, 0, 0, 0, 0, 0, 0, 0, 0, 0, 0, 0, 0, 0, 0, 0, 0, 0, 0, 0, 0, 0, 0, 0, 0, 0, 0, 0, 0, 0, 0, 0, 0, 0, 0, 0, 0, 0, 0, 0, 0, 0, 0, 0, 0, 0, 0, 0, 0, 0, 0, 0, 0, 0, 0, 0, 0, 0, 0, 0, 0, 0, 0, 0, 0, 0, 0, 0, 0, 0, 0,
0, 0, 0, 0, 0, 0, 0, 0, 0, 0, 0, 0, 0, 0, 0, 0, 0, 0, 0, 0, 0, 0, 0, 0, 0, 0, 0, 0, 0, 0, 0, 0, 0, 0, 0, 0, 0, 0, 0, 0, 0, 0, 0, 0, 0, 0, 0, 0, 0, 0, 0, 0, 0, 0, 0, 0, 0, 0, 0, 0, 0, 0, 0, 0, 0, 0, 0, 0, 0, 0, 0, 0, 0, 0, 0, 0, 0, 0, 0, 0, 0, 0, 0, 0, 0, 0, 0, 0, 0, 0, 0, 0, 0, 1.01074, 1.01086, 1.01097, 1.01109, 1.0112, 0, 0, 0, 0, 0, 0, 0, 0, 0, 0, 0, 0, 0, 0, 1.01269, 1.01278, 1.0129, 1.01311, 1.0133, 0, 0, 0, 0, 0, 0, 0, 0, 0, 0, 0, 0, 0, 0, 0, 0, 0, 0, 0, 0, 0, 0, 0, 0, 0, 0, 0, 0, 0, 0, 0, 0, 0, 0, 0, 0, 0, 0, 0, 0, 0, 0, 0, 0, 0, 0, 0, 0, 0, 0, 0, 0, 0, 0, 0, 0, 0, 0, 0, 0, 0, 0, 0, 0, 0, 0, 0, 0, 0, 0, 0, 0, 0, 0, 0, 0, 0, 0, 0, 0, 0, 0, 0, 0, 0, 0, 0, 0, 0, 0, 0, 0, 0, 0, 0, 0, 0, 0, 0, 0, 0, 0, 0, 0, 0, 0, 0, 0, 0, 0, 0, 0, 0, 0, 0, 0, 0, 0, 0, 0, 0, 0, 0, 0, 0, 0, 0, 0, 0, 0, 0, 0, 0, 0, 0, 0, 0, 0, 0, 0, 0, 0, 0, 0, 0, 0, 0, 0, 0, 0, 0, 0, 0, 0, 0, 0, 0, 0, 0, 0, 0, 0, 0, 0, 0, 0, 0, 0, 0, 0, 0, 0, 0, 0, 0, 0, 0, 0, 0, 0, 0, 0, 0, 0, 0, 0, 0, 0, 0, 0, 0, 0, 0, 0, 0, 0, 0, 0, 0, 0, 0, 0, 0, 0, 0, 0, 0, 0, 0, 0, 0, 0, 0, 0, 0, 0, 0, 0,
0, 0, 0, 0, 0, 0, 0, 0, 0, 0, 0, 0, 0, 0, 0, 0, 0, 0, 0, 0, 0, 0, 0, 0, 0, 0, 0, 0, 0, 0, 0, 0, 0, 0, 0, 0, 0, 0, 0, 0, 0, 0, 0, 0, 0, 0, 0, 0, 0, 0, 0, 0, 0, 0, 0, 0, 0, 0, 0, 0, 0, 0, 0, 0, 0, 0, 0, 0, 0, 0, 0, 0, 0, 0, 0, 0, 0, 0, 0, 0, 0, 0, 0, 0, 0, 0, 0, 0, 0, 0, 0, 0, 0, 1.02147, 1.02169, 1.02192, 1.02216, 1.02238, 0, 0, 0, 0, 0, 0, 0, 0, 0, 0, 0, 0, 0, 0, 1.02535, 1.02555, 1.02577, 1.02619, 1.02657, 0, 0, 0, 0, 0, 0, 0, 0, 0, 0, 0, 0, 0, 0, 0, 0, 0, 0, 0, 0, 0, 0, 0, 0, 0, 0, 0, 0, 0, 0, 0, 0, 0, 0, 0, 0, 0, 0, 0, 0, 0, 0, 0, 0, 0, 0, 0, 0, 0, 0, 0, 0, 0, 0, 0, 0, 0, 0, 0, 0, 0, 0, 0, 0, 0, 0, 0, 0, 0, 0, 0, 0, 0, 0, 0, 0, 0, 0, 0, 0, 0, 0, 0, 0, 0, 0, 0, 0, 0, 0, 0, 0, 0, 0, 0, 0, 0, 0, 0, 0, 0, 0, 0, 0, 0, 0, 0, 0, 0, 0, 0, 0, 0, 0, 0, 0, 0, 0, 0, 0, 0, 0, 0, 0, 0, 0, 0, 0, 0, 0, 0, 0, 0, 0, 0, 0, 0, 0, 0, 0, 0, 0, 0, 0, 0, 0, 0, 0, 0, 0, 0, 0, 0, 0, 0, 0, 0, 0, 0, 0, 0, 0, 0, 0, 0, 0, 0, 0, 0, 0, 0, 0, 0, 0, 0, 0, 0, 0, 0, 0, 0, 0, 0, 0, 0, 0, 0, 0, 0, 0, 0, 0, 0, 0, 0, 0, 0, 0, 0, 0, 0, 0, 0, 0, 0, 0, 0, 0, 0, 0, 0, 0, 0, 0, 0, 0, 0, 0,
0, 0, 0, 0, 0, 0, 0, 0, 0, 0, 0, 0, 0, 0, 0, 0, 0, 0, 0, 0, 0, 0, 0, 0, 0, 0, 0, 0, 0, 0, 0, 0, 0, 0, 0, 0, 0, 0, 0, 0, 0, 0, 0, 0, 0, 0, 0, 0, 0, 0, 0, 0, 0, 0, 0, 0, 0, 0, 0, 0, 0, 0, 0, 0, 0, 0, 0, 0, 0, 0, 0, 0, 0, 0, 0, 0, 0, 0, 0, 0, 0, 0, 0, 0, 0, 1.07235, 1.07187, 0.954773, 1.03065, 1.03039, 0, 0, 0, 0.952395, 0.951967, 0.951539, 0.951003, 1.95047, 0.949952, 0.949407, 1.34497, 1.34464, 0, 0, 0, 0, 0, 0, 0, 0, 0, 0, 0.943804, 1.201, 1.20057, 1.28703, 1.44408, 0.725245, 0.729982, 0.729447, 0, 0, 0, 0, 0, 0, 0, 0, 0, 0, 0, 0, 0, 0, 0, 0, 0, 0, 0, 0, 0, 0, 0, 0, 0, 0, 0, 0, 0, 0, 0, 0, 0, 0, 0, 0, 0, 0, 0, 0, 0, 0, 0, 0, 0, 0, 0, 0, 0, 0, 0, 0, 0, 0, 0, 0, 0, 0, 0, 0, 0, 0, 0, 0, 0, 0, 0, 0, 0, 0, 0, 0, 0, 0, 0, 0, 0, 0, 0, 0, 0, 0, 0, 0, 0, 0, 0, 0, 0, 0, 0, 0, 0, 0, 0, 0, 0, 0, 0, 0, 0, 0, 0, 0, 0, 0, 0, 0, 0, 0, 0, 0, 0, 0, 0, 0, 0, 0, 0, 0, 0, 0, 0, 0, 0, 0, 0, 0, 0, 0, 0, 0, 0, 0, 0, 0, 0, 0, 0, 0, 0, 0, 0, 0, 0, 0, 0, 0, 0, 0, 0, 0, 0, 0, 0, 0, 0, 0, 0, 0, 0, 0, 0, 0, 0, 0, 0, 0, 0, 0, 0, 0, 0, 0, 0, 0, 0, 0, 0, 0, 0, 0, 0, 0, 0, 0, 0, 0, 0, 0, 0, 0, 0, 0, 0, 0, 0, 0, 0, 0, 0, 0, 0, 0, 0, 0, 0, 0, 0, 0, 0, 0, 0, 0, 0,
0, 0, 0, 0, 0, 0, 0, 0, 0, 0, 0, 0, 0, 0, 0, 0, 0, 0, 0, 0, 0, 0, 0, 0, 0, 0, 0, 0, 0, 0, 0, 0, 0, 0, 0, 0, 0, 0, 0, 0, 0, 0, 0, 0, 0, 0, 0, 0, 0, 0, 0, 0, 0, 0, 0, 0, 0, 0, 0, 0, 0, 0, 0, 0, 0, 0, 0, 0, 0, 0, 0, 0, 0, 0, 0, 0, 0, 0, 0, 0, 0, 0, 0, 0, 0, 1.04019, 1.04066, 1.04072, 1.04142, 1.04166, 0, 0, 0, 0, 0, 0, 0, 1.04475, 1.04532, 1.04583, 1.0463, 1.04654, 0, 0, 0, 0, 0, 0, 0, 0, 0, 0, 0, 0, 0, 0, 0, 0, 0, 0, 0, 0, 0, 0, 0, 0, 0, 0, 0, 0, 0, 0, 0, 0, 0, 0, 0, 0, 0, 0, 0, 0, 0, 0, 0, 0, 0, 0, 0, 0, 0, 0, 0, 0, 0, 0, 0, 0, 0, 0, 0, 0, 0, 0, 0, 0, 0, 0, 0, 0, 0, 0, 0, 0, 0, 0, 0, 0, 0, 0, 0, 0, 0, 0, 0, 0, 0, 0, 0, 0, 0, 0, 0, 0, 0, 0, 0, 0, 0, 0, 0, 0, 0, 0, 0, 0, 0, 0, 0, 0, 0, 0, 0, 0, 0, 0, 0, 0, 0, 0, 0, 0, 0, 0, 0, 0, 0, 0, 0, 0, 0, 0, 0, 0, 0, 0, 0, 0, 0, 0, 0, 0, 0, 0, 0, 0, 0, 0, 0, 0, 0, 0, 0, 0, 0, 0, 0, 0, 0, 0, 0, 0, 0, 0, 0, 0, 0, 0, 0, 0, 0, 0, 0, 0, 0, 0, 0, 0, 0, 0, 0, 0, 0, 0, 0, 0, 0, 0, 0, 0, 0, 0, 0, 0, 0, 0, 0, 0, 0, 0, 0, 0, 0, 0, 0, 0, 0, 0, 0, 0, 0, 0, 0, 0, 0, 0, 0, 0, 0, 0, 0, 0, 0, 0, 0, 0, 0, 0, 0, 0, 0, 0, 0, 0, 0,
0, 0, 0, 0, 0, 0, 0, 0, 0, 0, 0, 0, 0, 0, 0, 0, 0, 0, 0, 0, 0, 0, 0, 0, 0, 0, 0, 0, 0, 0, 0, 0, 0, 0, 0, 0, 0, 0, 0, 0, 0, 0, 0, 0, 0, 0, 0, 0, 0, 0, 0, 0, 0, 0, 0, 0, 0, 0, 0, 0, 0, 0, 0, 0, 0, 0, 0, 0, 0, 0, 0, 0, 0, 0, 0, 0, 0, 0, 0, 0, 0, 0, 0, 0, 0, 1.05025, 1.05084, 1.05091, 1.05178, 1.05208, 0, 0, 0, 0, 0, 0, 0, 1.05595, 1.05667, 1.0573, 1.05787, 1.05817, 0, 0, 0, 0, 0, 0, 0, 0, 0, 0, 0, 0, 0, 0, 0, 0, 0, 0, 0, 0, 0, 0, 0, 0, 0, 0, 0, 0, 0, 0, 0, 0, 0, 0, 0, 0, 0, 0, 0, 0, 0, 0, 0, 0, 0, 0, 0, 0, 0, 0, 0, 0, 0, 0, 0, 0, 0, 0, 0, 0, 0, 0, 0, 0, 0, 0, 0, 0, 0, 0, 0, 0, 0, 0, 0, 0, 0, 0, 0, 0, 0, 0, 0, 0, 0, 0, 0, 0, 0, 0, 0, 0, 0, 0, 0, 0, 0, 0, 0, 0, 0, 0, 0, 0, 0, 0, 0, 0, 0, 0, 0, 0, 0, 0, 0, 0, 0, 0, 0, 0, 0, 0, 0, 0, 0, 0, 0, 0, 0, 0, 0, 0, 0, 0, 0, 0, 0, 0, 0, 0, 0, 0, 0, 0, 0, 0, 0, 0, 0, 0, 0, 0, 0, 0, 0, 0, 0, 0, 0, 0, 0, 0, 0, 0, 0, 0, 0, 0, 0, 0, 0, 0, 0, 0, 0, 0, 0, 0, 0, 0, 0, 0, 0, 0, 0, 0, 0, 0, 0, 0, 0, 0, 0, 0, 0, 0, 0, 0, 0, 0, 0, 0, 0, 0, 0, 0, 0, 0, 0, 0, 0, 0, 0, 0, 0, 0, 0, 0, 0, 0, 0, 0, 0, 0, 0, 0, 0, 0, 0, 0, 0, 0, 0,
0, 0, 0, 0, 0, 0, 0, 0, 0, 0, 0, 0, 0, 0, 0, 0, 0, 0, 0, 0, 0, 0, 0, 0, 0, 0, 0, 0, 0, 0, 0, 0, 0, 0, 0, 0, 0, 0, 0, 0, 0, 0, 0, 0, 0, 0, 0, 0, 0, 0, 0, 0, 0, 0, 0, 0, 0, 0, 0, 0, 0, 0, 0, 0, 0, 0, 0, 0, 0, 0, 0, 0, 0, 0, 0, 0, 0, 0, 0, 0, 0, 0, 0, 0, 0, 1.13767, 1.13824, 1.06112, 1.09152, 1.0919, 0, 0, 0, 0, 0, 0, 0, 1.46371, 1.06803, 1.06872, 2.06924, 2.0697, 1.06995, 1.3784, 1.37897, 0, 0, 1.06227, 0.754947, 0.755667, 0.756387, 0.757107, 0, 0.730972, 0.731698, 0.819274, 0.978087, 0.802708, 0.809675, 0.810395, 0.770214, 0.770141, 0.770861, 0, 0, 0, 0, 0, 0, 0, 0, 0, 0, 0, 0, 0, 0, 0, 0, 0, 0, 0, 0, 0, 0, 0, 0, 0, 0, 0, 0, 0, 0, 0, 0, 0, 0, 0, 0, 0, 0, 0, 0, 0, 0, 0, 0, 0, 0, 0, 0, 0, 0, 0, 0, 0, 0, 0, 0, 0, 0, 0, 0, 0, 0, 0, 0, 0, 0, 0, 0, 0, 0, 0, 0, 0, 0, 0, 0, 0, 0, 0, 0, 0, 0, 0, 0, 0, 0, 0, 0, 0, 0, 0, 0, 0, 0, 0, 0, 0, 0, 0, 0, 0.700068, 0, 0, 0, 0, 0, 0, 0, 0, 0, 0, 0, 0, 0, 0, 0, 0, 0, 0, 0, 0, 0, 0, 0, 0, 0, 0.708186, 0.84992, 0.85064, 0.851396, 0.852163, 0, 0, 0, 0, 0, 0, 0, 0, 0, 0.703942, 0.704614, 0.705145, 0.705841, 0, 0, 0, 0, 0, 0, 0, 0, 0.730176, 0.730896, 0.731729, 0.733255, 0, 0, 0, 0, 0, 0, 0, 0, 0, 0, 0, 0, 0, 0, 0, 0.717653, 0.718373, 0.988268, 0.988989, 0.989432, 0.882085, 0.877036, 0, 0, 0, 0.723284, 0.723929, 0.724753, 0.725467, 0, 0, 0, 0, 0, 0, 0, 0, 0, 0, 0, 0, 0, 0, 0, 0, 0, 0, 0, 0, 0, 0, 0, 0, 0, 0, 0.719666,
0, 0, 0, 0, 0, 0, 0, 0, 0, 0, 0, 0, 0, 0, 0, 0, 0, 0, 0, 0, 0, 0, 0, 0, 0, 0, 0, 0, 0, 0, 0, 0, 0, 0, 0, 0, 0, 0, 0, 0, 0, 0, 0, 0, 0, 0, 0, 0, 0, 0, 0, 0, 0, 0, 0, 0, 0, 0, 0, 0, 0, 0, 0, 0, 0, 0, 0, 0, 0, 0, 0, 0, 0, 0, 0, 0, 0, 0, 0, 0, 0, 0, 0, 0, 0, 1.01709, 1.01651, 0.938177, 0.968044, 0.967681, 0, 0, 0, 0, 0, 0, 0, 1.32856, 0.931487, 0.930906, 1.93032, 1.92974, 0.929463, 1.23746, 1.23681, 0, 0, 0.917393, 0, 0, 0, 0, 0, 0, 0, 0, 0.820067, 0, 0, 0, 0, 0, 0, 0, 0, 0, 0, 0, 0, 0, 0, 0, 0, 0, 0, 0, 0, 0, 0, 0, 0, 0, 0, 0, 0, 0, 0, 0, 0, 0, 0, 0, 0, 0, 0, 0, 0, 0, 0, 0, 0, 0, 0, 0, 0, 0, 0, 0, 0, 0, 0, 0, 0, 0, 0, 0, 0, 0, 0, 0, 0, 0, 0, 0, 0, 0, 0, 0, 0, 0, 0, 0, 0, 0, 0, 0, 0, 0, 0, 0, 0, 0, 0, 0, 0, 0, 0, 0, 0, 0, 0, 0, 0, 0, 0, 0, 0, 0, 0, 0, 0, 0, 0, 0, 0, 0, 0, 0, 0, 0, 0, 0, 0, 0, 0, 0, 0, 0, 0, 0, 0, 0, 0, 0, 0, 0, 0, 0, 0, 0, 0, 0, 0, 0, 0, 0, 0, 0, 0, 0, 0, 0, 0, 0, 0, 0, 0, 0, 0, 0, 0, 0, 0, 0, 0, 0, 0, 0, 0, 0, 0, 0, 0, 0, 0, 0, 0, 0, 0, 0, 0, 0, 0, 0, 0, 0, 0, 0, 0, 0, 0, 0, 0, 0, 0, 0, 0, 0, 0, 0, 0, 0, 0, 0, 0, 0, 0, 0, 0, 0, 0, 0, 0, 0, 0, 0, 0, 0, 0, 0, 0, 0, 0, 0, 0,
0, 0, 0, 0, 0, 0, 0, 0, 0, 0, 0, 0, 0, 0, 0, 0, 0, 0, 0, 0, 0, 0, 0, 0, 0, 0, 0, 0, 0, 0, 0, 0, 0, 0, 0, 0, 0, 0, 0, 0, 0, 0, 0, 0, 0, 0, 0, 0, 0, 0, 0, 0, 0, 0, 0, 0, 0, 0, 0, 0, 0, 0, 0, 0, 0, 0, 0, 0, 0, 0, 0, 0, 0, 0, 0, 0, 0, 0, 0, 0, 0, 0, 0, 0, 0, 0, 0, 0, 0, 0, 0, 0, 0, 0, 0, 0, 0, 0, 0, 0, 1.09239, 1.09299, 1.09328, 1.09414, 1.09508, 0, 0, 0.778695, 0.779323, 0.780283, 0.781243, 0.782203, 0, 0, 0, 0, 0, 0, 0, 0, 0, 0, 0, 0, 0, 0, 0, 0, 0, 0, 0, 0, 0, 0, 0, 0, 0, 0, 0, 0, 0, 0, 0, 0, 0, 0, 0, 0, 0, 0, 0, 0, 0, 0, 0, 0, 0, 0, 0, 0, 0, 0, 0, 0, 0, 0, 0, 0, 0, 0, 0, 0, 0, 0, 0, 0, 0, 0, 0, 0, 0, 0, 0, 0, 0, 0, 0, 0, 0, 0, 0, 0, 0, 0, 0, 0, 0, 0, 0, 0, 0, 0, 0, 0, 0, 0, 0, 0, 0, 0, 0, 0, 0, 0, 0, 0, 0, 0, 0, 0, 0, 0, 0, 0, 0, 0, 0, 0, 0, 0, 0, 0, 0, 0, 0, 0, 0, 0, 0, 0, 0, 0, 0, 0, 0, 0, 0, 0, 0, 0, 0, 0, 0, 0, 0, 0, 0, 0, 0, 0, 0, 0, 0, 0, 0, 0, 0, 0, 0, 0, 0, 0, 0, 0, 0, 0, 0, 0, 0, 0, 0, 0, 0, 0, 0, 0, 0, 0, 0, 0, 0, 0, 0, 0, 0, 0, 0.743803, 0.744763, 0.745368, 0.746506, 0.748244, 0, 0, 0, 0, 0, 0, 0, 0, 0, 0, 0, 0, 0, 0, 0, 0, 0, 0, 0, 0, 0, 0, 0, 0, 0, 0, 0, 0, 0, 0, 0, 0, 0, 0,
0, 0, 0, 0, 0, 0, 0, 0, 0, 0, 0, 0, 0, 0, 0, 0, 0, 0, 0, 0, 0, 0, 0, 0, 0, 0, 0, 0, 0, 0, 0, 0, 0, 0, 0, 0, 0, 0, 0, 0, 0, 0, 0, 0, 0, 0, 0, 0, 0, 0, 0, 0, 0, 0, 0, 0, 0, 0, 0, 0, 0, 0, 0, 0, 0, 0, 0, 0, 0, 0, 0, 0, 0, 0, 0, 0, 0, 0, 0, 0, 0, 0, 0, 0, 0, 0, 0, 0, 0, 0, 0, 0, 0, 0, 0, 0, 0, 0, 0, 0, 1.24422, 1.24488, 1.10497, 1.76554, 1.7664, 0.767297, 0.76781, 1.45051, 0.791556, 0.792636, 0.793716, 0.794796, 0, 0, 0, 0.747305, 0.78385, 0, 0, 0, 0, 0, 0, 0, 0, 0, 0, 0, 0, 0, 0, 0, 0, 0, 0, 0, 0, 0.779236, 0.780316, 0, 0, 0, 0, 0, 0, 0, 0, 0, 0, 0, 0, 0, 0, 0, 0, 0, 0, 0, 0, 0, 0, 0, 0, 0, 0.852425, 0.853462, 0.854344, 0.772578, 0.773604, 0, 0, 0.734384, 0.735572, 0.736643, 0.883519, 0.884581, 0, 0, 0, 0, 0, 0.786021, 0.786815, 0.788128, 0.840324, 0.738042, 0, 0, 0, 0, 0, 0, 0, 0, 0, 0, 0, 0, 0, 0, 0, 0, 0, 0, 0, 0, 0, 0.708399, 0, 0, 0, 0, 0, 0, 0, 0, 0, 0, 0, 0.718127, 0.989918, 0.991043, 0.9917, 0.992465, 0.814048, 0, 0, 0, 0, 0, 0, 0, 0, 0, 0, 0, 0.72924, 0.73032, 0.731391, 0, 0, 0, 0, 0, 0, 0, 0.747111, 0.748191, 0.749235, 0.77355, 0, 0, 0.813411, 0.814626, 0.815337, 0, 0, 0, 0, 0, 0, 0, 0, 0.716308, 0, 0, 0, 0, 0.75254, 0.753521, 0.908098, 0.909257, 0.91026, 0, 0.711195, 0, 0, 0, 0.719724, 0, 0, 0, 0, 0, 0.783689, 0.7953, 0.795939, 0.796876, 0, 0, 0, 0.732046, 0.733117, 0.734713, 0.753588, 0.754668, 1.02494, 1.02602, 1.15443, 1.15571, 1.15767, 0.81956, 0.820649, 0.719613, 0.720734, 0, 0.700061, 0.701195, 0, 0.781401, 0.811851, 0.813332, 0.814376, 0.815465, 0, 0, 0, 0.707962, 0.824207, 0.825287, 0.826367, 0.849884, 0, 0, 0, 0.738142, 0, 0.748384, 0.749464, 0.750544, 0.821731, 0.822811, 0, 0.992319, 1.04995,
0, 0, 0, 0, 0, 0, 0, 0, 0, 0, 0, 0, 0, 0, 0, 0, 0, 0, 0, 0, 0, 0, 0, 0, 0, 0, 0, 0, 0, 0, 0, 0, 0, 0, 0, 0, 0, 0, 0, 0, 0, 0, 0, 0, 0, 0, 0, 0, 0, 0, 0, 0, 0, 0, 0, 0, 0, 0, 0, 0, 0, 0, 0, 0, 0, 0, 0, 0, 0, 0, 0, 0, 0, 0, 0, 0, 0, 0, 0, 0, 0, 0, 0, 0, 0, 0, 0, 0, 0, 0, 0, 0, 0, 0, 0, 0, 0, 0, 0, 0, 1.21348, 1.21385, 1.07381, 1.73436, 1.73503, 0.735538, 0.735898, 1.4182, 0.758734, 0.759493, 0.760253, 0.761012, 0, 0, 0, 0.712335, 0.747787, 0, 0, 0, 0, 0, 0, 0, 0, 0, 0, 0, 0, 0, 0, 0, 0, 0, 0, 0, 0, 0.73797, 0.738748, 0, 0, 0, 0, 0, 0, 0, 0, 0, 0, 0, 0, 0, 0, 0, 0, 0, 0, 0, 0, 0, 0, 0, 0, 0, 0.80208, 0.80284, 0.803637, 0.721315, 0.721922, 0, 0, 0, 0, 0, 0.831204, 0.83195, 0, 0, 0, 0, 0, 0.73309, 0.73385, 0.73447, 0.785198, 0, 0, 0, 0, 0, 0, 0, 0, 0, 0, 0, 0, 0, 0, 0, 0, 0, 0, 0, 0, 0, 0, 0, 0, 0, 0, 0, 0, 0, 0, 0, 0, 0, 0, 0, 0.924866, 0.925626, 0.926012, 0.926778, 0.74807, 0, 0, 0, 0, 0, 0, 0, 0, 0, 0, 0, 0, 0, 0, 0, 0, 0, 0, 0, 0, 0, 0, 0, 0, 0, 0, 0, 0.737751, 0.738498, 0.73922, 0, 0, 0, 0, 0, 0, 0, 0, 0, 0, 0, 0, 0, 0, 0, 0.828445, 0.829052, 0.829654, 0, 0, 0, 0, 0, 0, 0, 0, 0, 0, 0, 0, 0.710775, 0.711148, 0.711762, 0, 0, 0, 0, 0, 0, 0, 0, 0.937348, 0.938108, 1.06663, 1.06739, 1.068, 0.730267, 0.73102, 0, 0, 0, 0, 0, 0, 0, 0.719152, 0.719911, 0.720531, 0.721284, 0, 0, 0, 0, 0.729843, 0.730602, 0.731362, 0.754878, 0, 0, 0, 0, 0, 0, 0, 0, 0.722522, 0.723282, 0, 0.892278, 0.95027,
0, 0, 0, 0, 0, 0, 0, 0, 0, 0, 0, 0, 0, 0, 0, 0, 0, 0, 0, 0, 0, 0, 0, 0, 0, 0, 0, 0, 0, 0, 0, 0, 0, 0, 0, 0, 0, 0, 0, 0, 0, 0, 0, 0, 0, 0, 0, 0, 0, 0, 0, 0, 0, 0, 0, 0, 0, 0, 0, 0, 0, 0, 0, 0, 0, 0, 0, 0, 0, 0, 0, 0, 0, 0, 0, 0, 0, 0, 0, 0, 0, 0, 0, 0, 0, 0, 0, 0, 0, 0, 0, 0, 0, 0, 0, 0, 0, 0, 0, 0, 0, 0, 0, 0.789091, 0.790246, 0.791111, 0.791739, 0.792728, 0, 0, 0, 0, 0, 0, 0, 0, 0, 0, 0, 0, 0, 0, 0, 0, 0, 0, 0, 0, 0, 0, 0, 0, 0, 0, 0, 0, 0, 0, 0, 0, 0, 0, 0, 0, 0, 0, 0, 0, 0, 0, 0, 0, 0, 0, 0, 0, 0, 0, 0, 0, 0, 0, 0, 0, 0, 0, 0, 0, 0, 0, 0, 0, 0, 0, 0, 0, 0, 0, 0, 0, 0, 0, 0, 0, 0, 0, 0, 0, 0, 0, 0, 0, 0, 0, 0, 0, 0, 0, 0, 0, 0, 0, 0, 0, 0, 0, 0, 0, 0, 0, 0, 0, 0, 0, 0, 0, 0, 0, 0, 0, 0, 0, 0, 0, 0, 0, 0, 0, 0, 0, 0, 0, 0, 0, 0, 0, 0, 0, 0, 0, 0, 0, 0, 0, 0, 0, 0, 0, 0, 0, 0, 0, 0, 0, 0, 0, 0, 0, 0, 0, 0, 0, 0, 0, 0, 0, 0, 0, 0.702584, 0.703882, 0.705263, 0.706319, 0.707565, 0, 0, 0, 0, 0, 0, 0, 0, 0, 0, 0.722049, 0.723687, 0.725278, 0.72596, 0.726994, 0, 0, 0, 0, 0, 0, 0, 0, 0, 0, 0.741949, 0.743269, 0.744759, 0.745815, 0.747113, 0, 0, 0, 0, 0, 0, 0.756252, 0.757572, 0.759382, 0.76068, 0.761978, 0, 0, 0, 0.778967, 0.780287, 0.781607, 0.782927, 0.785338, 0, 0, 0, 0, 0, 0, 0, 0, 0.731895, 0.733215, 0.73341, 0.786223, 0.787533,
0, 0, 0, 0, 0, 0, 0, 0, 0, 0, 0, 0, 0, 0, 0, 0, 0, 0, 0, 0, 0, 0, 0, 0, 0, 0, 0, 0, 0, 0, 0, 0, 0, 0, 0.760242, 0.761628, 0, 0, 0, 0, 0, 0, 0, 0, 0, 0, 0, 0, 0, 0, 0, 0.756956, 0.758108, 0.759788, 0.712496, 0.79074, 0, 0, 0, 0, 0, 0, 0, 0, 0, 0, 0, 0, 0, 0, 0, 0, 0, 0, 0, 0, 0.733036, 0.734475, 0, 0, 0, 0, 0, 0, 0, 0, 0, 0, 0, 0, 0, 0, 0, 0, 0, 0, 0, 0, 0, 0, 0, 0.700709, 0, 1.22178, 1.22294, 0.803041, 0.803761, 1.26595, 0, 0, 0, 0, 0, 0, 0, 0, 0, 0, 0, 0.701421, 0.726242, 0, 0, 0, 0, 0, 0, 0, 0, 0, 0, 0, 0, 0, 0, 0, 0, 0.725673, 0.727113, 0.765028, 0.765592, 0.76649, 0.704731, 0.706264, 0, 0, 0, 0, 0, 0, 0, 0, 0, 0, 0, 0, 0, 0, 0, 0, 0, 0, 0.709422, 0.710862, 0.832382, 0.833764, 0.928209, 0.893947, 0.895316, 0.809234, 0.810098, 0.720227, 0.721667, 0.723179, 0.870415, 0.871927, 0, 0.743956, 0.744724, 0, 0.745756, 0.785773, 0.786831, 0.788487, 0.951606, 0.758614, 0, 0.741308, 0.742748, 0, 0, 0, 0, 0, 0, 0, 0, 0, 0.733114, 0.734554, 0, 0, 0, 0.815733, 0.817101, 0.818589, 0, 0, 0, 0, 0, 0.778852, 0.780868, 0.78226, 0, 0, 0, 0, 0, 0.869284, 0.870322, 0.823948, 0.82486, 0.825748, 0, 0, 0, 0, 0, 0, 0, 0, 0, 0, 0, 0, 0.762079, 0.763519, 0.765031, 0, 0, 0, 0, 0, 0, 0.781844, 0.843307, 0.844747, 0.846139, 0.928932, 0.82836, 0.8298, 0.851848, 0.853054, 0.7462, 0.708457, 0.709465, 0, 0, 0, 0, 0, 0, 0, 0, 0, 0, 0, 0.870812, 0.871988, 0.808212, 0.828634, 0.892472, 0.752546, 0.75448, 0, 0, 0, 0.757622, 0.758966, 0.70588, 0.70732, 0.70876, 0.753402, 0.892003, 0.993873, 0.994857, 0.995975, 0.720456, 0.853059, 0, 0.841346, 0.842858, 0.844986, 0.864365, 0.865805, 1.00295, 1.00439, 1.13294, 1.13465, 1.13726, 0.86407, 0.873112, 0, 0.754997, 0.712793, 0.714537, 0.714207, 0.715647, 0.800435, 0.929627, 0.960315, 0.961395, 0.962763, 0, 0, 0, 0.814528, 0.957145, 0.958585, 0.960025, 1.07646, 0.919575, 0, 0, 0.859907, 0, 0.870869, 0.872309, 0.873749, 0.983152, 0.984592, 0.777915, 1.15448, 1.15581,
0, 0, 0, 0, 0, 0, 0, 0, 0, 0, 0, 0, 0, 0, 0, 0, 0, 0, 0, 0, 0, 0, 0, 0, 0, 0, 0, 0, 0, 0, 0, 0, 0, 0, 0.727402, 0.727937, 0, 0, 0, 0, 0, 0, 0, 0, 0, 0, 0, 0, 0, 0, 0, 0.706933, 0.707357, 0.707736, 0, 0.736893, 0, 0, 0, 0, 0, 0, 0, 0, 0, 0, 0, 0, 0, 0, 0, 0, 0, 0, 0, 0, 0, 0, 0, 0, 0, 0, 0, 0, 0, 0, 0, 0, 0, 0, 0, 0, 0, 0, 0, 0, 0, 0, 0, 0, 0, 0, 0, 1.1255, 1.12594, 0.705108, 0.705331, 1.16694, 0, 0, 0, 0, 0, 0, 0, 0, 0, 0, 0, 0, 0, 0, 0, 0, 0, 0, 0, 0, 0, 0, 0, 0, 0, 0, 0, 0, 0, 0, 0, 0, 0, 0, 0, 0, 0, 0, 0, 0, 0, 0, 0, 0, 0, 0, 0, 0, 0, 0, 0, 0, 0, 0, 0, 0, 0, 0, 0.772043, 0.736953, 0.737311, 0, 0, 0, 0, 0, 0.708382, 0.708917, 0, 0, 0, 0, 0, 0, 0, 0, 0.782117, 0, 0, 0, 0, 0, 0, 0, 0, 0, 0, 0, 0, 0, 0, 0, 0, 0, 0, 0, 0, 0, 0, 0, 0, 0, 0, 0, 0, 0, 0, 0, 0, 0, 0, 0, 0, 0, 0, 0, 0, 0, 0, 0, 0, 0, 0, 0, 0, 0, 0, 0, 0, 0, 0, 0, 0, 0, 0, 0, 0, 0, 0, 0, 0, 0, 0, 0, 0, 0, 0, 0, 0, 0, 0, 0, 0, 0, 0, 0, 0, 0, 0, 0, 0, 0, 0, 0, 0, 0, 0, 0, 0, 0, 0, 0, 0, 0, 0, 0, 0, 0.73065, 0.731066, 0.731341, 0, 0, 0, 0, 0, 0, 0, 0, 0.729402, 0.729849, 0.858064, 0.85851, 0.858979, 0, 0, 0, 0, 0, 0, 0, 0, 0, 0, 0, 0, 0, 0, 0, 0, 0, 0, 0, 0, 0.779717, 0, 0, 0, 0, 0, 0, 0, 0, 0, 0, 0, 0.845327, 0.845602,
0, 0, 0, 0, 0, 0, 0, 0, 0, 0, 0, 0, 0, 0, 0, 0, 0, 0, 0, 0, 0, 0, 0, 0, 0, 0, 0, 0, 0, 0, 0, 0, 0, 0, 0, 0, 0, 0, 0, 0, 0, 0, 0, 0, 0, 0, 0, 0, 0, 0, 0, 0, 0, 0, 0, 0, 0, 0, 0, 0, 0, 0, 0, 0, 0, 0, 0, 0, 0, 0, 0, 0, 0, 0, 0, 0, 0, 0, 0, 0, 0, 0, 0, 0, 0, 0, 0, 0, 0, 0, 0, 0, 0, 0, 0, 0, 0, 0, 0, 0, 0, 0, 0, 0, 0, 0, 0, 0, 0, 0, 0, 0, 0, 0, 0, 0, 0, 0, 0, 0, 0, 0, 0, 0, 0, 0, 0, 0, 0, 0, 0, 0, 0, 0, 0, 0, 0, 0, 0, 0, 0, 0, 0, 0, 0, 0, 0, 0, 0, 0, 0, 0, 0, 0, 0, 0, 0, 0, 0, 0, 0, 0, 0, 0, 0, 0, 0, 0, 0, 0, 0, 0, 0, 0, 0, 0, 0, 0, 0, 0, 0, 0, 0, 0, 0, 0, 0, 0, 0, 0, 0, 0, 0, 0, 0, 0, 0, 0, 0, 0, 0, 0, 0, 0, 0, 0, 0, 0, 0, 0, 0, 0, 0, 0, 0, 0, 0, 0, 0, 0, 0, 0, 0, 0, 0, 0, 0, 0, 0, 0, 0, 0, 0, 0, 0, 0, 0, 0, 0, 0, 0, 0, 0, 0, 0, 0, 0, 0, 0, 0, 0, 0, 0, 0, 0, 0, 0, 0, 0, 0, 0, 0, 0, 0, 0, 0, 0, 0, 0, 0, 0, 0, 0, 0, 0, 0, 0, 0, 0, 0, 0, 0, 0, 0, 0, 0, 0, 0, 0, 0, 0, 0, 0, 0, 0, 0, 0.820813, 0.822493, 0.823552, 0.825543, 0.828585, 0, 0, 0, 0, 0, 0, 0, 0, 0, 0, 0, 0, 0, 0, 0, 0, 0.769114, 0.770794, 0.772474, 0.774154, 0.777222, 0.76181, 0.76349, 0.76517, 0.766514, 0.735014, 0.737496, 0.739176, 0.740856, 0.8505, 0.85218, 0.852428, 0.853268, 0.85492,
0, 0, 0, 0, 0, 0, 0, 0, 0, 0, 0, 0, 0, 0, 0, 0, 0, 0, 0, 0, 0, 0, 0, 0, 0, 0, 0, 0, 0, 0, 0, 0, 0, 0, 0, 0, 0, 0, 0, 0, 0, 0, 0, 0, 0, 0, 0, 0, 0, 0, 0, 0, 0, 0, 0, 0, 0, 0, 0, 0, 0, 0, 0, 0, 0, 0, 0, 0, 0, 0, 0, 0, 0, 0, 0, 0, 0, 0, 0, 0, 0, 0, 0, 0, 0, 0, 0, 0, 0, 0, 0, 0, 0, 0, 0, 0, 0, 0, 0, 0, 0, 0, 0, 0, 0, 0, 0, 0, 0, 0, 0, 0, 0, 0, 0, 0, 0, 0, 0, 0, 0, 0, 0, 0, 0, 0, 0, 0, 0, 0, 0, 0, 0, 0, 0, 0, 0, 0, 0, 0, 0, 0, 0, 0, 0, 0, 0, 0, 0, 0, 0, 0, 0, 0, 0, 0, 0, 0, 0, 0, 0, 0, 0, 0, 0, 0, 0, 0, 0, 0, 0, 0, 0, 0, 0, 0, 0, 0, 0, 0, 0, 0, 0, 0, 0, 0, 0, 0, 0, 0, 0, 0, 0, 0, 0, 0, 0, 0, 0, 0, 0, 0, 0, 0, 0, 0, 0, 0, 0, 0, 0, 0, 0, 0, 0, 0, 0, 0, 0, 0, 0, 0, 0, 0, 0, 0, 0, 0, 0, 0, 0, 0, 0, 0, 0, 0, 0, 0, 0, 0, 0, 0, 0, 0, 0, 0, 0, 0, 0, 0, 0, 0, 0, 0, 0, 0, 0, 0, 0, 0, 0, 0, 0, 0, 0, 0, 0, 0, 0, 0, 0, 0, 0, 0, 0, 0, 0, 0, 0, 0, 0, 0, 0, 0, 0, 0.713438, 0.714518, 0.716066, 0.717866, 0.719666, 0, 0.708673, 0.710473, 0.713133, 0.714483, 0.716283, 0.853881, 0.855681, 0.856816, 0.858949, 0.862209, 0.704582, 0.706292, 0, 0, 0, 0, 0, 0, 0.718874, 0.720674, 0.723143, 0.724853, 0.726563, 0, 0, 0, 0.804693, 0.806493, 0.808293, 0.810093, 0.81338, 0.797989, 0.799789, 0.801589, 0.803029, 0.771673, 0.774333, 0.776133, 0.777933, 0.887696, 0.889496, 0.889717, 0.890616, 0.892432,
0, 0, 0, 0, 0, 0, 0, 0, 0, 0, 0, 0, 0, 0, 0, 0, 0, 0, 0, 0, 0, 0, 0, 0, 0, 0, 0, 0, 0, 0, 0, 0, 0, 0, 0, 0, 0, 0, 0, 0, 0, 0, 0, 0, 0, 0, 0, 0, 0, 0, 0, 0.720213, 0.727448, 0.732272, 0.738302, 0.744331, 0, 0, 0, 0, 0, 0, 0, 0, 0, 0, 0, 0, 0, 0, 0, 0, 0, 0, 0, 0, 0.705135, 0.711164, 0.717194, 0.722018, 0.728047, 0, 0.728248, 0.735484, 0.739704, 0.742719, 0.748749, 0, 0, 0.701869, 0, 0, 0, 0, 0, 0, 0, 0.747694, 0.752518, 0.757342, 1.00284, 1.00585, 1.00736, 1.00977, 1.0152, 0.948705, 0.95172, 1.06805, 1.07408, 1.08011, 1.08613, 1.09216, 0.76317, 0.844827, 0.850857, 0.925991, 0.930814, 0.936844, 0.941668, 0.947697, 0.978591, 0.984621, 0.99065, 0.995474, 1.0015, 0.898664, 1.07107, 1.0771, 1.08313, 1.08916, 1.09519, 0.776319, 0.782349, 0.788379, 0.933816, 0.939846, 0.94286, 0.981655, 0.985876, 0.9907, 0.993111, 0.995523, 0.999744, 1.00577, 0.952178, 0.958208, 0.95569, 0.960514, 0.913355, 0.845611, 0.848626, 0.851641, 0.857671, 0.8637, 0.86973, 0.87576, 0.881789, 0.887819, 0.893849, 0.974857, 1.04142, 1.04745, 1.10408, 1.11011, 1.18274, 1.18877, 1.29164, 1.29767, 1.3037, 1.30672, 1.30913, 1.22358, 1.22841, 1.23444, 1.24047, 1.2465, 1.18968, 1.19269, 1.19571, 1.12965, 1.20023, 1.20445, 1.21048, 1.2153, 1.35526, 1.36008, 1.36611, 1.37093, 1.37696, 1.18401, 1.18883, 1.19486, 1.18329, 1.18884, 1.19487, 1.2301, 1.23493, 1.24216, 1.34909, 1.35512, 1.36115, 1.37503, 1.37985, 1.38709, 1.39312, 1.40036, 1.28582, 1.29185, 1.28391, 1.4566, 1.46263, 1.46745, 1.47227, 1.4771, 1.35988, 1.36591, 1.41428, 1.42152, 1.42634, 1.42845, 1.43087, 1.43509, 1.43931, 1.44293, 1.4058, 1.36823, 1.37124, 1.38137, 1.3874, 1.39343, 1.39946, 1.40549, 1.37886, 1.3861, 1.44627, 1.4523, 1.53881, 1.54484, 1.55087, 1.5557, 1.56173, 1.42588, 1.43191, 1.43794, 1.44517, 1.57377, 1.5798, 1.58583, 1.59065, 1.61709, 1.62191, 1.62794, 1.63518, 1.64241, 1.56107, 1.5671, 1.57072, 1.51264, 1.51506, 1.51928, 1.50434, 1.51037, 1.59616, 1.62737, 1.63039, 1.6328, 1.63822, 1.64184, 1.69105, 1.69466, 1.70069, 1.70672, 1.71155, 1.67733, 1.68215, 1.68697, 1.693, 1.69538, 1.74205, 1.74808, 1.75291, 1.75894, 1.76497, 1.77908, 1.78511, 1.83255, 1.83557, 1.84039, 1.84642, 1.85245, 1.75951, 1.85034, 1.85637, 1.86119, 1.86602, 1.87205, 2.01795, 2.02398, 2.03001, 2.03604, 2.04086, 1.8846, 1.88942, 1.79009, 1.88648, 1.8913, 1.89613, 1.90216, 1.90819, 1.93404, 1.94007, 1.9461, 1.95092, 1.95575, 1.93466, 1.94069, 1.7787, 2.05798, 2.06401, 2.07004, 2.07607, 2.0809, 2.07265, 2.07868, 2.08471, 2.09074, 2.06138, 2.0662, 2.07223, 2.07826, 2.19218, 2.19821, 2.20243, 2.20544, 2.21026,
0, 0, 0, 0, 0, 0, 0, 0, 0, 0, 0, 0, 0, 0, 0, 0, 0, 0, 0, 0, 0, 0, 0, 0, 0, 0, 0, 0, 0, 0, 0, 0, 0, 0, 0, 0, 0, 0, 0, 0, 0, 0, 0, 0, 0, 0, 0, 0, 0, 0, 0, 0, 0, 0, 0, 0, 0, 0, 0, 0, 0, 0, 0, 0, 0, 0, 0, 0, 0, 0, 0, 0, 0, 0, 0, 0, 0, 0, 0, 0, 0, 0, 0, 0, 0, 0, 0, 0, 0, 0, 0, 0, 0, 0, 0, 0, 0, 0, 0, 0, 0, 0, 0, 0, 0, 0, 0, 0, 0, 0, 0, 0, 0, 0, 0, 0, 0, 0, 0, 0, 0, 0, 0, 0, 0, 0, 0, 0, 0, 0, 0, 0, 0, 0, 0, 0, 0, 0, 0, 0, 0, 0, 0, 0, 0, 0, 0, 0, 0, 0, 0, 0, 0, 0, 0, 0, 0, 0, 0, 0, 0, 0, 0, 0, 0, 0, 0, 0, 0, 0, 0, 0, 0, 0, 0, 0, 0, 0, 0, 0, 0, 0, 0, 0, 0, 0, 0, 0, 0, 0, 0, 0, 0, 0, 0, 0, 0, 0, 0, 0, 0, 0, 0, 0, 0, 0, 0, 0, 0, 0, 0, 0, 0, 0, 0, 0, 0, 0, 0, 0, 0, 0, 0, 0, 0, 0, 0, 0, 0, 0, 0, 0, 0, 0, 0, 0, 0, 0, 0, 0, 0, 0, 0, 0, 0, 0, 0, 0, 0, 0, 0, 0, 0, 0, 0, 0, 0, 0, 0, 0, 0, 0, 0, 0, 0, 0, 0, 0, 0, 0, 0, 0, 0, 0, 0, 0, 0, 0, 0, 0, 0, 0, 0, 0, 0, 0, 0, 0, 0, 0, 0, 0, 0, 0, 0, 0, 0, 0, 0, 0, 0, 0, 0, 0, 0, 0, 0, 0, 0, 0, 0, 0, 0, 0, 0, 0, 0, 0, 0, 0, 0, 0, 0, 0, 0, 0, 0, 0, 0, 0, 0, 0, 0, 0, 0,
0, 0, 0, 0, 0, 0, 0, 0, 0, 0, 0, 0, 0, 0, 0, 0, 0, 0, 0, 0, 0, 0, 0, 0, 0, 0, 0, 0, 0, 0, 0, 0, 0, 0, 0, 0, 0, 0, 0, 0, 0, 0, 0, 0, 0, 0, 0, 0, 0, 0, 0, 0, 0, 0, 0, 0, 0, 0, 0, 0, 0, 0, 0, 0, 0, 0, 0, 0, 0, 0, 0, 0, 0, 0, 0, 0, 0, 0, 0, 0, 0, 0, 0, 0, 0, 0, 0, 0, 0, 0, 0, 0, 0, 1.19325, 1.19544, 1.19762, 1.19978, 1.20171, 0, 0, 0, 0, 0, 0, 0, 0, 0, 0, 0, 0, 0, 0, 1.22838, 1.23011, 1.23229, 1.23599, 1.23942, 0, 0, 0, 0, 0, 0, 0, 0, 0, 0, 0, 0, 0, 0, 0, 0, 0, 0, 0, 0, 0, 0, 0, 0, 0, 0, 0, 0, 0, 0, 0, 0, 0, 0, 0, 0, 0, 0, 0, 0, 0, 0, 0, 0, 0, 0, 0, 0, 0, 0, 0, 0, 0, 0, 0, 0, 0, 0, 0, 0, 0, 0, 0, 0, 0, 0, 0, 0, 0, 0, 0, 0, 0.733154, 0.735746, 0.737906, 0.739634, 0.74178, 0, 0, 0, 0, 0, 0, 0, 0, 0, 0, 0, 0, 0, 0, 0, 0, 0, 0.701149, 0, 0, 0, 0, 0, 0, 0, 0, 0.84398, 0.84623, 0.847598, 0.849038, 0.851148, 0, 0, 0, 0, 0, 0, 0, 0, 0, 0, 0, 0, 0, 0, 0, 0, 0, 0, 0, 0, 0, 0, 0, 0, 0, 0, 0, 0, 0, 0, 0, 0, 0, 0, 0.78617, 0.78833, 0.79049, 0.792852, 0.795675, 0.797058, 0.79865, 0.800738, 0.80189, 0, 0, 0.830497, 0.832816, 0.835019, 0.837179, 0.839856, 0.747946, 0.750106, 0.752266, 0.756269, 0.758429, 0, 0, 0, 0, 0.736135, 0.739582, 0.740734, 0.742498, 0.744694, 0, 0, 0.840281, 0.842441, 0.845633, 0.847469, 0.849629, 0.905267, 0.907427, 0.90879, 0.911349, 0.91526, 0, 0, 0.877043, 0.878789, 0.880724, 0.883304, 0.885446, 0.814677, 0.705427, 0.792391, 0.795353, 0.797621, 0.799781, 0.801977, 0.782314, 0, 0.91411, 0.91627, 0.91843, 0.92059, 0.924534, 0.756742, 0.758902, 0.761062, 0.915505, 0.915881, 0.919073, 0.921233, 0.923393, 0, 0, 0, 0.754489, 0.886693,
0, 0, 0, 0, 0, 0, 0, 0, 0, 0, 0, 0, 0, 0, 0, 0, 0, 0, 0, 0, 0, 0, 0, 0, 0, 0, 0, 0, 0, 0, 0, 0, 0, 0, 0, 0, 0, 0, 0, 0, 0, 0, 0, 0, 0, 0, 0, 0, 0, 0, 0, 0, 0, 0, 0, 0, 0, 0, 0, 0, 0, 0, 0, 0, 0, 0, 0, 0, 0, 0, 0, 0, 0, 0, 0, 0, 0, 0, 0, 0, 0, 0, 0, 0, 0, 0, 0, 0, 0, 0, 0, 0, 0, 1.204, 1.20632, 1.20858, 1.21086, 1.21289, 0, 0, 0, 0, 0, 0, 0, 0, 0, 0, 0, 0, 0, 0, 1.24109, 1.24291, 1.24518, 1.24909, 1.2527, 0, 0, 0, 0, 0, 0, 0, 0, 0, 0, 0, 0, 0, 0, 0, 0, 0, 0, 0, 0, 0, 0, 0, 0, 0, 0, 0, 0, 0, 0, 0, 0, 0, 0, 0, 0, 0, 0, 0, 0, 0, 0, 0, 0, 0, 0, 0, 0, 0, 0, 0, 0, 0, 0, 0, 0, 0, 0, 0, 0, 0, 0, 0, 0, 0, 0, 0, 0, 0, 0, 0, 0, 0.754145, 0.756881, 0.759161, 0.760985, 0.76325, 0, 0, 0, 0, 0.700716, 0.702996, 0.705276, 0, 0, 0, 0, 0, 0, 0.714943, 0.717679, 0.719617, 0.721897, 0.724813, 0, 0, 0, 0, 0, 0, 0, 0, 0.868471, 0.870845, 0.872289, 0.873809, 0.876036, 0, 0, 0, 0, 0, 0, 0, 0, 0, 0, 0, 0, 0, 0, 0, 0, 0, 0, 0, 0, 0, 0, 0, 0, 0, 0, 0, 0, 0.701638, 0, 0, 0, 0, 0, 0.815015, 0.817295, 0.819575, 0.822068, 0.824988, 0.826447, 0.828128, 0.830332, 0.831548, 0, 0, 0.860422, 0.86287, 0.865196, 0.867476, 0.870301, 0.778479, 0.780759, 0.783039, 0.787264, 0.789544, 0.705087, 0.707367, 0.709647, 0.710286, 0.767722, 0.771361, 0.772577, 0.774439, 0.776757, 0, 0, 0.872666, 0.874946, 0.878315, 0.880253, 0.882533, 0.938262, 0.940541, 0.94198, 0.944681, 0.94881, 0.731244, 0.733524, 0.910937, 0.912742, 0.914784, 0.917508, 0.919806, 0.849156, 0.740025, 0.827103, 0.83023, 0.832624, 0.834904, 0.837222, 0.817579, 0, 0.949615, 0.951895, 0.954175, 0.956455, 0.960618, 0.792847, 0.795127, 0.797407, 0.95207, 0.952466, 0.955835, 0.958115, 0.960395, 0.726265, 0.728545, 0.7289, 0.791813, 0.924094,
0, 0, 0, 0, 0, 0, 0, 0, 0, 0, 0, 0, 0, 0, 0, 0, 0, 0, 0, 0, 0, 0, 0, 0, 0, 0, 0, 0, 0, 0, 0, 0, 0, 0, 0, 0, 0, 0, 0, 0, 0, 0, 0, 0, 0, 0, 0, 0, 0, 0, 0, 0, 0, 0, 0, 0, 0, 0, 0, 0, 0, 0, 0, 0, 0, 0, 0, 0, 0, 0, 0, 0, 0, 0, 0, 0, 0, 0, 0, 0, 0, 0, 0, 0, 0, 0, 0, 0, 0, 0, 0, 0, 0, 1.21478, 1.21714, 1.2195, 1.2219, 1.45074, 0, 0, 0.854558, 0.856078, 0, 0.774029, 0.775949, 0, 0, 0.722052, 0, 0, 0, 0, 1.25374, 1.38124, 1.3836, 1.84018, 1.84618, 0.99423, 0.965641, 0.968041, 0.82971, 0.72055, 0.72295, 0, 0, 0, 0.733924, 0.736324, 0, 0, 0, 0, 0, 0, 0, 0, 0, 0.713437, 0.715837, 0, 0.731829, 0.780887, 0.783027, 0.785583, 0, 0, 0, 0, 0, 0, 0, 0, 0, 0, 0, 0, 0, 0, 0, 0, 0, 0, 0.708693, 0.711093, 0.760572, 0, 0.722139, 0.739353, 0.741873, 0.743393, 0.744833, 0.713649, 0.716229, 0.718609, 0.846832, 0.849112, 0, 0.741259, 0.742579, 0, 0.744259, 0.89242, 0.894184, 0.897184, 0.899244, 0.854921, 0, 0.829552, 0.831952, 0.893341, 0.896221, 0.898621, 0.930168, 0.932632, 0, 0.703995, 0.886235, 0.888515, 0.955478, 0.957878, 0.96027, 0.744486, 0.747006, 0, 0, 0, 0, 0.901686, 0.904686, 0.850475, 0.852874, 0.856024, 0.806929, 0.809569, 0.704205, 0.706605, 0.780597, 0.782957, 0.784097, 0.867436, 1.18872, 1.19118, 1.19274, 1.19442, 1.04892, 0.713139, 0.714819, 0.750628, 0.713111, 0, 0, 0, 0.739324, 0.740764, 0.833535, 0.836871, 0.877716, 0.854102, 0.856482, 0.741099, 0.743499, 0.724522, 0.726921, 0.729322, 0.709036, 0.897516, 1.01367, 1.01607, 1.01871, 1.02109, 0.855758, 0.851321, 0.853601, 0.856157, 0.74535, 0, 0, 0, 0, 0.91362, 0.846282, 0.848682, 0.964161, 1.06369, 0.969496, 0.971266, 0.973546, 0.952121, 0.927009, 0.929169, 1.18619, 1.18876, 1.19123, 0.993525, 0.9967, 0.905045, 0.905256, 0.856872, 1.14839, 1.15063, 1.06679, 1.06919, 1.07159, 1.03761, 1.09515, 1.09898, 1.10018, 1.10222, 1.04195, 0.934155, 0.815573, 1.07509, 1.07747, 1.16986, 1.17253, 1.17493, 1.2309, 1.2333, 1.27101, 1.27385, 1.2782, 1.06069, 1.06311, 1.05953, 1.08323, 1.08538, 1.08837, 1.09075, 0.89686, 1.06902, 1.15753, 1.16083, 1.16347, 1.16589, 0.97973, 0.852866, 0.70798, 0.985142, 1.15754, 1.15993, 1.16234, 1.18727, 0.998967, 0.917313, 0.919713, 1.17921, 0.989073, 1.25146, 1.25386, 1.25626, 1.02225, 1.02465, 0.993653, 1.07777, 1.25733,
0, 0, 0, 0, 0, 0, 0, 0, 0, 0, 0, 0, 0, 0, 0, 0, 0, 0, 0, 0, 0, 0, 0, 0, 0, 0, 0, 0, 0, 0, 0, 0, 0, 0, 0, 0, 0, 0.700022, 0.702542, 0, 0, 0, 0, 0, 0, 0, 0, 0, 0, 0, 0, 0, 0, 0, 0.70002, 0.70254, 0, 0, 0, 0, 0, 0, 0, 0, 0, 0, 0, 0, 0, 0, 0, 0, 0, 0, 0, 0, 0, 0, 0, 0, 0, 0, 0, 0, 0, 0, 0, 0, 0, 0, 0, 0, 0, 1.22539, 1.22779, 1.23018, 1.2327, 1.46173, 0, 0, 0.866253, 0.867744, 0, 0.785867, 0.787883, 0, 0, 0.734224, 0, 0, 0, 0, 1.26622, 1.39391, 1.3963, 1.85298, 1.85928, 1.00778, 0.979363, 0.981883, 0.843649, 0.734489, 0.737009, 0, 0, 0, 0.748401, 0.750921, 0, 0, 0, 0, 0, 0, 0, 0, 0, 0.7292, 0.73172, 0.709523, 0.747706, 0.796681, 0.798886, 0.80157, 0, 0, 0, 0, 0, 0, 0, 0, 0, 0, 0, 0, 0, 0, 0, 0, 0.710109, 0.712629, 0.72707, 0.72959, 0.778951, 0, 0.74098, 0.75833, 0.760724, 0.762362, 0.763874, 0.732866, 0.735617, 0.738158, 0.866501, 0.868979, 0.709621, 0.761222, 0.762503, 0, 0.764372, 0.912685, 0.914537, 0.917603, 0.919472, 0.875326, 0, 0.850505, 0.853025, 0.914448, 0.917472, 0.919992, 0.951635, 0.95397, 0, 0.725905, 0.908163, 0.910641, 0.977641, 0.980161, 0.982673, 0.767033, 0.769427, 0, 0.704302, 0.706906, 0, 0.925039, 0.928105, 0.873981, 0.876501, 0.879556, 0.830906, 0.833342, 0.727992, 0.730512, 0.804856, 0.807334, 0.808531, 0.891971, 1.21338, 1.216, 1.21753, 1.21932, 1.07401, 0.738358, 0.740122, 0.776025, 0.73863, 0, 0, 0, 0.765285, 0.766797, 0.859656, 0.863159, 0.904219, 0.880606, 0.883147, 0.767852, 0.770372, 0.751547, 0.754067, 0.756587, 0.736323, 0.925123, 1.04139, 1.04391, 1.04635, 1.04872, 0.883404, 0.879292, 0.881938, 0.884621, 0.773903, 0.719852, 0.721616, 0, 0, 0.942673, 0.875357, 0.877877, 0.993464, 1.09321, 0.998991, 1.00085, 1.00335, 0.981832, 0.956815, 0.959104, 1.21624, 1.21895, 1.22124, 1.02394, 1.02693, 0.935708, 0.936117, 0.887821, 1.17938, 1.18173, 1.0981, 1.10062, 1.10314, 1.06922, 1.12674, 1.13089, 1.13213, 1.13404, 1.07387, 0.9662, 0.847872, 1.10756, 1.1101, 1.20259, 1.20538, 1.2079, 1.26406, 1.26658, 1.30433, 1.30731, 1.31188, 1.09443, 1.09693, 1.09325, 1.1173, 1.11956, 1.12244, 1.12498, 0.931407, 1.10377, 1.19245, 1.19591, 1.19835, 1.20085, 1.01475, 0.888241, 0.743379, 1.02076, 1.19329, 1.19581, 1.19833, 1.22336, 1.0352, 0.95354, 0.95606, 1.21577, 1.02577, 1.28827, 1.29079, 1.29331, 1.05942, 1.06194, 1.03092, 1.11518, 1.29486,
0, 0.917577, 0.919148, 0, 0.84799, 0, 0, 0, 0, 0, 0, 0, 0, 0, 0, 0, 0, 0, 0, 0, 0, 0, 0, 0, 0, 0, 0.71557, 0, 0, 0, 0, 0, 0, 0, 0.723636, 0, 0.877547, 0, 0, 0, 0, 0, 0, 0, 0, 0, 0, 0, 0, 0, 0, 0.752723, 0.754119, 0.97961, 0, 0.820632, 0, 0.700981, 0, 0, 0, 0, 0, 0, 0, 0, 0, 0, 0, 0, 0, 0, 0, 0, 0, 0, 0, 0, 0, 0, 0, 0, 0, 0, 0, 0, 0, 0, 0, 0, 0, 0, 0, 1.15528, 1.15668, 1.15807, 1.15982, 1.38853, 0, 0, 0.791843, 0.792715, 0, 0.767725, 0.769251, 0, 0, 0, 0, 0, 0, 0, 1.18328, 1.33032, 1.33172, 1.91378, 2.11292, 1.2606, 1.21319, 1.21493, 1.05625, 0.720883, 0.722628, 0, 0, 0, 0, 0, 0, 0, 0, 0, 0, 0, 0, 0, 0, 0, 0, 0.779517, 0.899574, 0.949545, 0.780803, 0.859481, 0.729134, 0.730879, 0, 0, 0, 0, 0, 0, 0, 0, 0, 0, 0, 0, 0, 0, 0, 0, 0.816309, 0.818053, 0.937024, 0.770572, 0.900821, 0.960293, 0.961703, 0.901434, 0.902393, 0.871572, 0.702969, 0.7047, 0.739952, 0.741726, 0, 0.743976, 0.744936, 0, 0.746158, 0.945603, 0.786295, 0.787662, 1.03875, 0.744425, 0, 0.715942, 0.717687, 0.784885, 0.786717, 0.788462, 0.8424, 0.951874, 0, 0.790704, 1.00758, 0.969179, 1.09699, 1.09874, 0.838268, 0, 0, 0, 0.718868, 0.720976, 0, 0.937379, 0.820543, 0.806791, 0.808536, 0.867321, 0.761209, 0.762634, 0, 0, 0, 0, 0, 0.905838, 1.31071, 1.05776, 1.05863, 1.23675, 1.05074, 0, 0, 0.749368, 0, 0, 0, 0, 0, 0, 0.863457, 0.86494, 0.997113, 0.80269, 0.804421, 0, 0, 0, 0, 0, 0, 0.900602, 0.864006, 0.865751, 0.867117, 1.01249, 0.853274, 0.721951, 0.861088, 0.863095, 0.700763, 0, 0, 0, 0, 0.755924, 0, 0, 0.869269, 1.0816, 0.873108, 0.978668, 0.980152, 0.867605, 0.896997, 0.898567, 1.02352, 1.21369, 1.21514, 1.0149, 1.01647, 0.925482, 0.834961, 0.742831, 1.07698, 1.02084, 0.935664, 0.937409, 0.939153, 0.865157, 0.960672, 1.17194, 1.17299, 1.1743, 0.879857, 0.963233, 0.731628, 0.990162, 0.991892, 1.25385, 1.16143, 1.17323, 1.2316, 1.23335, 1.27025, 1.27191, 1.1832, 0.878324, 1.0689, 1.0619, 1.08668, 1.08808, 1.08947, 0.90237, 0.708994, 0.881572, 0.971415, 1.07215, 1.07363, 1.07534, 0.787913, 0, 0, 0.793152, 1.0572, 1.05894, 1.06069, 1.25519, 0.980216, 0.719661, 0.721406, 0.979925, 0.788914, 1.07425, 1.076, 1.07774, 1.07109, 1.07283, 0.791311, 1.08796, 1.30346,
0, 0, 0, 0, 0, 0, 0, 0, 0, 0, 0, 0, 0, 0, 0, 0, 0, 0, 0, 0, 0, 0, 0, 0, 0, 0, 0, 0, 0, 0, 0, 0, 0, 0, 0, 0, 0, 0, 0, 0, 0, 0, 0, 0, 0, 0, 0, 0, 0, 0, 0, 0.803924, 0.806132, 0.809354, 0, 0, 0, 0, 0, 0, 0, 0, 0, 0, 0, 0, 0, 0, 0, 0, 0, 0, 0, 0, 0, 0, 0, 0, 0, 0, 0, 0, 0, 0, 0, 0, 0, 0, 0, 0, 0, 0, 0, 0, 0, 0, 0, 0.75245, 0, 0, 0, 0, 0, 0, 0, 0, 0, 0, 0, 0, 0, 0, 0, 0, 0, 1.14731, 1.22427, 1.22703, 1.23365, 1.23641, 0.953386, 0.727383, 0.730143, 0, 0, 0, 0.774962, 0.777722, 0, 0, 0, 0, 0, 0, 0, 0, 0, 0, 0, 0.912814, 0.913895, 0.915571, 0.751073, 0.827451, 0, 0.700988, 0.703636, 0.706235, 0, 0, 0, 0, 0, 0, 0, 0, 0, 0, 0, 0, 0, 0, 0.802684, 0.805444, 0.925429, 0.928078, 1.05914, 1.06245, 1.06519, 1.0052, 1.00686, 0.873046, 0.854447, 0.85723, 0.852471, 0.855185, 0.749144, 0.911059, 0.912531, 0, 0.914509, 0.919331, 0.89841, 0.901584, 1.01478, 0.860403, 0.724336, 0.849759, 0.852519, 0, 0, 0, 0.745356, 0.77751, 0.78027, 0.9093, 0.911582, 0.9107, 1.00309, 1.00585, 0.871442, 0.812519, 0.815325, 0.760507, 0.849199, 0.852672, 0.854746, 0.857664, 0.791903, 0.778896, 0.781656, 0.791718, 0.795582, 0.79825, 0, 0, 0.853058, 0.855956, 0.857474, 1.11264, 1.11463, 0.953609, 0.955288, 1.04296, 0.881603, 0.85962, 0.861552, 0.86369, 0.745808, 0, 0, 0.729587, 0.85289, 0.854546, 1.05697, 1.06081, 1.06343, 0.929276, 0.932059, 0.740453, 0.743213, 0.87798, 0.88074, 0.8835, 0.833896, 1.13235, 1.01668, 1.01944, 1.0221, 1.08042, 0.922206, 0.924966, 0.938476, 0.940788, 0.941356, 0.887546, 0.889478, 0.729356, 0.730874, 0.883651, 0.875477, 0.878237, 1.05873, 1.0614, 0.981772, 0.983807, 0.986544, 0.978405, 1.1482, 1.15045, 1.05366, 1.17543, 1.17794, 0.978795, 0.982612, 1.05153, 0.961013, 0.964204, 1.24188, 1.24445, 1.16478, 1.16754, 1.1703, 1.05677, 1.11001, 1.27219, 1.27407, 1.27622, 1.05865, 1.23541, 1.00473, 1.12424, 1.12702, 1.27256, 1.18099, 1.19453, 1.199, 1.20176, 1.23956, 1.24228, 1.18511, 1.15666, 1.26068, 1.17725, 1.1793, 1.18177, 1.18506, 1.10041, 0.907252, 1.09109, 1.18212, 1.1985, 1.20057, 1.2032, 1.00572, 0.920165, 0.814177, 1.08159, 1.33506, 1.33782, 1.34058, 1.34562, 1.28569, 1.02614, 1.0289, 1.133, 0.958547, 1.24465, 1.24741, 1.25017, 1.38442, 1.38718, 1.10641, 1.40363, 1.40618,
0, 0, 0, 0, 0, 0, 0, 0, 0, 0, 0, 0, 0, 0, 0, 0, 0, 0, 0, 0, 0, 0, 0, 0, 0, 0, 0, 0, 0, 0, 0, 0, 0, 0, 0.799468, 0.807076, 0.833163, 0.839523, 0.847007, 0, 0, 0, 0, 0, 0, 0, 0, 0, 0, 0.735576, 0.74306, 1.0427, 1.04981, 1.05617, 0.944385, 0.951869, 0.810161, 0.816023, 0.812504, 0.819613, 0.825974, 0, 0, 0, 0, 0.746848, 0.753209, 0.910465, 0.919445, 0.928425, 0.933777, 0.948686, 0, 0.963653, 0.994485, 1.00347, 1.01132, 1.01881, 0.942855, 0.858847, 0.866331, 0.812843, 0.961517, 0.758127, 0.76112, 0.991791, 0.998339, 0.862762, 0.888733, 0.892475, 0, 0.70493, 0.712414, 0.937626, 0.944985, 0.952344, 0.959827, 1.19405, 0.932356, 0.938343, 1.1216, 1.12702, 0.90477, 1.07923, 1.08577, 0.94271, 0.946265, 1.16745, 0.974318, 0.981801, 0.989285, 0.996768, 1.05911, 1.19159, 1.19895, 1.66329, 1.74407, 1.75155, 1.75791, 1.76539, 1.49142, 1.26967, 1.27715, 1.10087, 1.10835, 1.00881, 1.34191, 1.34939, 1.23627, 1.24375, 1.25124, 1.02932, 1.0368, 1.04428, 1.08234, 1.08983, 0.996234, 1.28605, 1.2911, 1.5316, 1.53447, 1.53734, 1.37622, 1.45666, 1.33386, 1.34134, 1.34882, 1.35468, 1.24862, 1.04947, 1.05321, 1.05696, 1.06444, 1.07192, 1.07941, 1.08689, 1.09437, 1.10186, 1.10934, 1.32358, 1.38244, 1.38993, 1.51937, 1.52685, 1.65156, 1.65904, 1.79616, 1.80364, 1.811, 1.75327, 1.75626, 1.62524, 1.61195, 1.61956, 1.61952, 1.62713, 1.52375, 1.68858, 1.69232, 1.39914, 1.69793, 1.70336, 1.68885, 1.69521, 1.81099, 1.66531, 1.53652, 1.6631, 1.67058, 1.50926, 1.51712, 1.5246, 1.58399, 1.62308, 1.63056, 1.7624, 1.76826, 1.7752, 1.87471, 1.88219, 1.75169, 1.69731, 1.70467, 1.65149, 1.74195, 1.75105, 1.75853, 1.76602, 1.70673, 1.69744, 1.70492, 1.72313, 1.72949, 1.73535, 1.5743, 1.58179, 1.80251, 1.81149, 1.81747, 2.0747, 2.07788, 1.92398, 1.92772, 2.01456, 1.86439, 1.84571, 1.84963, 1.85581, 1.74312, 1.66322, 1.67071, 1.74089, 1.86652, 1.87513, 2.08235, 2.08833, 2.09432, 1.96987, 1.97748, 1.79248, 1.79996, 1.93911, 1.94659, 1.95407, 1.90728, 2.20719, 2.09624, 2.10372, 2.10959, 2.17127, 2.0203, 2.02778, 2.04758, 2.05668, 2.06156, 2.01389, 2.01782, 1.85861, 1.8616, 2.01923, 2.01573, 2.02322, 2.2073, 2.21366, 2.13809, 2.14127, 2.148, 2.14349, 2.31545, 2.31976, 2.22769, 2.35395, 2.36031, 2.17149, 2.17785, 2.25375, 2.16892, 2.1764, 2.45725, 2.46474, 2.39007, 2.39755, 2.40503, 2.29588, 2.35105, 2.5164, 2.52333, 2.528, 2.31882, 2.5003, 2.27514, 2.39882, 2.40643, 2.55904, 2.4709, 2.48866, 2.49465, 2.50213, 2.5421, 2.54971, 2.49691, 2.47457, 2.58094, 2.50307, 2.50893, 2.51641, 2.5239, 2.44543, 2.26396, 2.44757, 2.54337, 2.56452, 2.57051, 2.5765, 2.39167, 2.31096, 2.20752, 2.47852, 2.73975, 2.74724, 2.75472, 2.76071, 2.7096, 2.45489, 2.46238, 2.56726, 2.39867, 2.68836, 2.69584, 2.70332, 2.84218, 2.84966, 2.57239, 2.87082, 2.87549,
0, 0, 0, 0, 0, 0, 0, 0, 0, 0, 0, 0, 0, 0, 0, 0, 0, 0, 0, 0, 0, 0, 0, 0, 0, 0, 0, 0, 0, 0, 0, 0, 0, 0, 0, 0, 0.768318, 0.772518, 0.775518, 0, 0, 0, 0, 0, 0, 0, 0, 0, 0, 0, 0, 0, 0, 0.711397, 0.715315, 0.718315, 0, 0, 0, 0, 0, 0, 0, 0, 0, 0, 0, 0, 0, 0, 0, 0, 0, 0, 0, 0, 0, 0, 0, 0, 0, 0, 0, 0, 0, 0, 0, 0, 0, 0, 0, 0, 0, 0, 0, 0, 0, 0.862074, 0, 0, 0.755412, 0.757312, 0, 0.762991, 0.765391, 0, 0, 0.758273, 0, 0, 0, 0, 0.701939, 0.849764, 0.852789, 1.23191, 1.23941, 1.03013, 1.0122, 1.0152, 0.912115, 0.872154, 0.875154, 0, 0, 0, 0.859509, 0.862509, 0, 0, 0, 0, 0, 0, 0, 0, 0, 0.75963, 0.76263, 0.746834, 0.748009, 0.86444, 0.86699, 0.870185, 0.824544, 0.828649, 0.705377, 0.708252, 0, 0, 0, 0, 0, 0, 0, 0, 0, 0, 0, 0, 0.870549, 0.873549, 0.875949, 0.878949, 0.999174, 0.888341, 0.902294, 0.880178, 0.883028, 0.844167, 0.845967, 0.928043, 0.931043, 0.934193, 0.929675, 0.932825, 0.747521, 0.835268, 0.836868, 0, 0.839018, 1.02383, 1.02604, 1.02949, 1.03179, 1.03086, 0.765798, 0.936971, 0.939971, 0.968843, 0.972443, 0.975443, 1.03012, 1.03311, 0.764017, 0.940625, 1.16573, 1.16888, 1.17416, 1.17716, 1.08402, 0.73945, 0.7425, 0.738829, 0.863647, 0.867372, 0.869627, 1.03705, 1.0405, 1.02817, 1.03117, 1.10544, 1.10964, 1.11254, 0.924111, 0.927111, 0.860471, 0.863621, 0.865271, 0.964034, 1.23428, 1.23741, 1.23931, 1.24116, 1.16595, 0.850267, 0.852367, 1.16617, 1.08049, 0.996332, 0.999332, 1.06503, 0.830184, 0.831984, 0.944844, 0.949028, 1.15841, 1.16141, 1.16456, 0.966841, 0.969841, 0.96583, 0.96883, 0.97183, 0.88833, 0.989792, 1.15569, 1.15869, 1.16159, 1.16447, 1.06322, 0.955798, 0.969064, 0.971578, 0.971202, 0.969862, 0.971962, 0.811991, 0.813641, 0.941571, 0.872991, 0.875991, 1.05701, 1.20432, 1.20712, 1.20933, 1.21223, 1.20437, 1.13429, 1.13674, 1.31544, 1.31866, 1.32147, 1.25895, 1.26251, 1.10744, 1.02679, 1.02351, 1.29894, 1.30174, 1.40117, 1.40417, 1.40717, 1.29374, 1.29746, 1.26203, 1.26378, 1.26598, 1.26091, 1.17224, 1.06899, 1.3203, 1.32345, 1.34791, 1.35123, 1.35423, 1.28433, 1.28733, 1.2609, 1.2302, 1.37149, 1.37396, 1.37681, 1.31419, 1.31731, 1.18989, 1.19657, 1.13617, 1.11514, 1.27164, 1.33552, 1.33964, 1.34254, 1.34539, 1.19411, 1.08242, 0.884975, 1.21358, 1.47875, 1.48175, 1.48475, 1.49022, 1.27946, 1.08332, 1.08632, 1.33778, 1.16328, 1.44991, 1.45291, 1.45591, 1.23444, 1.23744, 1.181, 1.28084, 1.41416,
0, 0, 0, 0, 0, 0, 0, 0, 0, 0, 0, 0, 0, 0, 0, 0, 0, 0, 0, 0, 0, 0, 0, 0, 0, 0, 0, 0, 0, 0, 0, 0, 0, 0, 0, 0, 0.853208, 0.857776, 0.863149, 0, 0, 0, 0, 0, 0, 0, 0, 0, 0, 0, 0, 0.807836, 0.81294, 0.835279, 0.840921, 0.846295, 0.701742, 0.709593, 0.716041, 0.722489, 0.727057, 0.763965, 0.719752, 0.725125, 0.730499, 0.769785, 0, 0, 0.700572, 0.70702, 0, 0, 0, 0, 0.740077, 0.746525, 0.752167, 0.757541, 0.876067, 0.791796, 0.797169, 0.739483, 0.885062, 0, 0, 0, 0.702914, 0, 0.74651, 0.749241, 0, 0, 0, 0.865529, 0.870992, 0.876321, 0.881694, 1.08419, 0.703793, 0.708091, 0.981484, 0.985425, 0.791528, 0.996507, 1.00175, 0.787955, 0.790507, 0.997194, 0.793494, 0.798867, 0.804241, 0.809614, 0.952937, 1.10296, 1.10829, 1.49276, 1.49706, 1.29019, 1.27461, 1.27999, 1.18144, 1.14697, 1.15234, 0.973646, 0.979019, 0.822278, 1.14513, 1.1505, 0.971384, 0.976757, 0.982131, 0.836189, 0.841562, 0.846936, 0.89834, 0.903714, 0.810147, 1.06719, 1.07082, 1.05734, 1.05958, 1.17673, 1.18049, 1.18578, 1.14455, 1.14992, 1.02906, 1.03332, 0.951665, 0.753583, 0.756269, 0.758956, 0.764329, 0.769703, 0.775076, 0.78045, 0.785823, 0.791197, 0.79657, 1.00647, 1.22417, 1.22954, 1.23491, 1.24029, 1.36114, 1.25237, 1.27195, 1.24895, 1.25325, 1.21914, 1.22129, 1.30575, 1.3087, 1.31515, 1.31256, 1.319, 1.13636, 1.2259, 1.22863, 1.05136, 1.23262, 1.41726, 1.42263, 1.4272, 1.43159, 1.43444, 1.17172, 1.34466, 1.35003, 1.38244, 1.38674, 1.39211, 1.45214, 1.45653, 1.19019, 1.36887, 1.59575, 1.6022, 1.60784, 1.61321, 1.52744, 1.1849, 1.19037, 1.18532, 1.31139, 1.31789, 1.32326, 1.49335, 1.49791, 1.48971, 1.49508, 1.57113, 1.5757, 1.58009, 1.39881, 1.40418, 1.33653, 1.34297, 1.34727, 1.44732, 1.71865, 1.72242, 1.72636, 1.7294, 1.65697, 1.34467, 1.34803, 1.66313, 1.58116, 1.49947, 1.50484, 1.57125, 1.33826, 1.34444, 1.45774, 1.4632, 1.67525, 1.68062, 1.68707, 1.4969, 1.50227, 1.49538, 1.50075, 1.50612, 1.4256, 1.53035, 1.69733, 1.7027, 1.70709, 1.71135, 1.61613, 1.51115, 1.52593, 1.53229, 1.5351, 1.53614, 1.5395, 1.37905, 1.38201, 1.51194, 1.44555, 1.45093, 1.63551, 1.78487, 1.78827, 1.79055, 1.79481, 1.79118, 1.72043, 1.72347, 1.90454, 1.91019, 1.91458, 1.85721, 1.8616, 1.70826, 1.6335, 1.63313, 1.91305, 1.91842, 2.0193, 2.02468, 2.03005, 1.9137, 1.91908, 1.88567, 1.89055, 1.89382, 1.89432, 1.80537, 1.70452, 1.95759, 1.96404, 1.99525, 1.99982, 2.00519, 1.93474, 1.94011, 1.91383, 1.88727, 2.02949, 2.03513, 2.03943, 1.98108, 1.98547, 1.86057, 1.86998, 1.81134, 1.79485, 1.95305, 2.0184, 2.02377, 2.02816, 2.03246, 1.8919, 1.77959, 1.58512, 1.9155, 2.18105, 2.18642, 2.19179, 2.19744, 1.99125, 1.80264, 1.80802, 2.06216, 1.88656, 2.17795, 2.18332, 2.18869, 1.9696, 1.97498, 1.91702, 2.01805, 2.15221,
0, 0, 0, 0, 0, 0, 0, 0, 0, 0, 0, 0, 0, 0, 0, 0, 0, 0, 0, 0, 0, 0, 0, 0, 0, 0, 0, 0, 0, 0, 0, 0, 0, 0, 0, 0, 0, 0, 0, 0, 0, 0, 0, 0, 0, 0, 0, 0, 0, 0, 0, 0, 0, 0, 0, 0, 0, 0, 0, 0, 0, 0, 0, 0, 0, 0, 0, 0, 0, 0, 0, 0, 0, 0, 0, 0, 0, 0, 0.735692, 0, 0, 0, 0, 0, 0, 0, 0, 0, 0, 0, 0, 0, 0, 0, 0, 0, 0, 0.766326, 0, 0, 0, 0, 0, 0, 0, 0, 0, 0, 0, 0, 0, 0, 0.727288, 0.855299, 0.858485, 0.867648, 0.87575, 0, 0, 0, 0, 0, 0, 0.777608, 0.780848, 0, 0.782001, 0.785241, 0, 0, 0, 0, 0, 0, 0, 0, 0, 0.711137, 0.714377, 0, 0.700219, 0.816872, 0.819761, 0.823212, 0.790113, 0.794565, 0, 0, 0, 0, 0, 0, 0, 0, 0, 0, 0, 0, 0, 0, 0.787937, 0.791177, 0.82974, 0.83298, 0.86131, 0.750604, 0.874325, 0.821574, 0.82476, 0.817064, 0.819008, 0.881327, 0.88481, 0.888023, 0.889462, 0.89254, 0.70732, 0.795175, 0.796957, 0, 0.799225, 0.984341, 0.986723, 0.990773, 1.00002, 1.00407, 0.739219, 0.910701, 0.913941, 0.99853, 1.00242, 1.00566, 1.05535, 1.05868, 0.793025, 0.89871, 1.12432, 1.12739, 1.14479, 1.14803, 1.15126, 0.812779, 0.816181, 0.810601, 0.813787, 0.816919, 0.799643, 1.01654, 0.968274, 0.94632, 0.94956, 1.02422, 1.02876, 1.03232, 0.97208, 0.97532, 0.829765, 0.832951, 0.83449, 0.933337, 1.20371, 1.20703, 1.20914, 1.21141, 1.19846, 0.886175, 0.888443, 1.19929, 1.11853, 1.04729, 1.05053, 1.18539, 0.929599, 0.931543, 0.935469, 0.939972, 1.149, 1.12941, 1.13262, 1.14863, 1.15187, 0.9541, 0.95734, 0.96058, 0.823969, 0.952171, 1.13113, 1.13437, 1.13793, 1.14114, 1.10828, 0.99768, 1.00444, 1.00672, 1.00658, 1.0319, 1.03417, 0.948666, 0.950448, 1.10216, 0.930964, 0.934204, 1.32878, 1.47649, 1.47956, 1.71462, 1.71705, 1.71982, 1.52576, 1.52867, 1.29599, 1.29947, 1.363, 1.36624, 1.37091, 1.21612, 1.21936, 1.0932, 1.11029, 1.11331, 1.21318, 1.21642, 1.21966, 1.27742, 1.28144, 1.24629, 1.24791, 1.25067, 1.23109, 1.15157, 1.04865, 1.30023, 1.30345, 1.30824, 1.34345, 1.52932, 1.45861, 1.46185, 1.46493, 1.434, 1.35922, 1.36189, 1.36516, 1.35461, 1.3584, 1.23111, 1.23797, 1.14644, 1.14968, 1.26113, 1.32535, 1.32979, 1.33335, 1.33662, 1.33717, 1.153, 0.955773, 1.28463, 1.46499, 1.46823, 1.47147, 1.47739, 1.26666, 1.13041, 1.13365, 1.38521, 1.23649, 1.38317, 1.38641, 1.38965, 1.20763, 1.21087, 1.18774, 1.28764, 1.41638,
0, 0, 0, 0, 0, 0, 0, 0, 0, 0, 0, 0, 0, 0, 0, 0, 0, 0, 0, 0, 0, 0, 0, 0, 0.704615, 0, 0, 0, 0, 0, 0, 0, 0, 0, 0.838447, 0, 0, 0, 0, 0, 0, 0, 0, 0.843202, 0.846562, 0.849922, 0.980566, 0.895177, 0, 0, 0, 0, 0, 0.760241, 0, 0.721271, 0, 0, 0, 0, 0, 0.752586, 0.715296, 0.718656, 0.722016, 0.911008, 0, 0, 0, 0, 0, 0, 0, 0, 0.717601, 0.720289, 0.716592, 0.719952, 0.932247, 0, 0, 0, 0.91029, 0, 0, 0.715512, 0.7182, 0, 0, 0, 0, 0, 0, 0, 0, 0, 0, 0.943084, 0, 0, 0.838437, 0.840481, 0, 0.710738, 0.713426, 0, 0, 0, 0, 0, 0, 0, 0.739695, 1.08869, 1.09188, 1.22672, 1.23513, 1.0012, 0.797645, 0.801005, 1.01962, 0.956639, 0.959999, 1.03153, 1.03489, 0, 0.796527, 0.799887, 0, 0, 0, 0.748617, 0.751977, 0.755337, 0.874626, 0.877986, 0, 0.726977, 0.730337, 0.714643, 0.776739, 0.984067, 0.97396, 0.978377, 0.944525, 0.90162, 0, 0, 0, 0, 0, 0, 0, 0, 0, 0, 0, 0, 0, 0, 0.858999, 0.862359, 0.964657, 0.968017, 1.03244, 0.769398, 0.948558, 0.885988, 0.889236, 0.869073, 0.871089, 0.941576, 0.912264, 0.915568, 0.917126, 0.920318, 0.727051, 0.815215, 0.816923, 0, 0.819415, 1.07353, 1.00715, 1.01124, 1.07322, 1.02444, 0.759877, 0.931731, 0.935091, 1.01969, 1.02372, 1.02708, 1.07687, 1.17347, 0.856512, 1.01335, 1.24223, 1.24309, 1.31118, 1.31454, 1.17371, 0.914349, 0.917877, 0.870723, 0.911538, 0.914954, 0.822541, 1.12942, 1.04363, 1.02185, 1.02521, 1.35239, 1.09322, 1.09647, 0.995797, 0.999157, 0.854031, 0.857335, 0.858931, 0.957907, 1.2763, 1.23193, 1.23398, 1.29983, 1.31713, 0.953112, 0.955464, 1.31825, 1.16294, 1.07289, 1.07625, 1.21137, 1.03583, 1.03785, 1.07405, 1.07875, 1.2407, 1.15595, 1.15934, 1.17543, 1.17879, 0.980836, 0.984196, 0.987556, 0.851263, 0.979855, 1.21166, 1.21502, 1.21871, 1.77996, 1.67819, 1.49724, 1.64043, 1.64245, 1.0353, 1.1454, 1.14775, 1.00949, 1.01134, 1.16343, 0.960081, 0.963441, 1.35814, 1.65409, 1.5091, 1.88881, 1.89116, 1.74957, 1.55557, 1.55832, 1.3261, 1.39277, 1.45801, 1.45983, 1.48357, 1.59283, 1.59661, 1.36421, 1.48834, 1.3635, 1.24457, 1.24793, 1.25129, 1.30908, 1.57817, 1.79321, 1.79522, 1.79959, 1.6275, 1.59472, 1.08095, 1.33274, 1.33613, 1.36397, 1.6487, 1.90241, 1.79886, 1.80222, 1.8035, 1.53409, 1.50208, 1.39568, 1.46325, 1.53679, 1.55835, 1.43187, 1.43936, 1.34757, 1.2844, 1.29596, 1.56443, 1.61537, 1.62007, 1.62349, 1.45156, 1.18841, 0.991172, 1.32029, 1.50079, 1.50415, 1.50751, 1.52857, 1.30294, 1.16664, 1.17, 1.42182, 1.27323, 1.42002, 1.42338, 1.42674, 1.24496, 1.24832, 1.22501, 1.32508, 1.54625,
0, 0, 0, 0, 0, 0, 0, 0, 0, 0, 0, 0, 0, 0, 0, 0, 0, 0, 0, 0, 0, 0, 0, 0, 0, 0, 0, 0, 0, 0, 0, 0, 0, 0, 0, 0, 0, 0, 0, 0, 0, 0, 0, 0, 0, 0, 0, 0, 0, 0, 0, 0, 0, 0, 0, 0, 0, 0, 0, 0, 0, 0, 0, 0, 0, 0, 0, 0, 0, 0, 0, 0, 0, 0, 0, 0, 0, 0, 0, 0, 0, 0, 0, 0, 0, 0, 0, 0, 0, 0, 0, 0, 0, 0, 0, 0, 0, 0, 0, 0, 0, 0, 0, 0, 0, 0, 0, 0, 0, 0, 0, 0, 0, 0, 0, 0, 0, 0, 0, 0, 0, 0, 0, 0, 0, 0, 0, 0, 0, 0, 0, 0, 0, 0, 0, 0, 0, 0, 0, 0, 0, 0, 0, 0, 0, 0, 0, 0, 0, 0, 0, 0, 0, 0, 0, 0, 0, 0, 0, 0, 0, 0, 0, 0, 0, 0, 0, 0, 0, 0, 0, 0, 0, 0, 0, 0, 0, 0, 0, 0, 0, 0, 0, 0, 0, 0, 0, 0, 0, 0, 0, 0, 0, 0, 0, 0, 0, 0, 0, 0, 0, 0, 0, 0, 0, 0, 0, 0, 0, 0, 0, 0, 0, 0, 0, 0, 0, 0, 0, 0, 0, 0, 0, 0, 0, 0, 0, 0, 0, 0, 0, 0, 0, 0, 0, 0, 0, 0, 0, 0, 0, 0, 0, 0, 0, 0, 0, 0, 0, 0, 0, 0, 0, 0, 0, 0, 0, 0, 0, 0, 0, 0, 0, 0, 0, 0, 0, 0, 0, 0, 0, 0, 0, 0, 0, 0, 0, 0, 0, 0, 0, 0, 0, 0, 0, 0, 0, 0, 0, 0, 0, 0, 0, 0, 0, 0, 0, 0, 0, 0, 0, 0, 0, 0, 0, 0, 0, 0, 0, 0, 0, 0, 0, 0, 0, 0, 0, 0, 0, 0, 0, 0, 0, 0, 0, 0, 0, 0, 0, 0, 0, 0, 0, 0, 0,
0, 0, 0, 0, 0, 0, 0, 0, 0, 0, 0, 0, 0, 0, 0, 0, 0, 0, 0, 0, 0, 0, 0, 0, 0.850347, 0, 0, 0, 0, 0, 0, 0, 0.714487, 0.718807, 0.798732, 0, 0, 0, 0, 0, 0, 0, 0, 0.807957, 0.811557, 0.815157, 0.915878, 0.906783, 0, 0.702868, 0.706468, 0, 0, 0.755431, 0, 0, 0, 0, 0, 0, 0, 0, 0, 0, 0, 0.963272, 0.821451, 0.788216, 0.791996, 0.794876, 0, 0, 0, 0.701802, 0.88129, 0.88417, 0.89008, 0.89368, 0.854625, 0, 0, 0, 0, 0, 0, 0.840979, 0.843859, 0, 0, 0, 0, 0, 0, 0, 0, 0, 0, 0.725895, 0, 0, 0.924946, 0.927136, 0, 0.797651, 0.800531, 0, 0, 0.864635, 0.755337, 0.758937, 0.762537, 0.766137, 0, 0.748697, 0.752327, 0.940167, 1.11936, 1.12296, 0.919718, 0.923318, 1.14252, 1.01119, 1.01479, 1.05662, 1.06022, 0, 0.90329, 0.90689, 0.735905, 0.739505, 0.743105, 0.778579, 0.782179, 0.785779, 0.940018, 0.943618, 0, 0.793048, 0.796648, 0.900518, 0.962848, 1.17015, 1.1219, 1.14092, 1.06067, 1.02976, 0.766817, 0.770267, 0, 0, 0, 0, 0, 0, 0, 0, 0, 0, 0, 0, 0.894777, 0.898377, 1.56936, 1.57296, 1.9452, 1.68226, 1.89966, 1.86857, 1.87214, 1.05756, 1.05972, 1.12766, 0.974677, 0.978457, 1.03374, 1.03716, 0.843889, 0.984996, 0.986826, 0.78061, 0.989496, 1.21427, 1.0792, 1.0837, 1.30307, 1.13241, 0.913272, 1.02862, 1.03222, 0.970444, 0.974764, 0.978364, 1.05395, 1.13252, 0.925757, 1.10578, 1.33495, 1.24841, 1.35125, 1.35485, 1.17849, 1.05346, 1.05712, 1.00976, 1.05242, 1.05623, 0.963917, 1.27113, 1.09013, 1.28653, 1.29013, 1.34238, 1.20327, 1.20723, 0.929399, 0.932999, 0.979939, 0.983479, 0.985189, 1.16116, 1.30285, 1.1312, 1.13354, 1.29545, 1.14691, 1.02926, 1.03178, 1.18768, 1.027, 0.935577, 0.939177, 1.07459, 1.08794, 1.0901, 1.27441, 1.27945, 1.285, 1.15194, 1.15571, 1.17258, 1.17618, 1.03412, 1.03772, 1.04132, 0.905677, 1.16217, 1.34422, 1.34782, 1.35178, 1.77935, 1.94281, 1.8672, 2.01055, 2.01271, 1.40595, 1.2478, 1.25032, 1.08654, 1.08852, 1.23926, 1.01657, 1.02017, 1.41546, 1.5735, 1.45697, 1.85048, 1.853, 1.69809, 1.76941, 1.77268, 1.32377, 1.48857, 1.56721, 1.48667, 1.5214, 1.71859, 1.72265, 1.49048, 1.61536, 1.41892, 1.21528, 1.21888, 1.22248, 1.35794, 1.50922, 1.80039, 1.80255, 1.80723, 1.55788, 1.6627, 1.14905, 1.31613, 1.3197, 1.53233, 1.63978, 1.92956, 1.93721, 1.94081, 1.98383, 1.75539, 1.4978, 1.3916, 1.54265, 1.53348, 1.5553, 1.44451, 1.44875, 1.36083, 1.28686, 1.43261, 1.62877, 1.7365, 1.74154, 1.74517, 1.49591, 1.23303, 1.06197, 1.2102, 1.39448, 1.39808, 1.40168, 1.44119, 1.41637, 1.24049, 1.24409, 1.41115, 1.26142, 1.47759, 1.48119, 1.48479, 1.54953, 1.55313, 1.41163, 1.58877, 1.81023,
0, 0.866429, 0.868981, 0, 0.873383, 0, 0, 0, 0, 0, 0, 0, 0, 0, 0, 0, 0, 0, 0, 0, 0, 0, 0, 0, 0.920818, 0, 0.767342, 0, 0, 0, 0.734444, 0.836452, 0.925851, 0.928828, 1.10693, 0.740394, 0.769676, 0, 0, 0, 0, 0, 0, 0.924772, 0.927607, 0.930442, 1.06194, 0.979807, 0, 0, 0, 0.776823, 0.779091, 0.922699, 0, 0.851734, 0, 0.86988, 0.732321, 0.735582, 0, 0.816033, 0.802581, 0.805417, 0.808252, 1.11939, 0.774803, 0.73654, 0.739943, 0.743345, 0, 0.787481, 0, 0.793151, 1.11041, 1.11268, 1.04088, 1.04371, 1.08096, 0, 0, 0, 1.00859, 0.799286, 0.80042, 1.04703, 1.0493, 0, 0, 0, 0, 0, 0, 0, 0, 0, 0, 0.752989, 0, 0, 0.904695, 0.906515, 0, 0.845457, 0.847725, 0, 0, 0.910383, 0, 0, 0, 0, 0, 0.891454, 0.894313, 1.10059, 1.28204, 1.04187, 0.837557, 0.840393, 1.55439, 1.31367, 1.3165, 1.35765, 1.36049, 0, 0.810934, 0.813769, 0, 0, 0, 0, 0, 0, 0.842903, 0.845739, 0, 0.736244, 0.739079, 0.799395, 1.00518, 1.27276, 1.10861, 1.24435, 1.12633, 1.01387, 0, 0, 0, 0, 0, 0, 0, 0, 0, 0, 0, 0, 0, 0, 0.867919, 0.870754, 1.54151, 1.54435, 1.91379, 1.56078, 1.7916, 1.7636, 1.76592, 0.952063, 0.953622, 1.07348, 0.900008, 0.902797, 0.977724, 0.980418, 0.718359, 0.860699, 0.86214, 0, 0.864243, 1.21273, 1.07465, 1.07819, 1.29517, 1.12546, 0.781835, 1.00162, 1.00445, 1.03741, 1.03967, 1.04251, 1.12097, 1.21769, 0.78877, 0.968759, 1.32793, 1.14887, 1.30738, 1.31021, 1.13295, 1.00691, 1.00989, 0.896929, 0.985856, 0.989164, 0.816092, 1.25318, 1.07047, 1.26783, 1.27067, 1.50678, 1.20641, 1.20953, 0.93106, 0.933896, 0.825511, 0.828299, 0.829645, 1.00517, 1.23398, 1.06171, 1.06356, 1.22428, 1.09463, 0.870286, 0.872271, 1.15621, 0.975806, 0.883447, 0.886283, 1.01966, 0.92061, 0.924154, 1.10767, 1.1098, 1.14893, 0.982427, 0.985829, 1.00596, 1.0088, 0.865375, 0.86821, 0.871045, 0.730867, 0.987021, 1.25833, 1.26117, 1.26429, 1.87834, 2.0413, 1.68817, 1.83079, 1.83434, 1.22648, 1.06627, 1.06825, 0.903883, 0.905442, 1.05586, 0.832243, 0.835078, 1.23032, 1.50259, 1.35628, 1.75038, 1.75308, 1.5966, 1.58069, 1.58355, 1.16283, 1.32751, 1.51248, 1.32435, 1.4654, 1.66239, 1.52807, 1.295, 1.42328, 1.22538, 1.02059, 1.02342, 1.02626, 1.15758, 1.51569, 1.87486, 1.87656, 1.88025, 1.63038, 1.45798, 0.943385, 1.29311, 1.2959, 1.50749, 1.67394, 2.06861, 2.06086, 2.0637, 2.10634, 1.76926, 1.50976, 1.22752, 1.39068, 1.31623, 1.47011, 1.26407, 1.35468, 1.19728, 1.08348, 1.21289, 1.57048, 1.61549, 1.61946, 1.62234, 1.37224, 1.10868, 0.836396, 1.01807, 1.20157, 1.2044, 1.20724, 1.36582, 1.18929, 1.01142, 1.01425, 1.36455, 1.21164, 1.42731, 1.43014, 1.43298, 1.31563, 1.31846, 1.17434, 1.35029, 1.61121,
0, 0.711568, 0.708657, 0, 0, 0, 0, 0, 0, 0, 0, 0, 0, 0, 0, 0, 0, 0, 0, 0, 0, 0, 0, 0, 0, 0, 0, 0, 0, 0, 0, 0, 0, 0, 0.801551, 0, 0, 0, 0, 0, 0, 0, 0, 0, 0, 0, 0, 0, 0, 0, 0, 0, 0, 0, 0, 0, 0, 0, 0, 0, 0, 0, 0, 0, 0, 0, 0, 0, 0, 0, 0, 0, 0, 0, 0, 0, 0, 0, 0, 0, 0, 0, 0, 0, 0, 0, 0, 0, 0, 0, 0, 0, 0, 0, 0, 0, 0, 0, 0, 0, 0, 0, 0, 0, 0, 0, 0, 0, 0, 0, 0, 0, 0, 0, 0, 0, 0, 0, 0, 0, 0.811104, 0, 0, 0, 0, 0, 0, 0, 0, 0, 0, 0, 0, 0, 0, 0, 0, 0, 0, 0, 0, 0, 0, 0, 0, 0, 0, 0, 0, 0, 0, 0, 0, 0, 0, 0, 0, 0, 0, 0, 0, 0, 0, 0, 0.842215, 0, 0, 0, 0, 0, 0, 0, 0, 0, 0, 0, 0, 0, 0, 0, 0, 0, 0, 0, 0, 0, 0, 0, 0, 0, 0, 0, 0, 0, 0, 0, 0, 0, 0, 0, 0, 0, 0, 0, 0, 0, 0, 0, 0, 0, 0, 0, 0, 0, 0, 0, 0, 0, 0, 0, 0, 0, 0, 0, 0, 0, 0, 0, 0, 0, 0, 0, 0, 0, 0, 0, 0, 0, 0, 0, 0, 0, 0, 0, 0, 0, 0, 0, 0, 0, 0, 0, 0, 0, 0, 0, 0, 0, 0, 0, 0, 0, 0, 0, 0, 0, 0, 0, 0, 0, 0, 0, 0, 0, 0, 0, 0, 0, 0, 0, 0, 0, 0, 0, 0, 0, 0, 0, 0, 0, 0, 0, 0, 0, 0, 0, 0, 0, 0, 0, 0, 0, 0, 0, 0, 0, 0, 0, 0, 0, 0, 0, 0, 0, 0, 0, 0, 0, 0, 0, 0, 0, 0, 0, 0, 0, 0, 0, 0, 0, 0, 0, 0, 0, 0,
0, 0.800173, 0.806509, 0, 0.752521, 0, 0, 0, 0, 0, 0, 0, 0, 0, 0, 0, 0, 0, 0, 0, 0, 0, 0, 0, 0.822104, 0.704759, 0.794655, 0, 0, 0, 0.767572, 0.870139, 0.960266, 0.965018, 1.18764, 0.777828, 0.72933, 0, 0.702005, 0, 0, 0, 0, 0.814082, 0.818042, 0.822002, 0.886251, 0.826866, 0, 0, 0, 0.833763, 0.836931, 1.01434, 0.756992, 0.946122, 0.730529, 0.802971, 0.795623, 0.797999, 0, 0.726489, 0.960915, 0.964875, 0.968835, 1.28143, 0.92941, 0.813839, 0.817766, 0.820934, 0, 0.86674, 0, 0.87466, 1.12293, 1.1261, 1.12892, 1.13288, 1.05049, 0.748915, 0.752875, 0, 0.982516, 0.892077, 0.893661, 1.10752, 1.11069, 0, 0.744074, 0.746153, 0, 0, 0, 0, 0, 0, 0, 0.824587, 0, 0, 1.01316, 1.01554, 0.717973, 0.955364, 0.958532, 0.71878, 0.72076, 1.02361, 0.792162, 0.796122, 0.800082, 0.804042, 0, 0.933856, 0.93775, 1.14531, 1.19605, 1.07294, 0.831756, 0.835716, 1.57386, 1.44247, 1.44643, 1.48888, 1.49284, 0, 0.894487, 0.898447, 0.77993, 0.78389, 0.78785, 0.74499, 0.74895, 0.75291, 0.970934, 0.974894, 0.726356, 0.98064, 0.9846, 0.953467, 1.15989, 1.31283, 1.22622, 1.30412, 1.16562, 1.16639, 0.814385, 0.81818, 0, 0, 0, 0, 0, 0, 0, 0, 0, 0, 0, 0, 1.03705, 1.04101, 1.71232, 1.71628, 2.26962, 1.91762, 2.06287, 1.87396, 1.87776, 1.06455, 1.06692, 1.18694, 1.08041, 1.08457, 1.16062, 1.16478, 0.903196, 1.06983, 1.07194, 0.840319, 1.07478, 1.42353, 1.26356, 1.26811, 1.4943, 1.31794, 0.975459, 1.19616, 1.20012, 1.24064, 1.24539, 1.24935, 1.3213, 1.33296, 0.952661, 1.06629, 1.37184, 1.2856, 1.44016, 1.44412, 1.26816, 1.2172, 1.22096, 1.10914, 1.19907, 1.20326, 1.0312, 1.46888, 1.28866, 1.50995, 1.51391, 1.6765, 1.45222, 1.45657, 1.15594, 1.1599, 1.05229, 1.05645, 1.05863, 1.24017, 1.46928, 1.29252, 1.295, 1.41134, 1.24204, 1.06651, 1.06928, 1.30644, 1.21314, 1.12194, 1.1259, 1.20555, 1.00951, 1.01189, 1.17044, 1.17599, 1.2548, 1.2013, 1.20546, 1.19839, 1.20235, 1.10996, 1.11392, 1.11788, 0.985945, 1.24251, 1.51636, 1.52032, 1.52402, 1.77338, 1.938, 1.92247, 2.09221, 2.09458, 1.51719, 1.334, 1.33677, 1.17271, 1.17489, 1.31012, 1.08758, 1.09154, 1.25309, 1.4671, 1.39767, 1.54155, 1.54432, 1.41001, 1.36335, 1.36662, 1.44307, 1.46017, 1.6238, 1.45955, 1.5719, 1.67446, 1.67892, 1.5177, 1.70267, 1.50664, 1.25829, 1.26225, 1.26621, 1.34169, 1.65554, 2.00418, 2.00656, 2.01171, 1.76307, 1.59209, 1.24552, 1.59616, 1.60032, 1.74892, 1.7813, 1.78483, 1.77824, 1.7822, 1.82619, 1.82679, 1.83023, 1.54228, 1.56004, 1.47162, 1.57175, 1.41909, 1.4433, 1.44733, 1.3499, 1.49563, 1.82327, 1.83904, 1.84458, 1.84834, 1.5999, 1.43911, 1.16817, 1.35076, 1.53523, 1.53919, 1.54315, 1.6353, 1.46043, 1.34941, 1.35337, 1.70421, 1.55445, 1.77138, 1.77534, 1.7793, 1.66163, 1.66559, 1.52352, 1.70649, 1.96863,
0, 0.78775, 0.78453, 0, 0.715568, 0, 0, 0, 0, 0, 0, 0, 0, 0, 0, 0, 0, 0, 0, 0, 0, 0, 0, 0, 0, 0, 0, 0, 0, 0, 0, 0, 0.704893, 0.700769, 0.916234, 0, 0, 0, 0, 0, 0, 0, 0, 0, 0, 0, 0, 0, 0, 0, 0, 0, 0, 0, 0, 0, 0, 0, 0, 0, 0, 0, 0, 0, 0, 0.750163, 0, 0, 0, 0, 0, 0, 0, 0, 0, 0, 0, 0, 0, 0, 0, 0, 0, 0, 0, 0, 0, 0, 0, 0, 0, 0, 0, 0, 0, 0, 0, 0, 0, 0, 0, 0, 0, 0, 0, 0, 0, 0, 0, 0, 0, 0, 0, 0, 0, 0, 0, 0, 0, 0, 0, 0, 0, 0, 0, 0, 0, 0, 0, 0, 0, 0, 0, 0, 0, 0, 0, 0, 0, 0, 0, 0, 0, 0, 0, 0, 0, 0, 0, 0, 0, 0, 0, 0, 0, 0, 0, 0, 0, 0, 0, 0, 0, 0, 0.991301, 0, 0.768233, 0, 0, 0, 0, 0, 0, 0, 0, 0, 0, 0, 0, 0, 0, 0, 0, 0, 0, 0, 0, 0, 0, 0, 0, 0, 0, 0, 0, 0, 0, 0, 0, 0, 0, 0, 0, 0, 0, 0, 0, 0, 0, 0, 0, 0, 0, 0, 0, 0, 0, 0, 0, 0, 0, 0, 0, 0, 0, 0, 0, 0, 0, 0, 0, 0, 0, 0, 0, 0, 0, 0, 0, 0, 0, 0, 0, 0, 0, 0, 0, 0, 0, 0, 0, 0, 0, 0, 0, 0, 0, 0, 0, 0, 0, 0, 0, 0, 0, 0, 0, 0, 0, 0, 0, 0, 0, 0, 0, 0, 0, 0, 0, 0, 0, 0, 0, 0, 0, 0, 0, 0, 0, 0, 0, 0, 0, 0, 0, 0, 0, 0, 0, 0, 0, 0, 0, 0, 0, 0, 0, 0, 0, 0, 0, 0, 0, 0, 0, 0, 0, 0, 0, 0, 0, 0, 0, 0, 0, 0, 0, 0, 0, 0, 0, 0, 0, 0, 0,
1.11373, 1.55202, 1.55627, 0.804133, 0.929297, 0.748541, 0.859999, 0.909133, 0.913864, 0.83985, 0.844581, 0, 0, 0, 0, 0, 0, 0, 0, 0, 0, 0, 1.22532, 1.22768, 1.58962, 1.47274, 1.56372, 0.755859, 0.759644, 0, 0.980883, 1.41801, 1.50883, 1.51262, 1.7358, 1.32826, 0.997523, 0.760395, 0.765127, 0, 0, 0, 0, 0.91982, 0.924552, 0.929283, 1.00535, 0.943851, 0, 0.944538, 0.94927, 1.17439, 1.18007, 1.35811, 0.837498, 1.50838, 1.29356, 1.37281, 1.36599, 1.37025, 0.855867, 0.853496, 1.01151, 1.01624, 1.02097, 1.11797, 0.879898, 1.54334, 1.54803, 1.55253, 1.40414, 1.67073, 0, 1.68019, 1.92797, 1.93247, 1.82898, 1.83372, 1.06265, 0.765966, 0.770698, 0, 1.16812, 0.956192, 0.959504, 1.11945, 1.12406, 0.700514, 0.83862, 0.841025, 0, 0, 0, 0, 0, 0, 0, 0.838788, 0.744519, 0.748304, 0.874109, 0.877579, 0, 0.90593, 0.91007, 0.707233, 0.709598, 0.923243, 0, 0.703471, 0.708203, 0.712935, 0.740238, 1.01398, 1.01776, 1.27956, 1.28476, 1.19284, 0.94799, 0.952722, 1.65872, 1.51217, 1.5169, 1.52492, 1.52966, 0, 0.918841, 0.923573, 0.800119, 0.804851, 0.809582, 0.841184, 0.845915, 0.850647, 1.06935, 1.07408, 0.826089, 1.82759, 1.83232, 1.80176, 2.00759, 2.16276, 2.07636, 2.15692, 1.79369, 1.79372, 1.44243, 1.44712, 0.933327, 0, 0, 0, 0, 0, 0, 0, 0, 0, 0.701429, 0.980565, 1.34046, 1.34519, 1.65383, 1.65857, 1.64157, 1.29028, 1.45109, 1.44668, 1.45138, 1.35445, 1.35635, 1.48374, 1.37707, 1.38177, 2.0328, 2.03745, 1.7769, 1.94379, 1.94639, 1.48953, 1.9497, 2.30418, 2.14356, 2.14743, 2.34144, 1.43225, 1.09078, 1.31035, 1.31508, 1.41511, 1.42008, 1.42481, 1.74964, 1.76205, 1.38367, 1.49866, 1.80417, 1.58342, 1.75502, 1.75975, 1.41105, 1.31588, 1.32069, 1.77714, 1.868, 1.87371, 1.70148, 2.14097, 1.62619, 1.65981, 1.66455, 1.75957, 1.60474, 1.60845, 1.30776, 1.31249, 1.95572, 1.96037, 1.96262, 2.14434, 2.37564, 2.19948, 2.20189, 2.2976, 1.69678, 1.51971, 1.52219, 1.76081, 1.45365, 1.28492, 1.28965, 1.34011, 1.25478, 1.26022, 1.51137, 1.51539, 1.59839, 1.54563, 1.55032, 1.40168, 1.40641, 1.47457, 1.47931, 1.48404, 1.34963, 2.16562, 2.4406, 2.44533, 2.4492, 2.69907, 1.90264, 1.83777, 2.55032, 2.55576, 1.97688, 2.03693, 2.04024, 1.33561, 1.33821, 1.5424, 1.34223, 1.34696, 1.52002, 1.76352, 1.60315, 1.67535, 1.67937, 1.54469, 2.3021, 2.30688, 2.38429, 2.40187, 2.50862, 1.64313, 1.66211, 1.75917, 1.7565, 1.63861, 2.0126, 1.89524, 1.64697, 1.6517, 1.65644, 2.29093, 2.60793, 2.95735, 2.96019, 2.96374, 1.96756, 1.97233, 1.62644, 1.97742, 1.98211, 2.13119, 2.08465, 2.08939, 2.08863, 2.09336, 2.79087, 2.79182, 2.75921, 2.50707, 2.52587, 1.73143, 1.83225, 1.71218, 1.76481, 1.7695, 1.64648, 2.46675, 2.7959, 2.81243, 2.81645, 2.82123, 1.82501, 1.66934, 1.3958, 1.60971, 1.9407, 1.94543, 1.95016, 2.04279, 1.86946, 1.64242, 1.64715, 1.9981, 1.78933, 2.10021, 2.10494, 2.10968, 1.95744, 1.96217, 1.7458, 2.66118, 2.92553,
1.11384, 1.16476, 1.17167, 0, 0, 0, 0.857506, 0.86237, 0.86669, 0.836177, 0.840497, 0, 0, 0, 0, 0, 0, 0, 0, 0, 0, 0, 1.2165, 1.21866, 1.24863, 1.13119, 1.2219, 0, 0, 0, 0, 0.986508, 0.990756, 0.99594, 1.21361, 1.16078, 0.786584, 0, 0, 0, 0, 0, 0, 0, 0, 0, 0, 0, 0, 0.890467, 0.894787, 1.08841, 1.09186, 1.0969, 0.750907, 1.24783, 1.04432, 1.07756, 1.07031, 1.0729, 0, 0, 0, 0, 0, 0.741905, 0.842277, 1.50628, 1.51053, 1.51399, 1.37606, 1.42321, 0, 1.43185, 1.52239, 1.52584, 1.63361, 1.63793, 0.859979, 0, 0, 0, 0.718249, 0, 0, 0, 0, 0, 0, 0, 0, 0, 0, 0, 0, 0, 0, 0, 0, 0, 0.987192, 0.989964, 0.833482, 1.04083, 1.04428, 0, 0, 0.885387, 0, 0, 0, 0, 0, 0.821888, 0.826244, 1.08683, 1.09763, 1.01147, 0.814863, 0.819183, 0.969531, 0.85016, 0.854479, 0.862822, 0.867142, 0, 0.946622, 0.950942, 0.827089, 0.831409, 0.835729, 0, 0, 0, 1.11892, 1.12324, 1.01613, 2.01746, 2.02178, 1.74794, 1.84408, 1.84681, 1.69253, 1.84007, 1.47174, 1.40812, 1.38575, 1.38982, 0.876047, 0, 0, 0, 0, 0, 0, 0, 0, 0, 0, 0.919175, 0.950253, 0.954573, 1.26218, 1.2665, 1.35941, 1.29423, 1.62145, 1.51768, 1.52215, 1.28921, 1.2918, 1.21472, 1.10898, 1.11323, 1.76385, 1.76795, 1.70934, 1.87649, 1.87869, 1.42148, 1.88189, 1.9785, 1.92121, 1.92646, 2.22289, 1.22786, 1.03597, 1.19592, 1.20024, 0.959921, 0.965105, 0.969425, 1.29322, 1.32104, 1.32539, 1.43934, 1.44468, 1.21513, 1.33201, 1.33633, 1.10936, 1.1254, 1.1298, 1.65499, 1.74519, 1.74958, 1.62227, 1.68522, 1.17267, 1.54416, 1.54848, 1.73475, 1.6294, 1.63357, 1.04591, 1.05023, 1.8726, 1.87685, 1.8789, 2.06071, 2.17869, 2.00207, 2.00487, 2.09907, 1.49722, 1.44959, 1.45261, 1.50397, 1.14952, 1.01335, 1.01767, 1.16507, 1.23753, 1.24012, 1.4912, 1.49725, 1.52458, 1.47141, 1.47566, 1.32682, 1.33114, 1.30421, 1.30853, 1.31285, 1.25614, 2.0721, 2.01658, 2.0209, 2.02565, 2.19371, 1.51503, 1.44974, 2.16113, 2.16372, 2.02767, 1.93946, 1.94248, 1.23737, 1.23974, 1.44378, 1.24296, 1.24728, 1.38886, 1.55462, 1.39546, 1.46747, 1.47049, 1.33669, 2.16492, 2.16881, 2.24346, 2.26116, 2.36881, 1.50197, 1.5127, 1.55662, 1.56148, 1.44436, 1.68333, 1.57066, 1.51148, 1.5158, 1.52012, 2.15496, 2.17791, 2.51768, 2.52027, 2.52588, 1.57312, 1.86154, 1.51574, 1.59245, 1.59681, 1.73902, 1.69243, 1.69629, 1.81747, 1.82179, 2.51952, 2.52052, 2.48865, 2.31107, 2.32866, 1.54351, 1.63476, 1.56204, 1.65732, 1.66157, 1.52047, 2.35786, 2.38016, 2.36164, 2.36768, 2.37208, 1.41925, 1.35396, 1.27436, 1.48802, 1.6665, 1.67082, 1.67514, 1.7401, 1.7422, 1.51825, 1.52257, 1.59932, 1.45982, 1.70061, 1.70493, 1.70925, 1.93329, 1.93761, 1.634, 2.63595, 2.90237,
Main Loop Time: 2.791
Number of Graph Matching Computed: 12395
Number of Zero Entries Cells: 8114
Number of Pruned Cells: 0
Number of Estimated Cells Above Threshold: 0
Number of Cells Above Threshold: 0
Env Time: 0.00143211
Dataloader Time: 0.0343734
FaissIndex Time: 0.0245341
Algorithm Time: 2.86691
