creating environment with lakes: /root/data/en/king_james_bible_para/8_15/, /root/data/en/esv_chapter/8/
1 text1_files listed
1 text2_files listed
Inverted Index Size: 483
Words: 238
Vector Size: 300
Normalized vector storage check
Index Trained: 1
Ntotal: 174
Sliding Window Computation time: 6.9267e-05
Out of dictionary words: 64
K: 174
NB: 174
Faiss Search Time: 0.0757383
size of I: 30276
Size of valid edges: 29238
Vector Size: 1500
Normalized vector storage check
Index Trained: 1
Ntotal: 72310
K: 72310
NB: 6
0, 0, 0, 0, 0, 0, 0, 0, 0, 0, 0, 0, 0, 1.13602, 1.13602, 1.04829, 1.19329, 1.19329, 0, 0, 0, 0, 0, 0, 0, 0, 0, 0, 0, 0, 0, 0, 0, 0, 0, 0, 0, 0, 0, 0, 0, 0, 0, 0, 0, 0, 0, 0, 0, 0, 0, 0, 0, 0, 0, 0, 0, 0, 0, 0, 0, 0, 0, 0, 0, 0, 0, 0, 0, 0, 0, 0, 0, 0, 0, 0, 0, 0, 0, 0, 0, 0, 0, 0, 0, 0, 0, 0, 0, 0, 0, 0, 0, 1.04549, 1.04549, 1, 1.04887, 1.06921, 0, 0, 0, 0, 0, 0, 0, 0, 0, 0, 0, 0, 0, 0, 0, 0, 0, 0, 0, 0, 0, 0, 0, 0, 0, 0, 0, 0, 0, 0, 0, 0, 0, 0, 0, 0, 0, 0, 0, 0, 0, 0, 0, 0, 0, 0, 0, 0, 0, 0, 0, 0, 0, 0, 0, 0, 0, 0, 0, 0, 0, 0, 0, 0, 0, 0, 0, 0, 0, 0, 1.10979, 1.10979, 1.10979, 1, 1, 0, 0, 0, 0, 0, 0, 0, 0, 0, 0, 0, 0, 0, 0, 0, 0, 0, 0, 0, 0, 0, 0, 0, 0, 0, 0, 0, 0, 0, 0, 0, 0, 0, 0, 0, 0, 0, 0, 0, 0, 0, 0, 0, 0.863905, 1.06138, 1.06138, 1.06138, 1.06138, 0, 0, 0, 0, 0, 0, 0, 0, 0, 0, 0, 0, 0, 0, 0, 0, 0, 0, 0, 0, 0, 1.13019, 1.12717, 1, 1.13781, 1.13781, 0, 0, 0, 0, 0, 0, 0, 1.18886, 1.18886, 1, 1.02917, 1.02917, 0, 0, 0, 0, 0, 0, 0, 0, 0, 0, 0, 0, 0, 0, 0, 0, 0, 0, 0, 0, 0, 0, 0, 0, 0, 0, 0, 0, 0, 0, 0, 0, 0, 0, 0, 0, 0, 0, 0, 0, 0, 0, 0, 0, 0, 0, 0, 0, 0, 0, 0, 0, 0, 0, 0, 0, 0, 0, 0, 0, 0, 0, 0, 1.1148, 1.1148, 1.1148, 1, 1, 0, 0, 0, 0, 0, 0, 0, 0, 0, 0, 0, 0, 0, 0, 0, 0, 0, 0, 0, 0, 0, 0, 0, 0, 0, 0, 0, 0, 0, 0, 0, 0, 0, 1.1268, 1.1268, 1, 1.06127, 1.06127, 0, 0, 0, 0, 0, 0, 0, 0, 0, 0, 0, 0, 0, 0, 0, 0, 0, 0, 0, 0, 0, 0, 0, 0, 0, 0, 0, 0, 0, 0, 0, 0, 0, 0, 0, 0, 0, 0, 0, 0, 0, 0, 0, 0, 0, 0, 0, 0, 0, 1.0822, 1.0822, 1.0822, 1, 1.14012, 0, 0, 0, 0, 0, 0, 0, 0, 0, 0, 0, 0, 0, 0, 0, 0, 0, 0, 0, 0, 0, 0, 0, 0, 0, 0, 0, 0, 0, 0, 0, 0, 0, 0, 0, 0, 0, 0, 0, 0, 0, 0, 0, 0, 0, 0, 0, 0, 0, 0, 0, 0, 0, 0, 0, 0, 0, 0, 0, 0, 0, 0, 0, 0, 0, 0, 0, 0, 0, 0, 0, 0, 0, 0, 0, 0, 0, 0, 0, 0, 0, 0, 0, 1.11593, 1.11593, 1, 1, 1.13243, 0, 0, 0, 0, 0, 0, 0, 0, 0, 0, 0, 0, 0, 0, 0, 0, 0, 0, 0, 0, 0, 0, 0, 0, 0, 0, 0, 0, 0, 0, 0, 0, 0, 0, 0, 0, 0, 0, 0, 0, 0, 0, 0, 0, 0, 0, 0, 0, 0, 0, 0, 0, 0, 0, 0, 0, 0, 0.742248, 0.742248, 0.742248, 0, 0, 0, 0, 0, 0, 0, 0, 0, 0, 0, 0, 0, 0, 0, 0, 0, 0, 0, 0, 1.09503, 1.09503, 2, 2, 2, 1.11931, 1.11931, 0, 0, 0, 0, 0, 0, 0, 0, 0, 0, 0, 0, 0, 0, 0, 0, 0, 0, 0, 0, 0, 0, 0, 0, 0, 1.25715, 1.25715, 1.15825, 1.15825, 1.15825, 0, 0, 0, 0, 0, 0, 0, 0, 0, 0, 0, 1.03348, 1.03348, 1.15504, 1.15504, 1.15504, 1.15504, 1.15504, 1.12971, 1.12971, 1.12971,
0, 0, 0, 0, 0, 0, 0, 0, 0.798101, 0, 0.775564, 0, 0, 1.16688, 1.16809, 1.12751, 1.32287, 1.3248, 0, 0.863585, 0, 0, 0, 0, 0, 0, 0, 0, 0, 0, 0, 0, 0, 0, 0, 0, 0, 0, 0, 0, 0, 0, 0, 0, 0.718384, 0, 0, 0, 0, 0, 0.839498, 0.84089, 0.842497, 0.844639, 0.835591, 0, 0.728257, 0.730399, 0.899409, 0.829703, 0.831524, 0, 0, 0, 0, 0, 0, 0, 0, 0, 0, 0, 0, 0, 0, 0, 0, 0, 0, 0, 0, 0.846138, 0.84828, 0.851262, 0.790723, 0.79208, 0, 0, 0, 0, 0, 0, 0, 1.23485, 1.23696, 1.19344, 1.45446, 1.52486, 0, 0, 0.856602, 0.879733, 0.851084, 1.14301, 1.14451, 0.962851, 0.822076, 0.823148, 0.803689, 0, 0, 0, 0, 0, 0, 0, 0, 0, 0, 0, 0, 0, 0, 0, 0, 0, 0, 0.724544, 0.702442, 0, 0, 0.727685, 0, 0.763325, 0.765468, 0.76761, 0.860664, 0.715594, 0, 0, 0.803495, 0, 0, 0.873608, 0.992903, 0.800246, 0.864045, 0.865741, 0, 0, 0, 0, 0, 0, 0, 0.842343, 0.844485, 0.982235, 0.938659, 1.01723, 0, 0, 0, 0, 0, 0, 0, 0, 1.45039, 1.45125, 1.45336, 1.34575, 1.34746, 0, 0, 0, 0, 0.727052, 0.729212, 0, 0, 0, 0, 0, 0.733805, 0.735947, 0.944592, 0.837601, 0.8406, 0.901209, 0.903351, 0, 1.0397, 1.04138, 0.802247, 0.804389, 0.806531, 0, 0, 0.765938, 0.76808, 1.00198, 0.824528, 0.826778, 0.881709, 0.883851, 0.913294, 0.984501, 0.986643, 0.834731, 0.89927, 0.93299, 0.886094, 0.867514, 1.02919, 0.977407, 1.35466, 1.612, 1.61425, 1.5681, 1.71828, 1.19369, 0.889985, 1.04779, 1.04993, 1.23832, 1.07361, 1.07529, 0.908827, 1.00772, 0, 0, 0, 0, 0, 0, 0, 0, 0.767484, 0.898441, 0.900583, 0.797812, 1.79954, 1.67171, 1.49892, 1.63875, 1.72695, 0.730791, 0.731969, 0.866387, 0.751783, 0.836988, 0.839023, 0.840737, 1.7273, 1.72944, 1.52334, 1.62324, 1.62445, 0, 0.886995, 0.888637, 0.968618, 0.97076, 0.972474, 0.715984, 1.0593, 1.05151, 1.05369, 1.05583, 1.17778, 0.957529, 0.83314, 0.835283, 0.936185, 0.768462, 0, 0.92127, 0.922912, 0.979036, 0.981178, 0.98332, 1.06635, 1.18343, 1.18452, 1.18666, 1.18844, 0.932561, 1.1192, 1.06386, 1.06564, 1.18098, 1.18312, 0.981431, 0.951298, 0.95344, 0.783609, 0.866076, 0.874704, 0.774028, 0.77617, 0.778313, 0.708253, 0, 0.906303, 0.908445, 0.910587, 0.989302, 1.20075, 1.02386, 1.02611, 1.14848, 1.01567, 0.917757, 0.999775, 1.00192, 0.842707, 0.844849, 1.14236, 1.2272, 1.34364, 1.34621, 1.9753, 1.97744, 1.85492, 1.82078, 1.82199, 0.963439, 1.05, 1.05105, 0.84392, 0.870347, 0.872204, 0.763389, 0.846934, 0.849005, 1.03694, 1.03909, 1.13518, 1.10366, 1.13925, 1.10452, 1.10604, 0.89209, 0.894661, 0.788282, 0.790532, 0.868874, 0.77932, 0.781462, 0.783604, 1.17842, 1.11983, 1.12154, 1.12325, 1.2311, 0.825566, 0.938155, 0.940297, 0.942439, 1.85429, 1.85643, 1.73188, 1.79529, 1.797, 0.814237, 0.920867, 0.922188, 0.84747, 0.921915, 0.924378, 0.821247, 0.921721, 0.923863, 1.11153, 1.18277, 1.18492, 1.30171, 1.30385, 1.04736, 0.918937, 1.26183, 1.30254, 1.47138, 1.47353, 1.47567, 1.17612, 1.00557, 0.929047, 0.930761, 1.13173, 1.23412, 1.30243, 1.30457, 1.42822, 1.4138, 1.41594, 1.23785, 1.3588, 1.13403, 0.941367, 1.28383, 1.45752, 1.41168, 1.41382, 1.41596, 1.34219, 1.28434, 1.28157, 1.28372, 1.28586, 1.35195, 1.34706, 1.26398, 2.17976, 2.18105, 1.92322, 1.84327, 1.985, 1.14737, 1.14951, 1.29004, 1.29218, 1.23677, 1.14719, 1.26801, 1.13364, 1.24556, 1.22647, 1.36475, 1.24437, 1.24544, 1.2491, 1.25087, 1.26046, 1.45973, 1.46187, 1.23106, 1.59384, 1.52694, 1.38629, 1.38843, 1.53504, 1.27896, 1.28089, 1.33541, 1.33755, 1.39109, 1.35271, 1.3541, 1.21058, 1.4143, 1.22906, 1.33676, 1.3389, 1.50961, 1.42605, 1.42787, 1.39687, 1.39901, 1.3783, 1.19038, 1.30171, 1.37295, 1.3751, 1.32795, 1.43116, 1.38371, 1.28413, 1.28552, 1.39178, 1.29259, 1.13501, 1.13715, 1.13929, 1.05047, 1.00948, 1.24769, 1.25069, 1.30915, 1.30144, 1.30326, 1.06887, 1.14829, 1.08432, 1.08539, 1.08652, 1.11875, 1.02999, 1.03213, 1.18558, 1.18772, 1.28153, 1.36513, 1.36685, 1.34047, 1.34217, 1.2891, 1.20093, 1.55624, 1.51282, 1.42868, 2.18374, 2.18588, 2.01465, 2.01679, 2.1753, 1.17871, 1.18085, 1.3923, 1.39444, 1.30918, 1.54569, 1.54783, 1.38937, 1.70464, 1.60075, 1.3556, 1.48449, 1.7007, 1.45455, 1.45702, 1.6856, 1.69226, 1.49277, 1.49492, 1.61586, 1.3911, 1.19843, 1.54089, 1.71459, 1.70609, 1.70823, 1.71016, 1.42506, 1.37408, 1.31096, 1.65386, 1.65748, 1.58279, 1.58415, 1.69589, 1.38836, 1.29805, 1.30019, 1.51306, 1.36346, 1.50951, 1.46288, 1.63866, 1.72099, 1.7227, 1.58047, 1.58304, 1.44453, 1.35523, 1.35658, 1.61693, 1.61814, 1.5846, 1.79881, 1.80052, 1.96635, 1.96849, 2.07864, 1.88555, 1.88769, 1.73693, 2.00362, 1.7139, 1.71604, 1.71819, 1.69385, 1.40913, 1.57915, 1.69167, 1.69381, 1.78239, 1.784, 1.73617, 1.7077, 1.70957, 1.47842, 1.66921, 1.67135, 1.89028, 1.89242, 2.68428, 2.63956, 3.6416, 3.19245, 4.194, 3.19656, 3.24485, 2.45524, 2.50352, 1.8729, 1.87398, 1.57959, 1.60552, 1.43642, 1.43739, 1.55666, 1.59956, 1.73112, 1.73326, 1.91687, 1.88902, 1.89159, 1.71418, 1.7947, 1.60884, 1.46823, 1.47037, 2.46376, 2.29762, 2.49441, 2.59661, 2.59853, 2.90364, 2.90589, 2.64123, 2.60814, 2.60969, 1.75093, 1.75211, 1.674, 1.67607, 1.67821, 1.8567, 1.85884, 1.68325, 1.77168, 1.79966, 1.56001, 2.38455, 2.38626, 2.58321, 2.58538, 2.58795, 2.5901, 2.59224, 2.41827, 2.42041, 2.42213,
0, 0, 0, 0, 0, 0, 0, 0, 0, 0, 0, 0, 0, 0, 0, 0, 0, 0, 0, 0, 0, 0, 0, 0, 0, 0, 0, 0, 0, 0, 0, 0, 0, 0, 0, 0, 0, 0, 0, 0, 0, 0, 0, 0, 0, 0, 0, 0, 0, 0, 0, 0, 0, 0, 0, 0, 0, 0, 0, 0, 0, 0, 0, 0, 0, 0, 0, 0, 0, 0, 0, 0, 0, 0, 0, 0, 0, 0, 0, 0, 0, 0, 0, 0, 0, 0, 0, 0, 0, 0, 0, 0, 0, 0, 0, 0, 0, 0, 0, 0, 0, 0, 0, 0, 0, 0, 0, 0, 0, 0, 0, 0, 0, 0, 0, 0, 0, 0, 0, 0, 0, 0, 0, 0, 0, 0, 0, 0, 0, 0, 0, 0, 0, 0, 0, 0, 0, 0, 0, 0, 0, 0, 0, 0, 0, 0, 0, 0, 0, 0, 0, 0, 0, 0, 0, 0, 0, 0, 0, 0, 0, 0, 0, 0, 0, 0, 0, 0, 0, 0, 0, 0, 0, 0, 0, 0, 0, 0, 0, 0, 0, 0, 0, 0, 0, 0, 0, 0, 0, 0, 0, 0, 0, 0, 0, 0, 0, 0, 0, 0, 0, 0, 0, 0, 0, 0, 0, 0, 0, 0, 0, 0, 0, 0, 0, 0, 0, 0, 0, 0, 0, 0, 0, 0, 0, 0, 0, 0, 0, 0, 0, 0, 0, 0, 0, 0, 0, 0, 0, 0, 0, 0, 0, 0, 0, 0, 0, 0, 0, 0, 0, 0, 0, 0, 0, 0, 0, 0, 0, 0, 0, 0, 0, 0, 0, 0, 0, 0, 0, 0, 0, 0, 0, 0, 0, 0, 0, 0, 0, 0, 0, 0, 0, 0, 0, 0, 0, 0, 0, 0, 0, 0, 0, 0, 0, 0, 0, 0, 0, 0, 0, 0, 0, 0, 0, 0, 0, 0, 0, 0, 0, 0, 0, 0, 0, 0, 0, 0, 0, 0, 0, 0, 0, 0, 0, 0, 0, 0, 0, 0, 0, 0, 0, 0, 0, 0, 0, 0, 0, 0, 0, 0, 0, 0, 0, 0, 0, 0, 0, 0, 0, 0, 0, 0, 0, 0, 0, 0, 0, 0, 0, 0, 0, 0, 0, 0, 0, 0, 0, 0, 0, 0, 0, 0, 0, 0, 0, 0, 0, 0, 0, 0, 0, 0, 0, 0, 0, 0, 0, 0, 0, 0, 0, 0, 0, 0, 0, 0, 0, 0, 0, 0, 0, 0, 0, 0, 0, 0, 0, 0, 0, 0, 0, 0, 0, 0, 0, 0, 0, 0, 0, 0, 0, 0, 0, 0, 0, 0, 0, 0, 0, 0, 0, 0, 0, 0, 0, 0, 0, 0, 0, 0, 0, 0, 0, 0, 0, 0, 0, 0, 0, 0, 0, 0, 0, 0, 0, 0, 0, 0, 0, 0, 0, 0, 0, 0, 0, 0, 0, 0, 0, 0, 0, 0, 0, 0, 0, 0, 0, 0, 0, 0, 0, 0, 0, 0, 0, 0, 0, 0, 0, 0, 0, 0, 0, 0, 0, 0, 0, 0, 0, 0, 0, 0, 0, 0, 0, 0, 0, 0, 0, 0, 0, 0, 0, 0, 0, 0, 0, 0, 0, 0, 0, 0, 0, 0, 0, 0, 0, 0, 0, 0, 0, 0, 0, 0, 0, 0, 0, 0, 0, 0, 0, 0, 0, 0, 0, 0, 0, 0, 0, 0, 0, 0, 0, 0, 0, 0, 0, 0, 0, 0, 0.77333, 0.77357, 0.773278, 0, 0, 0.718855, 0.719099, 0, 0, 0, 0, 0, 0, 0, 0, 0, 0, 0, 0, 0, 0, 0, 0, 0, 0, 0, 0, 1.58495, 1.25305, 2.13391, 2.13404, 2.13435, 1.39139, 1.39144, 0.779791, 0.779903, 0, 0, 0, 0, 0, 0, 0, 0, 0, 0, 0, 0, 0, 0, 0, 0, 1.20075, 1.20099, 1.39575, 1.39596, 1.39621, 0.848751, 0.848995, 0, 0, 0, 0, 0, 0, 0, 0, 0, 0, 0, 0, 0, 0, 0, 0, 0, 0, 0, 0, 0, 0, 0, 0,
0, 0, 0, 0, 0, 0, 0, 0, 0, 0, 0, 0, 0, 0, 0, 0, 0, 0, 0, 0, 0, 0, 0, 0, 0, 0, 0, 0, 0, 0, 0, 0, 0, 0, 0, 0, 0, 0, 0, 0, 0, 0, 0, 0, 0, 0, 0, 0, 0, 0, 0, 0, 0, 0, 0, 0, 0, 0, 0, 0, 0, 0, 0, 0, 0, 0, 0, 0, 0, 0, 0, 0, 0, 0, 0, 0, 0, 0, 0, 0, 0, 0, 0, 0, 0, 0, 0, 0, 0, 0, 0, 0, 0, 0, 0, 0, 0, 0, 0, 0, 0, 0, 0, 0, 0, 0, 0, 0, 0, 0, 0, 0, 0, 0, 0, 0, 0, 0, 0, 0, 0, 0, 0, 0, 0, 0, 0, 0, 0, 0, 0, 0, 0, 0, 0, 0, 0, 0, 0, 0, 0, 0, 0, 0, 0, 0, 0, 0, 0, 0, 0, 0, 0, 0, 0, 0, 0, 0, 0, 0, 0, 0, 0, 0, 0, 0, 0, 0, 0, 0, 0, 0, 0, 0, 0, 0, 0, 0, 0, 0, 0, 0, 0, 0, 0, 0, 0, 0, 0, 0, 0, 0, 0, 0, 0, 0, 0, 0, 0, 0, 0, 0, 0, 0, 0, 0, 0, 0, 0, 0, 0, 0, 0, 0, 0, 0, 0, 0, 0, 0, 0, 0, 0, 0, 0, 0, 0, 0, 0, 0, 0, 0, 0, 0, 0, 0, 0, 0, 0, 0, 0, 0, 0, 0, 0, 0, 0, 0, 0, 0, 0, 0, 0, 0, 0, 0, 0, 0, 0, 0, 0, 0, 0, 0, 0, 0, 0, 0, 0, 0, 0, 0, 0, 0, 0, 0, 0, 0, 0, 0, 0, 0, 0, 0, 0, 0, 0, 0, 0, 0, 0, 0, 0, 0, 0, 0, 0, 0, 0, 0, 0, 0, 0, 0, 0, 0, 0, 0, 0, 0, 0, 0, 0, 0, 0, 0, 0, 0, 0, 0, 0, 0, 0, 0, 0, 0, 0, 0, 0, 0, 0, 0, 0, 0, 0, 0, 0, 0, 0, 0, 0, 0, 0, 0, 0, 0, 0, 0, 0, 0, 0, 0, 0, 0, 0, 0, 0, 0, 0, 0, 0, 0, 0, 0, 0, 0, 0, 0, 0, 0, 0, 0, 0, 0, 0, 0, 0, 0, 0, 0, 0, 0, 0, 0, 0, 0, 0, 0, 0, 0, 0, 0, 0, 0, 0, 0, 0, 0, 0, 0, 0, 0, 0, 0, 0, 0, 0, 0, 0, 0, 0, 0, 0, 0, 0, 0, 0, 0, 0, 0, 0, 0, 0, 0, 0, 0, 0, 0, 0, 0, 0, 0, 0, 0, 0, 0, 0, 0, 0, 0, 0, 0, 0, 0, 0, 0, 0, 0, 0, 0, 0, 0, 0, 0, 0, 0, 0, 0, 0, 0, 0, 0, 0, 0, 0, 0, 0, 0, 0, 0, 0, 0, 0, 0, 0, 0, 0, 0, 0, 0, 0, 0, 0, 0, 0, 0, 0, 0, 0, 0, 0, 0, 0, 0, 0, 0, 0, 0, 0, 0, 0, 0, 0, 0, 0, 0, 0, 0, 0, 0, 0, 0, 0, 0, 0, 0, 0, 0, 0, 0, 0, 0, 0, 0, 0, 0, 0, 0, 0, 0, 0, 0, 0, 0, 0, 0, 0, 0, 0, 0, 0, 0, 0, 0, 0, 0, 0, 0, 0, 0, 0, 0, 0, 0, 0, 0, 0, 0, 0, 0, 0, 0, 0, 0, 0, 0, 0, 0, 0, 0, 0, 0, 0, 0, 0, 0, 0, 0, 0, 0, 0, 0, 0, 0, 0, 0, 0, 0, 0, 0, 0, 0, 0, 0, 0, 0, 0, 0, 0, 0, 0, 0, 0, 0, 0, 0, 0, 0, 0, 0, 0, 0, 0, 0, 0, 0, 0, 0, 0, 0, 0, 0, 0, 0, 0, 0, 0, 0, 0, 0, 0, 0, 0, 0, 0, 0, 0, 0, 0, 0, 0, 0, 0, 0, 0,
0, 0, 0, 0, 0, 0, 0, 0, 0, 0, 0, 0, 0, 0, 0, 0, 0, 0, 0, 0, 0, 0, 0, 0, 0, 0, 0, 0, 0, 0, 0, 0, 0, 0, 0, 0, 0, 0, 0, 0, 0, 0, 0, 0, 0, 0, 0, 0, 0, 0, 0, 0, 0, 0, 0, 0, 0, 0, 0, 0, 0, 0, 0, 0, 0, 0, 0, 0, 0, 0, 0, 0, 0, 0, 0, 0, 0, 0, 0, 0, 0, 0, 0, 0, 0, 0, 0, 0, 0, 0, 0, 0, 0, 0, 0, 0, 0, 0, 0, 0, 0, 0, 0, 0, 0, 0, 0, 0, 0, 0, 0, 0, 0, 0, 0, 0, 0, 0, 0, 0, 0, 0, 0, 0, 0, 0, 0, 0, 0, 0, 0, 0, 0, 0, 0, 0, 0, 0, 0, 0, 0, 0, 0, 0, 0, 0, 0, 0, 0, 0, 0, 0, 0, 0, 0, 0, 0, 0, 0, 0, 0, 0, 0, 0, 0, 0, 0, 0, 0, 0, 0, 0, 0, 0, 0, 0, 0, 0, 0, 0, 0, 0, 0, 0, 0, 0, 0, 0, 0, 0, 0, 0, 0, 0, 0, 0, 0, 0, 0, 0, 0, 0, 0, 0, 0, 0, 0, 0, 0, 0, 0, 0, 0, 0, 0, 0, 0, 0, 0, 0, 0, 0, 0, 0, 0, 0, 0, 0, 0, 0, 0, 0, 0, 0, 0, 0, 0, 0, 0, 0, 0, 0, 0, 0, 0, 0, 0, 0, 0, 0, 0, 0, 0, 0, 0, 0, 0, 0, 0, 0, 0, 0, 0, 0, 0, 0, 0, 0, 0, 0, 0, 0, 0, 0, 0, 0, 0, 0, 0, 0, 0, 0, 0, 0, 0, 0, 0, 0, 0, 0, 0, 0, 0, 0, 0, 0, 0, 0, 0, 0, 0, 0, 0, 0, 0, 0, 0, 0, 0, 0, 0, 0, 0, 0, 0, 0, 0, 0, 0, 0, 0, 0, 0, 0, 0, 0, 0, 0, 0, 0, 0, 0, 0, 0, 0, 0, 0, 0, 0, 0, 0, 0, 0, 0, 0, 0, 0, 0, 0, 0, 0, 0, 0, 0, 0, 0, 0, 0, 0, 0, 0, 0, 0, 0, 0, 0, 0, 0, 0, 0, 0, 0, 0, 0, 0, 0, 0, 0, 0, 0, 0, 0, 0, 0, 0, 0, 0, 0, 0, 0, 0, 0, 0, 0, 0, 0, 0, 0, 0, 0, 0, 0, 0, 0, 0, 0, 0, 0, 0, 0, 0, 0, 0, 0, 0, 0, 0, 0, 0, 0, 0, 0, 0, 0, 0, 0, 0, 0, 0, 0, 0, 0, 0, 0, 0, 0, 0, 0, 0, 0, 0, 0, 0, 0, 0, 0, 0, 0, 0, 0, 0, 0, 0, 0, 0, 0, 0, 0, 0, 0, 0, 0, 0, 0, 0, 0, 0, 0, 0, 0, 0, 0, 0, 0, 0, 0, 0, 0, 0, 0, 0, 0, 0, 0, 0, 0, 0, 0, 0, 0, 0, 0, 0, 0, 0, 0, 0, 0, 0, 0, 0, 0, 0, 0, 0, 0, 0, 0, 0, 0, 0, 0, 0.751817, 0.752297, 0, 0, 0, 0, 0, 0, 0, 0, 0, 0, 0, 0, 0, 0, 0, 0, 0, 0, 0, 0, 0, 0, 0, 0, 0, 0, 0, 0, 0, 0, 0, 0, 0, 0, 0, 0, 0, 0, 0, 0, 0, 0, 0, 0.765493, 0.765885, 0, 0, 0, 0, 0, 0, 0, 0, 0.737913, 0.873324, 0.873763, 0.874243, 0.874723, 0, 0, 0, 0, 0, 0, 0, 0, 0, 0, 0, 0, 0, 0.921125, 0.921605, 0.92195, 0.796487, 0.975504, 0, 1.525, 1.5253, 2.26831, 2.26847, 2.26856, 1.50693, 1.50716, 0.749665, 0.750327, 0, 0, 0, 0, 0.735103, 0.735583, 0.780671, 0.781007, 0.781511, 0, 0, 0, 0, 0, 1.33289, 1.33339, 2.27719, 2.27761, 2.27811, 1.43573, 1.43631, 0.789926, 0, 0, 0.892913, 0.893169, 0, 0, 0, 0, 0, 0, 0, 0, 0, 0, 0, 0.824254, 0.824734, 0.825238, 0.825718, 0.826198, 0, 0, 0,
0, 0.744664, 0.746052, 0, 0, 0, 0, 0, 0, 0, 0, 0, 0, 0, 0, 0, 0, 0, 0, 0, 0, 0, 0, 0, 0, 0, 0, 0, 0, 0, 0, 0, 0, 0, 0, 0, 0, 0, 0, 0, 0, 0, 0, 0, 0, 0, 0, 0, 0, 0, 0, 0, 0, 0, 0, 0, 0, 0, 0, 0.704404, 0.705821, 0, 0, 0, 0, 0, 0, 0, 0, 0, 0.700652, 0.701694, 0.83142, 0, 0, 0, 0, 0, 0, 0, 0, 0, 0, 0, 0, 0, 0, 0, 0, 0, 0, 0, 0, 0, 0, 0, 0, 0.712774, 0, 0, 0.882821, 0.934367, 0, 0.793651, 0.794609, 0.78264, 0, 0.712877, 0.714335, 0, 0, 0, 0, 0, 0, 0, 0, 0, 0, 0, 0, 0, 0, 0, 0, 0, 0, 0.736103, 0, 0, 0, 0, 0, 0.716257, 0.717923, 0.719589, 0.73965, 0, 0, 0, 0.761752, 0, 0, 0.750222, 0.880814, 0, 0.922232, 0.923621, 0.759411, 0, 0, 0, 0, 0, 0, 0.768025, 0.769691, 0.896597, 0.735898, 0.96744, 0.703147, 0.78733, 0, 0, 0, 0, 0, 0, 0, 0, 0, 0, 0, 0, 0, 0, 0, 0, 0, 0, 0, 0, 0, 0, 0.723889, 0.725556, 1.00486, 0.807396, 0.808812, 0.754438, 0.756104, 0, 0, 0, 0, 0, 0, 0, 0, 0.748884, 0.750551, 0.890515, 0, 0, 0.795738, 0.797404, 0.809705, 0.964701, 0.966367, 0.851158, 0.960016, 0.869638, 0.794543, 0.716239, 0.817369, 0, 0, 0.948094, 0.949844, 0.864571, 1.18593, 1.22125, 0.840248, 0.997064, 0.99873, 0.928356, 0.761874, 0.763235, 0, 0.773007, 0, 0, 0, 0, 0, 0, 0, 0, 0.710717, 0.910159, 0.911825, 0.767493, 0.888219, 0.703961, 0, 0, 0.810041, 0.707621, 0.708801, 0.830533, 0.727252, 0.83849, 0.84049, 0.842489, 0.82809, 0.829756, 0, 0.885672, 0.886616, 0.768946, 1.02951, 1.03079, 0.856933, 0.8586, 0.859933, 0, 0.842334, 0.78814, 0.789779, 0.791445, 0.935744, 0.815337, 0.720814, 0.722481, 0.988145, 0.868886, 0.795607, 1.05617, 1.05745, 0.830637, 0.832303, 0.833969, 0.814037, 0.911892, 0.985131, 0.986797, 0.988227, 0.861484, 0.986649, 0.905818, 0.907317, 0.991937, 0.993604, 0.804542, 0.937889, 0.939556, 0.736333, 0.855106, 0.926426, 0.712303, 0.713969, 0.715636, 0.722389, 0, 0.784575, 0.786241, 0.787907, 0, 0.940961, 0.826912, 0.828661, 1.00402, 0.942017, 0.786633, 0.825457, 0.827124, 0.727789, 0.729455, 0.735994, 0.853193, 0.968414, 0.969997, 1.00008, 1.00175, 0.787095, 0.780367, 0.781312, 0, 0.827035, 0.827854, 0, 0.716489, 0.717933, 0, 0.716994, 0.718438, 0.764526, 0.766192, 0.866379, 0.726278, 0.869545, 0.78576, 0.787509, 0.862689, 0.864688, 0.784375, 0.786125, 0.838881, 0, 0, 0, 0.782847, 0.74885, 0.7506, 0.752238, 0.85262, 0, 0.850638, 0.852305, 0.853971, 0.874287, 0.875953, 0, 0.74182, 0.743153, 0, 0.725865, 0.726615, 0, 0.733597, 0.734597, 0, 0.980267, 0.981934, 1.20417, 1.36292, 1.36458, 1.13777, 1.13944, 0.881872, 0.726456, 0.966089, 1.05846, 1.15632, 1.15798, 1.15965, 1.00809, 0.83846, 0.821148, 0.823148, 0.869648, 0.927666, 1.0649, 1.04872, 1.18535, 1.18685, 1.13573, 1.03254, 1.1564, 0.93132, 0.752466, 0.991765, 1.18376, 1.32551, 1.32718, 1.32884, 1.28905, 1.1502, 1.08841, 1.09008, 1.09175, 1.11025, 1.1594, 1.04247, 1.09016, 1.09133, 0.905245, 0.775323, 1.01889, 1.05432, 1.05598, 1.19694, 1.19861, 1.21722, 1.12703, 1.36214, 1.22518, 1.27847, 1.07191, 1.17117, 0.945764, 0.946597, 0.977934, 0.979934, 0.922655, 1.04047, 1.04214, 0.933361, 1.05812, 0.990734, 1.12799, 1.12966, 1.21956, 1.0838, 1.0853, 1.16325, 1.16491, 1.22267, 1.23342, 1.2345, 0.995269, 1.19063, 1.05799, 1.08488, 1.08654, 1.27885, 1.34493, 1.34635, 1.31533, 1.317, 1.27839, 1.02, 1.13568, 1.29443, 1.29609, 1.14656, 1.34836, 1.33667, 1.20799, 1.20907, 1.34395, 1.26835, 1.02584, 1.02751, 1.02918, 0.988583, 0.869523, 1.10842, 1.10984, 1.20925, 1.08741, 1.0887, 0.853801, 1.02415, 0.927403, 0.928236, 0.929111, 0.965032, 0.892364, 0.89403, 1.04774, 1.04941, 1.21984, 1.40847, 1.4098, 1.31021, 1.34843, 1.17797, 1.06851, 1.23409, 1.09194, 0.958758, 1.05972, 1.06139, 0.908629, 0.910295, 1.10592, 0.989189, 0.990855, 1.22858, 1.23024, 1.26081, 1.5099, 1.51157, 1.25441, 1.45078, 1.26578, 1.0056, 1.13173, 1.20841, 1.03314, 1.03505, 1.22062, 1.31886, 1.23083, 1.23249, 1.35636, 1.13128, 0.952424, 1.19172, 1.38371, 1.49919, 1.50086, 1.50236, 1.3952, 1.30235, 1.14883, 1.33564, 1.3452, 1.26251, 1.26357, 1.37993, 1.21199, 1.13522, 1.13689, 1.14805, 1.07115, 1.14074, 1.1424, 1.16264, 1.24285, 1.24419, 1.04845, 1.05045, 1.18691, 1.12719, 1.12823, 1.38879, 1.38975, 1.42131, 1.53153, 1.53286, 1.51069, 1.51235, 1.30719, 1.12433, 1.126, 1.37345, 1.55286, 1.51088, 1.51255, 1.51422, 1.32309, 1.10824, 1.23368, 1.42445, 1.42612, 1.34028, 1.34136, 1.26912, 1.23382, 1.23515, 1.15033, 1.35616, 1.35783, 1.58939, 1.59106, 1.62677, 1.45433, 1.6827, 1.30408, 2.23457, 2.1882, 2.9678, 2.93212, 3.72438, 2.72483, 2.72561, 1.9686, 2.06191, 1.42186, 1.42261, 1.54352, 1.5173, 1.55927, 1.56093, 1.63469, 1.63087, 1.63287, 1.36472, 1.44729, 1.33566, 1.20121, 1.20288, 2.1883, 2.01649, 2.96144, 3.13191, 3.13382, 2.25451, 2.25626, 1.55453, 1.3918, 1.393, 1.58624, 1.58707, 1.39074, 1.3922, 1.39386, 1.33265, 1.33432, 1.15677, 1.37368, 1.5715, 1.40031, 1.52053, 1.52187, 1.79305, 1.5313, 1.5333, 1.53497, 1.53664, 1.35659, 1.35825, 1.35959,
Main Loop Time: 3.98648
Number of Graph Matching Computed: 3870
Number of Zero Entries Cells: 2764
Number of Pruned Cells: 0
Number of Estimated Cells Above Threshold: 0
Number of Cells Above Threshold: 0
Env Time: 0.00162864
Dataloader Time: 0.0389259
FaissIndex Time: 0.0241761
Algorithm Time: 4.08401
