creating environment with lakes: /root/data/en/king_james_bible_para/7_8/, /root/data/en/esv_chapter/7/
1 text1_files listed
1 text2_files listed
Inverted Index Size: 320
Words: 150
Vector Size: 300
Normalized vector storage check
Index Trained: 1
Ntotal: 95
Sliding Window Computation time: 4.6701e-05
Out of dictionary words: 55
K: 95
NB: 95
Faiss Search Time: 0.0662338
size of I: 9025
Size of valid edges: 8766
Vector Size: 1500
Normalized vector storage check
Index Trained: 1
Ntotal: 37440
K: 37440
NB: 39
0, 0, 0, 0, 0, 0, 0, 0, 0, 0, 0, 0, 0.737015, 0.737015, 0.737015, 0.737015, 0, 0, 0, 0, 0, 0, 0, 0, 0, 0, 0, 0, 0, 0, 0, 0, 0, 0, 0, 0, 0, 0, 0, 0, 0, 0, 0, 0, 0, 0, 0, 0, 0, 0, 0, 0, 0, 0, 0, 0, 0, 0, 0, 0, 0, 0, 0, 0, 0, 0, 0, 0, 0, 0, 0, 0, 0, 0, 0, 0, 0, 0, 0, 0, 0, 0, 0, 0, 0, 0, 0, 0, 0, 0, 0, 0, 0, 0, 0, 0, 0, 0, 0, 0, 0, 0, 0, 0, 0, 0, 0, 0, 0, 0, 0, 0, 0, 0, 0, 0, 0, 0, 0, 0, 0, 0, 0, 0, 0, 0, 0, 0, 0, 0, 0, 0, 0, 0, 0, 0, 0, 0, 0, 0, 0, 0, 0, 0, 0, 0, 0, 0, 0, 0, 0, 0, 0, 0, 0, 0, 0, 0, 0, 0, 0, 0, 0, 0, 0, 0, 0, 0, 0, 0, 0, 0, 0, 0, 0, 0, 0, 0, 0, 0, 0, 0, 0, 0, 0, 0, 0, 0, 0, 0, 0, 0, 0, 0, 0, 0, 0, 0, 0, 0, 0, 0, 0, 0, 0, 0, 0, 0, 0, 0, 0, 0, 0, 0, 0, 0, 0, 0, 0, 0, 0, 0, 0, 0, 0, 0, 0, 0, 0, 0, 0, 0, 0, 0, 0, 0, 0, 0, 0, 0, 0, 0, 0, 0, 0, 0, 0, 0, 0, 0, 0, 0, 0, 0, 0, 0, 0, 0, 0, 0, 0, 0, 0, 0, 0, 0, 0, 0, 0, 0, 0, 0, 0, 0, 1.24188, 2, 2, 2, 2, 1.09205, 0, 0, 0, 0, 0, 0, 0, 0, 0, 0, 0, 0, 0, 0, 0, 0, 0, 0, 0, 0, 0, 0, 0, 0, 0.720379, 0.720379, 0.720379, 0.720379, 0, 0, 0, 0, 0, 0, 0, 0, 0, 0, 0, 0, 0, 0, 0, 0, 0, 0, 0, 0, 0, 0, 0, 0, 0, 0, 0,
0, 0.713843, 0.714723, 0, 0, 0, 0, 0, 0, 0, 0, 0.857462, 0.751041, 0.751849, 0.752658, 0.753466, 0, 0, 0, 0, 0, 0, 0, 0, 0.778128, 0, 0.772239, 0, 0, 0, 0, 0, 0.789926, 0.790951, 0.791975, 0, 0, 0, 0, 0, 0, 0, 0, 0, 0, 0, 0.750703, 0, 0, 0.820942, 0.82202, 0, 0, 0, 0, 0, 0, 0, 0, 0, 0, 0, 0, 0, 0, 0, 0, 0.920368, 0.921437, 0.922515, 0, 0, 0, 0, 0.774669, 0.775747, 0.881876, 0.882963, 0, 0, 0, 0, 0, 0, 0, 0, 0, 0, 0, 0, 0, 0, 0, 0, 0, 0, 0, 0, 0, 0, 0, 0, 0, 0, 0, 0, 0, 0, 0, 0, 0, 0, 0, 0, 0, 0.73512, 0.913128, 0.914206, 0.726481, 0.727559, 0.787226, 0, 0, 0, 0, 0, 0, 0, 0, 0, 0, 0, 0, 0, 0, 0, 0, 0, 0, 0.774452, 0.871836, 0.8908, 0.883677, 0.961423, 0.800366, 0.801641, 0, 0, 0, 0, 0, 0, 0, 0, 0, 0, 0, 0, 0, 0, 0, 0, 0.754586, 0.755663, 0.718687, 0, 0.757817, 0.884216, 0.885303, 0.782069, 0.782554, 0.77792, 0, 0, 0.787206, 0.788068, 0, 0.823239, 0.823787, 0, 0.824586, 0.917691, 0.74485, 0.746161, 0.919896, 0, 0, 0, 0, 0, 0, 0, 0.772144, 0.955921, 0.759012, 0.875235, 1.016, 0.948387, 0.797236, 0.798314, 0, 0, 0, 0.718608, 0.851185, 0.852524, 0, 0.942667, 0.770662, 0, 0, 0.711216, 0, 0, 0, 0, 0, 0, 0, 0.852503, 0.976363, 0.761435, 0.761983, 0.976463, 0.911933, 0.790164, 0.790739, 1.14997, 0.768382, 0, 0, 0.725059, 0, 0, 0.822083, 0.822891, 0.823492, 0, 0, 0, 0, 0, 0, 0, 0, 0.764571, 0.890394, 0.891472, 0.892514, 1.19128, 1.03222, 0.920706, 1.21825, 1.21937, 0, 0.746878, 0.747534, 0, 0, 0, 0, 0, 0.752368, 0.893012, 0, 0.902755, 0.903824, 0.793125, 0.902188, 0.903293, 0.835001, 0.944942, 1.07384, 0.831572, 1.6888, 2.44785, 2.31996, 2.27633, 2.74392, 1.74499, 0.822477, 0.823555, 0.824633, 0.776195, 0.967896, 1.00784, 1.00845, 1.00924, 0, 0.888223, 0, 0.783101, 0.784179, 0.806259, 0.941585, 0.942663, 0.913311, 0.914389, 1.09387, 1.06144, 1.11747, 0.977423, 1.06038, 0.94578, 1.19827, 1.19935, 1.20063, 1.09809, 0.947499, 0.888896, 1.08331, 1.05721, 1.05804, 1.05886, 0, 0, 0, 0, 0.768124, 0.769202, 0.770271, 0.887943, 0.754814, 0, 0, 0, 0, 0.746491, 0.747569, 0.748647, 0.744353, 0.745431, 0, 0.924889, 0.994409,
0, 0.891368, 0.891282, 0, 0.80147, 0, 0, 0, 0, 0, 0, 0.843523, 0.748403, 0.748317, 0.748231, 0.748142, 0, 0, 0, 0, 0, 0, 0, 0, 1.54327, 1.41452, 1.50062, 1.25238, 1.25227, 0, 0, 0, 0.744176, 0.744069, 0.805514, 0, 0, 0, 0, 0, 0, 0, 0, 0.711009, 0.710903, 0.710798, 0.841762, 0.775369, 0, 0.763876, 0.76377, 0, 0, 0, 0, 0, 0, 0.873968, 0.87386, 0.873765, 0, 0, 0, 0, 0, 0, 0, 0.776447, 0.776346, 0.776241, 0, 0, 0, 0, 0.796503, 0.796398, 0.870966, 0.870855, 0, 0, 0, 0, 0, 0, 0, 0, 0, 0, 0, 0, 0, 0, 0, 0, 0, 0, 0, 0, 0, 0, 0, 0, 0, 0, 0, 0, 0, 0, 0, 0, 0, 0, 0, 0, 0, 0.731263, 0.801056, 0, 0, 0, 0.798681, 0, 0, 0, 0, 0, 0, 0, 0, 0, 0, 0, 0, 0, 0, 0, 0, 0, 0, 0, 0.808935, 1.61907, 1.52191, 1.63184, 1.46985, 1.46972, 0, 0, 0, 0, 0, 0, 0, 0, 0, 0, 0, 0, 0, 0, 1.23935, 1.23924, 1.47797, 1.47786, 1.33439, 0, 0, 0, 0, 0, 0, 0, 0, 0, 0, 0, 0, 0, 0, 0, 0, 0.855132, 0, 0, 0.74925, 0, 0, 0, 0, 0, 0, 0, 0.723321, 0.860221, 0, 0, 0.703677, 0, 0, 0, 0, 0, 0, 0, 0, 0, 0, 0.897888, 0, 0, 0, 0, 0, 0, 0, 0, 0, 0, 0, 0, 0.825628, 0, 0, 0.791102, 0.712073, 0, 0, 0.718797, 0, 0, 0, 0, 0, 0, 0, 0, 0, 0, 0, 0, 0, 0, 0, 0, 0, 0, 1.39294, 1.39284, 1.39272, 1.91659, 1.56316, 0, 0.84469, 0.844566, 0, 0, 0, 0, 0, 0, 0, 0, 0, 0, 0, 0, 0, 0, 0, 0, 0, 0, 0.73167, 0, 0, 1.3174, 1.18556, 1.01501, 1.43971, 1.4396, 0, 0, 0, 0, 1.46561, 1.67456, 1.6745, 1.67442, 1.25731, 0, 0, 0, 0, 0, 0.7858, 0.785695, 0.717562, 0.717456, 0.895758, 0.830595, 0.809114, 0, 0, 0, 0.762724, 0.733656, 0.733561, 0, 0, 0, 1.54808, 1.61885, 1.61877, 1.61867, 1.20158, 0, 0, 0, 0, 0, 0, 0, 0, 0, 0, 0, 0, 0, 0, 0, 0, 0, 0, 0, 0,
0, 0.776906, 0.777283, 0, 0, 0, 0, 0, 0, 0, 0, 0, 0, 0, 0, 0, 0, 0, 0, 0, 0, 0, 0, 0, 1.42547, 1.42583, 1.42618, 1.26464, 1.265, 0, 0, 0, 0, 0, 0, 0, 0, 0, 0, 0, 0, 0, 0, 0, 0, 0, 0, 0, 0, 0, 0, 0, 0, 0, 0, 0, 0, 0.712373, 0.712886, 0.713258, 0, 0, 0, 0, 0, 0, 0, 0, 0, 0, 0, 0, 0, 0, 0, 0, 0, 0, 0, 0, 0, 0, 0, 0, 0, 0, 0, 0, 0, 0, 0, 0, 0, 0, 0, 0, 0, 0, 0, 0, 0, 0, 0, 0, 0, 0, 0, 0, 0, 0, 0, 0, 0, 0, 0, 0, 0, 0, 0, 0, 0, 0, 0, 0, 0, 0, 0, 0, 0, 0, 0, 0, 0, 0, 0, 0, 0, 0, 0, 0, 0, 1.46458, 1.4649, 1.46535, 1.34503, 1.34544, 0, 0, 0, 0, 0, 0, 0, 0, 0, 0, 0, 0, 0, 0, 1.30919, 1.30955, 1.30984, 1.3102, 1.15868, 0, 0, 0, 0, 0, 0, 0, 0, 0, 0.70943, 0.709717, 0, 0, 0, 0, 0, 0.703845, 0.704109, 0.704559, 0.704859, 0, 0, 0, 0, 0, 0, 0, 0.805956, 0.806325, 0, 0, 0, 0, 0, 0, 0, 0, 0, 0, 0, 0, 0, 0.799906, 0.759016, 0, 0, 0, 0, 0, 0, 0, 0, 0, 0, 0, 0.704565, 0.704934, 0.705168, 0.70542, 0, 0, 0, 0, 0, 0, 0, 0, 0, 0, 0, 0, 0, 0, 0, 0, 0, 0, 0, 0, 0, 0, 1.4995, 1.49986, 1.50026, 1.50061, 1.18333, 0, 0, 0, 0, 0, 0, 0, 0, 0, 0, 0, 0, 0, 0, 0, 0, 0, 0, 0, 0, 0, 0, 0, 0, 0, 0, 0, 0.785744, 0.78608, 0, 0, 0, 0, 1.5118, 1.51232, 1.51248, 1.51279, 1.27883, 0, 0, 0, 0, 0, 0, 0, 0, 0, 0.744652, 0, 0, 0, 0, 0, 0, 0, 0, 0, 0, 0, 1.52108, 1.52158, 1.5219, 1.52218, 1.1578, 0, 0, 0, 0, 0, 0, 0, 0, 0, 0, 0, 0, 0, 0, 0, 0, 0, 0, 0, 0,
0, 0.777139, 0.777593, 0, 0, 0, 0, 0, 0, 0, 0, 0, 0, 0, 0, 0, 0, 0, 0, 0, 0, 0, 0, 0, 1.42826, 1.42874, 1.42918, 1.26778, 1.26826, 0, 0, 0, 0, 0, 0, 0, 0, 0, 0, 0, 0, 0, 0, 0, 0, 0, 0, 0, 0, 0, 0, 0, 0, 0, 0, 0, 0, 0.719077, 0.719761, 0.720209, 0, 0, 0, 0, 0, 0, 0, 0, 0, 0, 0, 0, 0, 0, 0, 0, 0, 0, 0, 0, 0, 0, 0, 0, 0, 0, 0, 0, 0, 0, 0, 0, 0, 0, 0, 0, 0, 0, 0, 0, 0, 0, 0, 0, 0, 0, 0, 0, 0, 0, 0, 0, 0, 0, 0, 0, 0, 0, 0, 0, 0, 0, 0, 0, 0, 0, 0, 0, 0, 0, 0, 0, 0, 0, 0, 0, 0, 0, 0, 0, 0, 1.48041, 1.48081, 1.48142, 1.36119, 1.36179, 0, 0, 0, 0, 0, 0, 0, 0, 0, 0, 0, 0, 0, 0, 1.32719, 1.32767, 1.32805, 1.32853, 1.17715, 0, 0, 0, 0, 0, 0, 0, 0, 0, 0.728952, 0.729336, 0, 0, 0, 0, 0, 0.72391, 0.724262, 0.724814, 0.725166, 0, 0, 0, 0, 0.71361, 0.714186, 0.714666, 0.827327, 0.827787, 0, 0, 0, 0, 0, 0, 0, 0, 0, 0, 0, 0, 0, 0.823018, 0.782272, 0, 0, 0, 0, 0, 0, 0, 0, 0, 0, 0, 0.729057, 0.729557, 0.729857, 0.730157, 0, 0, 0, 0, 0, 0, 0, 0, 0, 0, 0, 0, 0, 0, 0, 0, 0, 0, 0, 0, 0, 0, 1.52705, 1.52753, 1.52798, 1.52842, 1.21124, 0, 0, 0, 0, 0, 0, 0, 0, 0, 0, 0, 0, 0, 0, 0, 0, 0, 0, 0, 0, 0, 0.707955, 0, 0, 0, 0, 0, 0.816632, 0.81708, 0, 0, 0, 0, 1.54336, 1.54405, 1.54433, 1.54468, 1.31088, 0, 0, 0.705836, 0.706316, 0.706833, 0, 0, 0, 0, 0.777912, 0.730915, 0.713896, 0, 0, 0, 0, 0, 0, 0, 0, 0, 1.55582, 1.55648, 1.55683, 1.55718, 1.1929, 0, 0, 0, 0, 0, 0, 0, 0, 0, 0, 0, 0, 0, 0, 0, 0, 0, 0, 0, 0.707322,
1.31394, 1.67313, 1.67306, 0.712711, 0.963462, 0, 0.920217, 0.999678, 0.999589, 0.96115, 0.961061, 0, 0, 0, 0, 0, 0, 0, 0, 0, 0, 0, 1.21193, 1.21188, 2.21181, 1.99791, 2.25285, 1.27224, 1.27215, 0, 0, 0.967607, 1.2226, 1.22252, 1.22244, 1.14348, 0, 0, 0, 0, 0, 0, 0, 0, 0, 0, 0, 0, 0, 0.703625, 0.703536, 0.780765, 0.780693, 0.945309, 0, 1.08632, 1.12183, 1.35281, 1.35272, 1.35266, 0, 0, 0, 0, 0, 0, 0, 1.20546, 1.20538, 1.20529, 1.11174, 1.09128, 0, 1.09111, 1.30476, 1.30467, 1.23662, 1.23652, 0, 0, 0, 0, 0, 0, 0, 0, 0, 0, 0, 0, 0, 0, 0, 0, 0, 0, 0, 0, 0, 0, 0, 0, 0, 0, 0, 0, 0, 0, 0, 0, 0, 0, 0, 0, 0, 0, 0.714991, 0.714902, 0, 0, 0.735159, 0, 0, 0, 0, 0, 0, 0, 0, 0, 0, 0, 0, 0, 0, 0, 0, 1.00731, 1.00726, 1.40529, 1.59504, 2.4052, 2.0676, 2.28468, 1.95001, 1.94991, 0.949835, 0.949762, 0, 0, 0, 0, 0, 0, 0, 0, 0, 0, 0, 0, 1.26125, 1.26116, 1.44763, 1.44754, 1.33795, 0, 0, 0, 0, 0.743607, 0.743567, 0.887464, 0, 0, 1.21955, 1.21946, 0.985439, 1.28194, 1.2819, 0, 1.28183, 1.50849, 1.21187, 1.21178, 1.36561, 0, 0, 0, 0, 0, 0, 0, 0.820625, 0.899716, 0, 0.775049, 0.977983, 0, 0, 0, 0, 0, 0, 0.746417, 1.0014, 1.00129, 0.944983, 1.37898, 0, 0, 0, 0, 0, 0, 0, 0, 0.98212, 0.982035, 0.981948, 1.39882, 1.61293, 1.19597, 1.19588, 1.57829, 0.752028, 0, 0, 0, 0, 0, 0, 0, 0, 0, 0, 0, 0, 0, 0, 0, 0, 0, 0, 0, 0, 1.23482, 1.9797, 1.97961, 1.97952, 2.07893, 1.17681, 0, 0.998025, 0.997932, 0.749259, 0.780458, 0.780369, 0, 0, 0, 0, 0, 0, 0, 0, 0, 0, 0, 1.09664, 1.09656, 1.07721, 1.25066, 1.32172, 0, 0, 0, 0, 0, 0.775947, 0, 0, 0, 0, 1.20875, 2.20866, 2.15937, 2.15932, 2.15925, 1.15917, 0, 0, 0, 0, 0.859754, 0, 0, 0, 0, 1.31443, 1.24928, 1.23499, 1.08403, 1.25752, 0, 0, 0, 0, 0, 0, 1.02201, 2.0219, 2.02689, 2.02682, 2.02676, 1.02669, 0, 0, 0, 0, 0, 0, 0, 0, 0, 0, 0, 0, 0, 0, 0, 0, 0, 0, 1.12634, 1.26713,
1.08161, 1.44522, 1.44982, 0.728983, 0.993789, 0, 0.996534, 1.08129, 1.08547, 0.82732, 0.831502, 0, 0, 0, 0, 0, 0, 0, 0, 0, 0, 0, 1.35335, 1.35544, 2.35749, 2.10008, 2.16119, 1.38213, 1.38631, 0, 0, 1.09794, 1.15999, 1.16334, 1.43755, 1.25708, 0.905359, 0, 0.703173, 0, 0, 0, 0, 0, 0, 0, 0.703046, 0, 0, 0.908548, 0.912729, 1.10447, 1.10886, 1.27843, 0.765696, 1.42817, 1.20195, 1.52459, 1.4005, 1.40398, 0.91706, 0.869174, 0, 0.700861, 0.705043, 1.17372, 0.977057, 1.84611, 1.85023, 1.85441, 1.44856, 1.44001, 0, 1.44837, 1.69655, 1.70073, 1.62476, 1.62901, 0.850851, 0, 0, 0, 0.819527, 0, 0, 0.814694, 0.818806, 0, 0.725914, 0.72797, 0, 0, 0, 0, 0, 0, 0, 0.716335, 0, 0, 0.793124, 0.795773, 0, 0.772355, 0.7757, 0, 0, 0.804359, 0, 0, 0, 0, 0, 0.750609, 0.75479, 1.01531, 1.05662, 1.06081, 0.918492, 0.922673, 1.13403, 0.957989, 0.96217, 0.969754, 0.973936, 0, 0.90711, 0.911291, 0.788126, 0.792308, 0.796489, 0, 0, 0.701849, 0.862096, 0.866277, 0, 1.69893, 1.70269, 1.73813, 1.92974, 2.74088, 2.64397, 2.64815, 2.35918, 2.33072, 1.35941, 1.36283, 0.856691, 0, 0, 0, 0, 0, 0, 0, 0, 0, 0, 0.898506, 1.90042, 1.9046, 2.06183, 2.06601, 2.0483, 1.05314, 1.19187, 1.33762, 1.34187, 1.34416, 1.34646, 1.33366, 1.26929, 1.27326, 1.92374, 1.92709, 1.68618, 1.77545, 1.77775, 1.39857, 1.78068, 2.01282, 1.9857, 1.99093, 2.17531, 1.27665, 0.996231, 1.17876, 1.18294, 1.24595, 1.25034, 1.25452, 1.57883, 1.67056, 1.31782, 1.36309, 1.52936, 1.41023, 1.47295, 1.47713, 1.12761, 1.0707, 1.07509, 1.56417, 1.64551, 1.65038, 1.58758, 2.00575, 1.51901, 1.36365, 1.36783, 1.53128, 1.20639, 1.21057, 1.09789, 1.10207, 1.84463, 1.84874, 1.85072, 2.04066, 2.25741, 2.07238, 2.07451, 2.20176, 1.6481, 1.43637, 1.4395, 1.49359, 1.19513, 1.02662, 1.0308, 1.09292, 1.12196, 1.12677, 1.38068, 1.38424, 1.3808, 1.36874, 1.37285, 1.22391, 1.22809, 1.29287, 1.29705, 1.30123, 1.22466, 2.03301, 2.957, 2.96118, 2.9646, 3.1477, 2.24959, 1.32334, 1.98562, 1.99043, 1.74758, 1.8176, 1.82032, 1.16443, 1.1667, 1.32201, 1.21067, 1.21485, 1.39929, 1.55616, 1.35758, 1.53011, 1.53366, 1.36083, 2.20943, 2.21361, 2.14256, 2.23974, 2.33174, 1.4657, 1.47239, 1.59977, 1.57879, 1.40865, 1.78315, 1.67415, 1.49865, 1.50283, 1.50701, 2.14169, 3.14437, 3.38335, 3.38711, 3.38983, 2.39408, 1.75402, 1.47849, 1.74479, 1.74898, 1.79645, 1.86254, 1.89494, 1.86456, 1.86874, 2.56547, 2.50572, 2.45625, 2.29822, 2.37739, 1.58245, 1.64263, 1.61322, 1.78968, 1.79456, 1.59874, 2.47004, 3.47273, 3.3371, 3.34086, 3.34434, 2.34856, 1.35591, 1.2335, 1.44705, 1.73681, 1.74099, 1.74521, 1.85553, 1.71844, 1.47758, 1.48176, 1.74807, 1.53748, 1.84905, 1.85323, 1.85741, 1.83743, 1.84161, 1.57505, 2.53833, 2.68415,
1.07879, 1.34639, 1.34756, 0, 0.879655, 0, 0.974314, 1.02501, 1.02585, 0.773088, 0.773928, 0, 0, 0, 0, 0, 0, 0, 0, 0, 0, 0, 1.28019, 1.28061, 1.62926, 1.36846, 1.42712, 0, 0, 0, 0, 1.0856, 1.14431, 1.14532, 1.41711, 1.11493, 0.871785, 0, 0, 0, 0, 0, 0, 0, 0, 0, 0.735846, 0, 0, 0.732145, 0.732985, 0.936898, 0.93778, 1.12493, 0, 1.26797, 0.997661, 1.12842, 1.00197, 1.00293, 0, 0, 0, 0, 0, 1.12175, 0.862671, 1.57655, 1.57735, 1.57819, 1.21735, 1.30353, 0, 1.30521, 1.52292, 1.52376, 1.37328, 1.37416, 0, 0, 0, 0, 0, 0, 0, 0, 0, 0, 0, 0, 0, 0, 0, 0, 0, 0, 0, 0, 0, 0, 0, 0, 0, 0, 0, 0, 0, 0, 0, 0, 0, 0, 0, 0, 0, 0.825559, 0.901492, 0.902384, 0, 0, 0.882495, 0.703027, 0.703867, 0.70896, 0.7098, 0, 0, 0, 0, 0, 0, 0, 0, 0, 0, 0, 0, 1.26606, 1.26681, 1.29966, 1.59206, 1.64831, 1.55884, 1.5599, 1.26738, 1.22669, 0.879978, 0.880902, 0, 0, 0, 0, 0, 0, 0, 0, 0, 0, 0, 0, 0.74861, 0.74945, 0.903419, 0.904259, 0.883221, 0, 0.753222, 0.820343, 0.821225, 0.843794, 0.844298, 0.804227, 0.733167, 0.733965, 1.3811, 1.38178, 1.13786, 1.23438, 1.23484, 0.845868, 1.23543, 1.52056, 1.42552, 1.42657, 1.61091, 0.705594, 0, 0, 0, 0, 0, 0, 0.899926, 1.0002, 0.727834, 0.806691, 0.947106, 0.824609, 0.884867, 0.885707, 0, 0, 0, 0.95888, 1.01758, 1.01829, 0.926052, 1.31131, 0.829936, 0, 0, 0.84006, 0, 0, 0, 0, 1.16966, 1.17051, 1.17091, 1.36043, 1.52561, 1.38503, 1.38558, 1.46154, 0.963486, 0.751648, 0.752278, 0.982594, 0, 0, 0, 0, 0, 0, 0, 0, 0.721702, 0, 0, 0, 0, 0, 0, 0, 0, 1.2495, 1.54036, 1.5412, 1.54213, 1.83257, 0.931168, 0.777001, 1.4351, 1.43561, 0.954334, 1.10618, 1.10673, 0, 0, 0, 0, 0, 0, 0.768637, 0, 0.739757, 0.740345, 0, 1.3836, 1.38444, 1.45096, 1.54574, 1.63526, 0.765901, 0.767301, 0.931693, 0.90738, 0.733856, 1.10505, 0.992647, 0.721905, 0.722745, 0.723585, 1.35408, 1.61422, 1.84986, 1.85019, 1.85128, 0.852195, 1.04836, 0, 0.850651, 0.851491, 0.895647, 0.98032, 1.05091, 1.05253, 1.05337, 1.74675, 1.62725, 1.57528, 1.38014, 1.47507, 0, 0.71018, 0, 0.827535, 0.828249, 0, 1.50822, 1.8564, 1.71743, 1.71877, 1.71974, 0.720595, 0, 0, 0, 0, 0, 0, 0.760889, 0.712817, 0, 0, 0.740312, 0, 0.834619, 0.835459, 0.836299, 0.806097, 0.806938, 0, 1.50032, 1.65087,
1.07896, 1.34661, 1.34796, 0, 0.880198, 0, 0.975213, 1.026, 1.02696, 0.774337, 0.775297, 0, 0, 0, 0, 0, 0, 0, 0, 0, 0, 0, 1.28286, 1.28334, 1.63217, 1.37135, 1.43013, 0, 0, 0, 0, 1.08915, 1.14797, 1.14912, 1.42107, 1.11899, 0.875979, 0, 0, 0, 0, 0, 0, 0, 0, 0, 0.74129, 0, 0, 0.738015, 0.738975, 0.943017, 0.943962, 1.13127, 0, 1.27453, 1.00434, 1.13519, 1.00891, 1.0098, 0, 0, 0, 0, 0, 1.12951, 0.870584, 1.58444, 1.58545, 1.58641, 1.22562, 1.31191, 0, 1.31383, 1.53175, 1.53271, 1.38234, 1.38325, 0, 0, 0, 0, 0, 0, 0, 0, 0, 0, 0, 0, 0, 0, 0, 0, 0, 0, 0, 0, 0, 0, 0, 0, 0, 0, 0, 0, 0, 0, 0, 0, 0, 0, 0, 0, 0, 0.838653, 0.914674, 0.915693, 0, 0, 0.896121, 0.716789, 0.717749, 0.722996, 0.723956, 0, 0, 0, 0, 0, 0, 0, 0, 0, 0, 0, 0, 1.28165, 1.28244, 1.31537, 1.60789, 1.66411, 1.57474, 1.57596, 1.2836, 1.24304, 0.896497, 0.897393, 0, 0, 0, 0, 0, 0, 0, 0, 0, 0, 0, 0, 0.766598, 0.767558, 0.921756, 0.922716, 0.901808, 0, 0.771991, 0.839222, 0.840134, 0.862803, 0.863379, 0.823356, 0.752392, 0.7534, 1.40066, 1.40143, 1.15758, 1.25417, 1.25468, 0.865742, 1.25537, 1.54059, 1.44571, 1.44681, 1.63125, 0.726139, 0, 0, 0, 0, 0, 0, 0.921345, 1.02172, 0.749474, 0.828493, 0.96897, 0.846503, 0.906866, 0.907826, 0, 0, 0, 0.981484, 1.04023, 1.04126, 0.948993, 1.33451, 0.853175, 0.708426, 0.709386, 0.863734, 0, 0, 0, 0, 1.19382, 1.19482, 1.19535, 1.38491, 1.55012, 1.40969, 1.41029, 1.48635, 0.988401, 0.77669, 0.777394, 1.0078, 0, 0, 0, 0, 0, 0, 0.713551, 0.714895, 0.747955, 0, 0, 0, 0, 0, 0, 0, 0, 1.27694, 1.56795, 1.56891, 1.56983, 1.86033, 0.959142, 0.805135, 1.46337, 1.46394, 0.982829, 1.13479, 1.13539, 0, 0, 0, 0, 0, 0, 0.797977, 0, 0.769238, 0.76991, 0, 1.41333, 1.41429, 1.48092, 1.57581, 1.66537, 0.79622, 0.79782, 0.962282, 0.938066, 0.764611, 1.13598, 1.02368, 0.753037, 0.753997, 0.754957, 1.38551, 1.6459, 1.88166, 1.88205, 1.8833, 0.884256, 1.08047, 0, 0.882943, 0.883903, 0.928221, 1.01308, 1.08378, 1.08562, 1.08658, 1.78009, 1.66062, 1.60877, 1.41369, 1.50875, 0.710585, 0.744074, 0, 0.861662, 0.862694, 0, 1.54283, 1.8911, 1.75225, 1.75379, 1.75467, 0.75573, 0, 0, 0, 0.730639, 0.731599, 0.732607, 0.796947, 0.748872, 0, 0, 0.776684, 0, 0.871355, 0.872315, 0.873275, 0.843203, 0.844163, 0, 1.53767, 1.68829,
1.29037, 1.56287, 1.56209, 0, 0.871771, 0, 0.962397, 1.09475, 1.09379, 0.831295, 0.830341, 0, 0, 0, 0, 0, 0, 0, 0, 0, 0, 0, 1.24087, 1.2404, 1.58756, 1.32494, 1.45719, 0, 0, 0, 0, 1.03235, 1.1644, 1.16346, 1.49144, 1.13722, 0.809244, 0, 0, 0, 0, 0, 0, 0, 0, 0, 0, 0, 0, 0, 0, 0.846546, 0.84564, 1.03143, 0, 1.17151, 0.974634, 1.16157, 0.975201, 0.974342, 0, 0, 0, 0, 0, 1.00655, 0.746221, 1.46857, 1.46743, 1.46648, 1.09337, 1.17787, 0, 1.17597, 1.392, 1.39105, 1.35075, 1.34998, 0, 0, 0, 0, 0, 0, 0, 0, 0, 0, 0, 0, 0, 0, 0, 0, 0, 0, 0, 0, 0, 0, 0, 0, 0, 0, 0, 0, 0, 0, 0, 0, 0, 0, 0, 0, 0, 0, 0.879536, 0.818569, 0, 0, 0.754762, 0, 0, 0, 0, 0, 0, 0, 0, 0, 0, 0, 0, 0, 0, 0, 0, 1.03351, 1.03296, 1.0898, 1.38146, 1.53599, 1.32062, 1.48845, 1.15894, 1.05852, 0.709909, 0.70913, 0, 0, 0, 0, 0, 0, 0, 0, 0, 0, 0, 0, 0, 0, 0, 0, 0, 0, 0, 0, 0, 0.778567, 0.778138, 0.737206, 0, 0, 1.0897, 1.08855, 0.843262, 1.01166, 1.01119, 0, 1.01047, 1.29443, 1.12469, 1.12398, 1.3379, 0, 0, 0, 0, 0, 0, 0, 0, 0.761261, 0, 0, 0.912182, 0, 0, 0, 0, 0, 0, 0.725841, 0.782952, 0.781776, 0, 1.04929, 0, 0, 0, 0, 0, 0, 0, 0, 0.80792, 0.806775, 0.805917, 1.02038, 1.23285, 1.01738, 1.01669, 1.3013, 0, 0, 0, 0, 0, 0, 0, 0, 0, 0, 0, 0, 0, 0, 0, 0, 0, 0, 0, 0, 0, 0.915746, 1.12942, 1.12847, 1.12772, 1.41658, 0, 0, 1.10162, 1.10046, 0, 0, 0, 0, 0, 0, 0, 0, 0, 0, 0, 0, 0, 0, 0.93985, 0.939206, 1.00405, 1.09729, 1.28664, 0, 0, 0, 0, 0, 0, 0, 0, 0, 0, 0.883995, 1.1421, 1.37594, 1.37516, 1.37456, 0, 0, 0, 0, 0, 0, 0, 0, 0.779556, 0.778602, 1.46974, 1.13547, 1.16931, 0.954763, 1.04811, 0, 0, 0, 0, 0, 0, 0.992, 1.33867, 1.41963, 1.41887, 1.41801, 0, 0, 0, 0, 0.707973, 0.707019, 0.705874, 1.16011, 1.06712, 0.712801, 0.711847, 0.98109, 0, 0, 0, 0, 0, 0, 0, 0.942654, 1.14642,
0, 0.754537, 0.761853, 0, 0.856984, 0, 0, 0, 0, 0, 0, 0, 0, 0, 0, 0, 0, 0, 0, 0, 0, 0, 0, 0, 1.03208, 0.781229, 0.891875, 0.716964, 0.725923, 0, 0.748742, 0.793418, 0.894733, 0.905484, 1.24327, 0.897576, 1.01538, 0.889112, 0.898072, 0, 0, 0, 0, 0.926438, 0.935398, 0.944357, 1.45178, 1.39572, 0.925757, 1.17313, 1.18209, 0.962136, 0.970647, 1.12369, 0.991534, 1.16928, 0.943183, 1.13939, 0.964902, 0.973712, 0.854151, 1.08985, 1.15315, 1.16211, 1.17107, 1.63392, 1.49112, 1.53136, 1.54017, 1.54913, 1.04998, 1.08912, 0.883281, 1.10704, 1.33476, 1.34372, 1.2992, 1.30831, 1.34531, 1.1391, 1.1485, 0.959427, 1.23977, 1.09195, 1.09643, 1.37149, 1.38, 1.04051, 1.27025, 1.27548, 1.00885, 1.01714, 1.0261, 1.00231, 1.01127, 1.02023, 1.02919, 1.30828, 1.12473, 1.13369, 1.31732, 1.32389, 1.04755, 1.25774, 1.26491, 1.10519, 1.10945, 1.34263, 1.1461, 1.15506, 1.16402, 1.17298, 1.1479, 1.56432, 1.57328, 1.83406, 2.01855, 1.96752, 1.68709, 1.69605, 1.98587, 1.74827, 1.75723, 1.69943, 1.70839, 1.23807, 1.52717, 1.53613, 1.36865, 1.37761, 1.38657, 1.35234, 1.3613, 1.37026, 1.53834, 1.5473, 1.31527, 1.53447, 1.54351, 1.57811, 1.87473, 2.07275, 1.89246, 2.04092, 1.92206, 1.82438, 1.48948, 1.49934, 1.38045, 1.25649, 1.26097, 1.26545, 1.27441, 1.28337, 1.29233, 1.30129, 1.31025, 1.31921, 1.32817, 1.47004, 1.82615, 1.83511, 1.99636, 2.00532, 2.03359, 1.6951, 2.01888, 2.09381, 2.10292, 2.08082, 2.0844, 2.05017, 1.97574, 1.98455, 1.9174, 1.92591, 1.68505, 1.83276, 1.83731, 1.65075, 1.84396, 2.09578, 2.0051, 2.01242, 2.20524, 2.02644, 1.77805, 1.94085, 1.94981, 1.9937, 2.00311, 2.01207, 2.1495, 2.25679, 1.9973, 2.13116, 2.33319, 2.24398, 2.31677, 2.32573, 2.04672, 2.02577, 2.03488, 2.05013, 2.1186, 2.12771, 1.98091, 2.38245, 2.26192, 2.27452, 2.28348, 2.52155, 2.1433, 2.15226, 2.02183, 2.03079, 2.02454, 2.03335, 2.03761, 2.22909, 2.39786, 2.26655, 2.2711, 2.48613, 2.45897, 2.2513, 2.25765, 2.49618, 2.31112, 2.14066, 2.14961, 2.26448, 2.14127, 2.14664, 2.43192, 2.44446, 2.45825, 2.35933, 2.36837, 2.1687, 2.17766, 2.22469, 2.23365, 2.24261, 2.16888, 2.3635, 2.61598, 2.62494, 2.6336, 2.92523, 2.85442, 2.71391, 2.82392, 2.8293, 2.35889, 2.50077, 2.50622, 2.3402, 2.34513, 2.53999, 2.34954, 2.3585, 2.54797, 2.73739, 2.55686, 2.70859, 2.71546, 2.57119, 2.60784, 2.61703, 2.68983, 2.79473, 2.94682, 2.78551, 2.87045, 3.16002, 3.10196, 2.92249, 3.14002, 3.03544, 2.67614, 2.6851, 2.69406, 2.70807, 3.06447, 3.2119, 3.21697, 3.22354, 3.0177, 3.16159, 2.70093, 2.97843, 2.98739, 3.11285, 3.18468, 3.37415, 3.37141, 3.38037, 3.38397, 3.09778, 3.11775, 2.91355, 3.01162, 3.00331, 4.01272, 3.82074, 4.05138, 4.01099, 3.83592, 3.05975, 3.41794, 3.48108, 3.48795, 3.49459, 3.31968, 2.98209, 2.64297, 3.28617, 3.37852, 3.38748, 3.39629, 3.90899, 3.77975, 3.70568, 3.71464, 3.99214, 3.00117, 3.23014, 3.2391, 3.24806, 3.2273, 3.23626, 3.02073, 3.23964, 3.4154,
0, 0.851201, 0.848757, 0, 0.708748, 0, 0, 0, 0, 0, 0, 0, 0, 0, 0, 0, 0, 0, 0, 0, 0, 0, 0, 0, 0.811614, 0, 0.724983, 0, 0, 0, 0, 0, 0, 0, 0.79674, 0, 0, 0, 0, 0, 0, 0, 0, 0, 0, 0, 0.907411, 0.869966, 0, 0, 0, 0, 0, 0, 0, 0, 0, 0, 0, 0, 0, 0, 0, 0, 0, 0, 0, 0, 0, 0, 0, 0, 0, 0, 0, 0, 0, 0, 0, 0, 0, 0, 0, 0, 0, 0, 0, 0, 0, 0, 0, 0, 0, 0, 0, 0, 0, 0, 0, 0, 0, 0, 0, 0, 0, 0, 0, 0, 0, 0, 0, 0, 0, 0, 0, 0, 0.750117, 0.710078, 0, 0, 0, 0, 0, 0, 0, 0, 0, 0, 0, 0, 0, 0, 0, 0, 0, 0, 0, 0, 0, 0, 0, 0, 0, 0, 0, 0, 0, 0, 0, 0, 0, 0, 0, 0, 0, 0, 0, 0, 0, 0, 0, 0, 0, 0, 0, 0, 0, 0, 0, 0, 0, 0, 0, 0, 0, 0, 0, 0, 0, 0, 0, 0, 0, 0, 0, 0, 0, 0, 0, 0, 0, 0, 0, 0, 0, 0, 0, 0, 0, 0, 0, 0, 0, 0, 0, 0, 0, 0, 0, 0, 0, 0, 0, 0, 0, 0, 0, 0, 0, 0, 0, 0, 0, 0, 0, 0, 0, 0, 0, 0, 0, 0, 0, 0, 0, 0, 0, 0, 0, 0, 0, 0, 0, 0, 0, 0, 0, 0, 0, 0, 0, 0, 0, 0, 0, 0, 0, 0, 0, 0, 0, 0, 0, 0, 0, 0, 0, 0, 0, 0, 0, 0, 0, 0, 0, 0, 0, 0, 0, 0, 0, 0, 0, 0, 0, 0, 0, 0, 0, 0, 0, 0, 0, 0, 0, 0, 0, 0, 0, 0, 0, 0, 0, 0, 0.877329, 0, 0.828238, 0, 0, 0, 0, 0, 0, 0, 0, 0, 0, 0, 0, 0, 0, 0, 0, 0, 0, 0, 0, 0, 0, 0, 0, 0, 0, 0, 0,
0, 0.759904, 0.76192, 0, 0, 0, 0, 0, 0, 0, 0, 0, 0, 0, 0, 0, 0, 0, 0, 0, 0, 0, 0, 0, 0, 0, 0, 0, 0, 0, 0, 0, 0, 0, 0.733228, 0, 0, 0, 0, 0, 0, 0, 0, 0, 0, 0, 0.803179, 0.769886, 0, 0.850448, 0.851888, 0, 0, 0, 0, 0, 0, 0, 0, 0, 0, 0, 0, 0, 0, 0, 0, 0.798397, 0.799849, 0.801289, 0, 0, 0, 0, 0, 0, 0.757413, 0.758841, 0, 0, 0, 0, 0, 0, 0, 0, 0, 0, 0, 0, 0, 0, 0, 0, 0, 0, 0, 0, 0, 0, 0, 0, 0, 0, 0, 0, 0, 0, 0, 0, 0, 0, 0, 0, 0, 0.743342, 0.898087, 0.862241, 0.846344, 0.847784, 0.746658, 0, 0, 0, 0, 0, 0, 0, 0, 0, 0, 0, 0, 0, 0, 0, 0, 0, 0, 0.708039, 0.847973, 0.910557, 0, 0.86695, 0.746052, 0, 0, 0, 0, 0, 0, 0, 0, 0, 0, 0, 0, 0, 0, 0, 0, 0, 0, 0, 0, 0, 0.768186, 0.941532, 0.94296, 0.916848, 0.917712, 0.944549, 0.701626, 0.703138, 0.718283, 0.719435, 0, 0.709984, 0.710716, 0, 0.711784, 0.827532, 0, 0, 0.878379, 0, 0, 0, 0, 0, 0, 0, 0.703975, 0.841605, 0, 0.88436, 1.03261, 0.835789, 0.811375, 0.812815, 0, 0, 0, 0, 0.753119, 0.754643, 0, 0.739662, 0, 0, 0, 0.703189, 0, 0, 0, 0, 0, 0, 0, 0.812307, 0.959568, 0.746243, 0.747179, 1.03334, 0.866699, 0.721634, 0.722654, 0.870236, 0, 0, 0, 0, 0, 0, 0.870941, 0.872957, 1.02648, 0.919891, 0.921403, 0.749145, 0.750585, 0, 0, 0, 0, 0.765995, 0.768235, 0.769675, 0.771259, 0.975404, 0.807838, 0.719839, 0.87947, 0.880334, 0, 0, 0, 0, 0, 0.713946, 0, 0, 0, 0.845258, 0, 0.809525, 0.810533, 0, 0.808805, 0.810245, 0.820493, 0.918215, 1.06531, 0.896195, 1.02572, 1.37998, 1.19563, 1.00731, 1.24336, 1.11668, 0.864332, 0.865772, 0.867212, 0.938342, 1.07365, 0.977707, 0.978283, 0.980156, 0, 0.893811, 0, 0.794177, 0.795617, 1.02538, 0.990671, 1.1303, 1.16452, 1.16596, 1.24334, 1.03578, 1.16345, 0.945965, 1.04386, 1.0164, 2.01791, 1.78073, 2.78225, 2.5977, 2.41309, 1.71879, 1.8533, 1.20315, 1.20546, 1.20679, 0.903883, 0.77129, 0, 1.06257, 1.30816, 1.3096, 1.31105, 1.82328, 1.67744, 1.43472, 1.43616, 1.55223, 0, 0.785869, 0.787309, 0.788749, 0.887616, 0.889056, 0, 0.966439, 1.13674,
0, 0.775751, 0.78474, 0, 0, 0, 0, 0, 0, 0, 0, 0, 0, 0, 0, 0, 0, 0, 0, 0, 0, 0, 0.75071, 0.755997, 0.89829, 0, 0.836847, 0, 0, 0, 0, 0, 0.748762, 0.758808, 1.03211, 0.912781, 0.920278, 0.806285, 0.81686, 0, 0, 0, 0, 0.730856, 0.741431, 0.752007, 1.21667, 1.19092, 1.00316, 1.29124, 1.30181, 0.940106, 0.950505, 1.12987, 0.997019, 1.17309, 1.03354, 1.16393, 1.01755, 1.02575, 0.875941, 0.855339, 0.867987, 0.878562, 0.889137, 1.08826, 1.23443, 1.40448, 1.41524, 1.42581, 1.25207, 1.05886, 0.859084, 1.08001, 1.23792, 1.2485, 1.44814, 1.45854, 1.28803, 1.18308, 1.19418, 1.00799, 1.11453, 1.00279, 1.00808, 1.22193, 1.23127, 1.16989, 1.20939, 1.21574, 0.948876, 0.956377, 0.966953, 1.13868, 1.14926, 1.15983, 1.17041, 1.36793, 1.2693, 1.27987, 1.43028, 1.43556, 1.20496, 1.41918, 1.42976, 1.26582, 1.27111, 1.50867, 1.31083, 1.32141, 1.33198, 1.34256, 1.31053, 1.46715, 1.47772, 1.73771, 1.90034, 1.87334, 1.86404, 1.87461, 1.78353, 1.54389, 1.55446, 1.51761, 1.52819, 1.43059, 1.62471, 1.63528, 1.4694, 1.47997, 1.49055, 1.53965, 1.55023, 1.5608, 1.6577, 1.66827, 1.54025, 1.84947, 1.85899, 1.90448, 2.04912, 2.11457, 1.91056, 2.09034, 1.97875, 1.86423, 1.74027, 1.7489, 1.6013, 1.48308, 1.48836, 1.49365, 1.50423, 1.5148, 1.52538, 1.53595, 1.54653, 1.5571, 1.56768, 1.70705, 1.85058, 1.86115, 1.95732, 1.96789, 1.98986, 1.88441, 2.19513, 2.37731, 2.38771, 2.36522, 2.36945, 2.40052, 2.16412, 2.17681, 2.20526, 2.21531, 2.03984, 2.21539, 2.22067, 1.9193, 2.2286, 2.35109, 2.19247, 2.20569, 2.43064, 2.13517, 2.03075, 2.19552, 2.20609, 2.16741, 2.1801, 2.19068, 2.32959, 2.47647, 2.32262, 2.53143, 2.68676, 2.50289, 2.49293, 2.5035, 2.27027, 2.32165, 2.33169, 2.35145, 2.48136, 2.49467, 2.31732, 2.49878, 2.34853, 2.37059, 2.38117, 2.49915, 2.33896, 2.34953, 2.22617, 2.23674, 2.4402, 2.45095, 2.45598, 2.6732, 2.82454, 2.61947, 2.62582, 2.9198, 2.76293, 2.62825, 2.6338, 2.78813, 2.55895, 2.38851, 2.39908, 2.56474, 2.54404, 2.55039, 2.84765, 2.85787, 3.02014, 2.92321, 2.9359, 2.77484, 2.78541, 2.61506, 2.62563, 2.63621, 2.53191, 2.84889, 2.86203, 2.87261, 2.88248, 3.095, 2.93658, 2.85831, 3.02759, 3.03852, 2.80181, 2.86562, 2.87337, 2.70841, 2.71413, 2.90403, 2.73286, 2.74344, 2.89559, 3.07259, 2.89671, 3.05262, 3.0632, 2.92638, 3.06979, 3.08063, 3.09795, 3.20014, 3.36275, 3.20286, 3.3391, 3.70168, 3.52617, 3.34695, 3.59054, 3.47474, 3.23014, 3.24072, 3.2513, 3.33384, 3.4779, 3.39109, 3.39532, 3.40907, 3.11709, 3.33523, 3.1292, 3.25197, 3.26255, 3.50147, 3.48231, 3.62999, 3.67818, 3.68876, 3.77528, 3.57626, 3.71055, 3.50316, 3.60217, 3.58357, 4.59441, 4.36645, 5.37923, 5.20663, 5.03428, 4.34861, 4.48685, 3.85351, 3.86127, 3.86902, 3.57355, 3.44959, 3.11958, 3.76758, 4.02197, 4.03254, 4.04329, 4.55864, 4.42165, 4.18824, 4.19881, 4.32159, 3.342, 3.58092, 3.59149, 3.60207, 3.71001, 3.72058, 3.49753, 3.80684, 3.98505,
1.30676, 1.47058, 1.47436, 1.17344, 1.30959, 0, 0, 0.737836, 0.740533, 0, 0, 0.706679, 0, 0, 0, 0, 0, 0, 0, 0, 0, 0, 0, 0, 0.76443, 0, 0.930537, 0, 0, 0, 0, 0, 0.800132, 0.802289, 1.0677, 0.940033, 0.942358, 0, 0, 0, 0, 0, 0, 0, 0, 0, 0.896178, 0.828614, 0, 0.910468, 0.913165, 0, 0, 0.823334, 0, 0.846126, 0.888251, 1.012, 0.861413, 0.863952, 0.708424, 0, 0, 0, 0, 0, 0, 0.931808, 0.934482, 0.937178, 0.756862, 0, 0, 0, 0.804102, 0.806799, 0.844535, 0.847254, 0, 0, 0, 0, 0, 0, 0, 0, 0, 0, 0, 0, 0, 0, 0, 0, 0, 0, 0, 0, 0, 0, 0, 0, 0, 0, 0, 0, 0, 0.724764, 0, 0, 0, 0, 0, 0, 0, 0.81437, 0.983995, 0.938863, 0.932424, 0.93512, 0.898386, 0, 0, 0, 0, 0, 0, 0, 0, 0, 0, 0, 0, 0, 0, 0, 0, 0.878023, 0.88045, 1.01178, 1.15183, 1.21504, 0.979219, 1.14009, 1.20776, 1.08315, 0.953591, 0.956557, 0.801075, 0, 0, 0, 0, 0, 0, 0, 0, 0, 0, 0.828039, 0.963575, 0.966272, 1.04139, 1.04408, 0.80162, 0, 0.847231, 1.68394, 1.68666, 1.82277, 1.82439, 1.85443, 1.61308, 1.61573, 0.972128, 0.974689, 0.796162, 1.01296, 1.0144, 0.711194, 1.01633, 1.13285, 0.920838, 0.924209, 1.10638, 0.755873, 0, 0.815121, 0.817818, 0.803355, 0.806591, 0.809287, 0.966441, 1.09592, 0.936862, 1.8209, 1.96995, 1.76686, 1.71417, 1.71687, 0.732042, 0.77689, 0.779047, 0.962914, 1.2842, 1.28746, 1.10149, 1.27516, 1.11919, 0.812085, 0.814782, 0.927078, 0.76173, 0.764427, 0, 0, 0.898334, 0.900986, 0.902267, 1.20702, 1.35569, 1.0541, 1.05547, 1.333, 1.15873, 1.01331, 1.01522, 1.16356, 0.913549, 0.71846, 0.721156, 0.88647, 0.891475, 0.893093, 1.85273, 1.85502, 2.00944, 1.90556, 1.90824, 1.02807, 1.03076, 1.14729, 1.14999, 1.15268, 1.03836, 1.34521, 1.1051, 1.1078, 1.11, 1.31488, 1.04187, 0.95552, 1.21294, 1.21604, 0.971212, 1.08869, 1.09044, 0.826136, 0.827619, 0.979089, 0.810962, 0.813659, 1.00736, 1.17577, 1.01737, 1.12476, 1.12716, 0.937147, 1.12668, 1.12938, 1.18388, 1.56306, 1.70224, 1.40079, 1.4749, 1.8294, 1.43045, 1.32767, 1.6745, 1.54885, 1.29916, 1.30186, 1.30455, 1.31728, 1.45331, 1.36032, 1.36272, 1.36423, 1.02698, 1.93961, 1.7253, 1.84236, 1.84505, 2.07609, 1.54643, 1.69123, 1.69619, 1.69888, 1.61203, 1.42407, 1.52261, 1.34714, 1.72686, 1.55383, 2.55446, 2.35018, 3.32132, 2.91845, 2.77289, 2.12996, 2.26599, 1.44908, 1.45151, 1.45364, 1.10259, 0.973035, 0.795426, 1.06843, 1.99322, 1.99592, 1.99859, 2.17354, 2.00307, 1.10519, 1.10789, 1.22495, 0.937715, 1.38257, 1.38527, 1.38797, 1.45573, 1.45843, 1.01681, 1.37152, 1.54409,
1.30667, 1.4741, 1.47785, 1.18116, 1.31907, 0, 0, 0.751077, 0.755668, 0, 0, 0, 0, 0, 0, 0, 0, 0, 0, 0, 0, 0, 0, 0, 0, 0, 0.852948, 0, 0, 0, 0, 0, 0.777263, 0.781624, 1.00053, 1.0042, 0.928903, 0, 0, 0, 0, 0, 0, 0, 0, 0, 0, 0, 0, 0, 0, 0.741776, 0.745448, 0.921701, 0, 0.948603, 0.991935, 0.996297, 0.97034, 0.973745, 0.819927, 0, 0, 0, 0, 0, 0, 0.956744, 0.961373, 0.965964, 0.787408, 0.783669, 0, 0.792851, 0.796294, 0.800885, 0.92605, 0.930603, 0, 0, 0, 0, 0, 0, 0, 0, 0, 0, 0, 0, 0, 0, 0, 0, 0, 0, 0, 0, 0, 0, 0.715075, 0.717523, 0, 0.765732, 0.769749, 0, 0, 0.8047, 0, 0, 0, 0, 0, 0, 0, 0.862815, 0.999122, 1.00371, 0.990374, 0.994965, 0.93662, 0.805596, 0.810187, 0.713766, 0.718357, 0, 0.859897, 0.864488, 0.749371, 0.753962, 0.758553, 0.795078, 0.799669, 0.80426, 0.887237, 0.891828, 0.767795, 1.12375, 1.12792, 1.25934, 1.32891, 1.3312, 1.10573, 1.25932, 1.33078, 1.26672, 1.21363, 1.21807, 1.06486, 0, 0, 0, 0, 0, 0, 0, 0, 0, 0, 1.11077, 1.17404, 1.17863, 1.25578, 1.26037, 1.01967, 0.963826, 1.11765, 1.95638, 1.96093, 2.12251, 2.12457, 2.11775, 1.87868, 1.88319, 1.24148, 1.24515, 1.10708, 1.32491, 1.32724, 1.02459, 1.33065, 1.44897, 1.23894, 1.24453, 1.42801, 1.07779, 0.967846, 1.14076, 1.14535, 1.13453, 1.14004, 1.14463, 1.3033, 1.43523, 1.27653, 2.16129, 2.19921, 2.09168, 2.01633, 2.02092, 1.06329, 1.08341, 1.08777, 1.27403, 1.57798, 1.58376, 1.46483, 1.56737, 1.41333, 1.10761, 1.11221, 1.22634, 1.13573, 1.14032, 1.02815, 1.03275, 1.28104, 1.28555, 1.28773, 1.59291, 1.71428, 1.41438, 1.41718, 1.69431, 1.52335, 1.40921, 1.41166, 1.56225, 1.31321, 1.12031, 1.1249, 1.29219, 1.29929, 1.30204, 2.24882, 2.25226, 2.40855, 2.32254, 2.32717, 1.45115, 1.45574, 1.57364, 1.57823, 1.58282, 1.46887, 1.77565, 1.46558, 1.47017, 1.47392, 1.67984, 1.40866, 1.35488, 1.54678, 1.54954, 1.42051, 1.53988, 1.54267, 1.27889, 1.28141, 1.43486, 1.26806, 1.27265, 1.46795, 1.53503, 1.37787, 1.47513, 1.47922, 1.31776, 1.59604, 1.60075, 1.62759, 2.00129, 2.01869, 1.84965, 1.85317, 1.8351, 1.50996, 1.43438, 1.7495, 1.69086, 1.79023, 1.79482, 1.79941, 1.81436, 1.87847, 1.78568, 1.78977, 1.79234, 1.4586, 2.39052, 2.23493, 2.35358, 2.35817, 2.59069, 1.90194, 2.032, 2.03636, 2.04095, 1.95594, 1.81477, 1.93356, 1.87775, 2.25548, 2.08401, 2.20152, 2.12683, 2.97162, 2.69952, 2.55639, 2.67578, 2.73989, 1.92488, 1.9284, 1.9318, 1.5825, 1.52941, 1.3543, 1.62872, 2.55731, 2.5619, 2.56653, 2.72544, 2.57197, 1.67734, 1.68193, 1.80059, 1.51505, 1.96212, 1.96671, 1.9713, 2.04095, 2.04554, 1.60461, 1.96042, 2.10493,
1.17308, 1.6148, 1.61881, 1.45608, 1.5318, 0.729894, 0, 0.729465, 0.734185, 0, 0, 0.704189, 0, 0, 0, 0, 0, 0, 0, 0, 0, 0, 0, 0, 0.786215, 0.71194, 0.956137, 0.793405, 0.798124, 0, 0.829892, 0, 0.995187, 1.00014, 1.0049, 0.994235, 0.923187, 0, 0, 0, 0, 0, 0, 0, 0, 0, 0.84122, 0.775758, 0, 0, 0, 0.736368, 0.741324, 0.917973, 0.701834, 0.944295, 1.15253, 1.15749, 1.12061, 1.12434, 0.974149, 0.73096, 0.781977, 0.786697, 0.791416, 0.885483, 0.8123, 0.913611, 0.918409, 0.923129, 0.744107, 0.836724, 0, 0.846163, 0.891974, 0.896693, 1.04557, 1.05021, 0.881482, 0.804255, 0.808896, 0, 0.748838, 0, 0, 0.831325, 0.835337, 0, 0.834208, 0.836568, 0, 0, 0, 0.788928, 0.793647, 0.798367, 0.803086, 0.978264, 0, 0, 0.869993, 0.873533, 0.70394, 0.922178, 0.925954, 0, 0, 0.871385, 0, 0, 0, 0, 0.865619, 1.00992, 1.01464, 1.20741, 1.24573, 1.08853, 1.00616, 1.01088, 1.27793, 1.12135, 1.12607, 1.0668, 1.07152, 0.702151, 0.896535, 0.901255, 0.765087, 0.769807, 0.774526, 0.851812, 0.856532, 0.861251, 1.04201, 1.04673, 0.785045, 1.1411, 1.14575, 1.14235, 1.33398, 1.38976, 1.29166, 1.38761, 1.46345, 1.46888, 1.2302, 1.23389, 1.08283, 0, 0, 0, 0, 0, 0, 0, 0, 0, 0, 1.13003, 1.3774, 1.38212, 1.45758, 1.4623, 1.22086, 0.982927, 1.14864, 1.96037, 1.96501, 2.0199, 2.02179, 2.01656, 1.96294, 1.96743, 1.32585, 1.32962, 1.12825, 1.28976, 1.29212, 1.04589, 1.29566, 1.62896, 1.47499, 1.48089, 1.56265, 1.30878, 0.983547, 1.15911, 1.16383, 1.43155, 1.43722, 1.44194, 1.60071, 1.69892, 1.26538, 2.02337, 2.26648, 2.26454, 2.18423, 2.18895, 1.27105, 1.21343, 1.2172, 1.34468, 1.66476, 1.67046, 1.48756, 1.86129, 1.71016, 1.40469, 1.40941, 1.52566, 1.39674, 1.40146, 1.29004, 1.29476, 1.30692, 1.31171, 1.31396, 1.48542, 1.83942, 1.67339, 1.67645, 1.8197, 1.74834, 1.40177, 1.40425, 1.63325, 1.41865, 1.22607, 1.23079, 1.39805, 1.325, 1.33043, 2.28558, 2.28959, 2.44895, 2.35164, 2.35644, 1.46431, 1.46903, 1.56795, 1.57267, 1.57739, 1.49815, 1.67126, 1.67778, 1.6825, 1.68769, 1.8935, 1.62162, 1.57587, 1.83507, 1.83932, 1.45124, 1.57168, 1.57404, 1.31002, 1.31191, 1.49333, 1.31689, 1.32161, 1.51685, 1.77413, 1.61939, 1.71807, 1.72256, 1.53357, 1.61699, 1.62183, 1.8295, 2.0757, 2.07995, 2.0545, 2.05875, 2.03831, 1.71314, 1.61379, 1.96167, 1.83777, 1.82449, 1.82921, 1.83393, 1.84817, 2.09562, 2.0042, 2.00632, 2.01033, 1.67681, 2.49622, 2.26942, 2.69323, 2.69795, 2.72083, 2.34189, 2.34661, 2.27158, 2.2763, 2.19142, 2.07495, 2.25122, 1.91368, 2.14602, 2.17342, 2.1781, 2.04952, 2.94643, 2.60871, 2.46011, 2.7123, 2.96014, 2.14597, 2.15022, 2.15396, 1.80411, 1.56519, 1.39221, 1.6668, 2.60601, 2.61073, 2.61553, 2.77435, 2.5736, 1.71608, 1.7208, 2.1446, 1.85849, 2.30628, 2.311, 2.31571, 1.97846, 1.98318, 1.63684, 1.89818, 2.10031,
1.15652, 1.44042, 1.44315, 1.4455, 1.44718, 0.714115, 0, 0, 0, 0, 0, 0, 0, 0, 0, 0, 0, 0, 0, 0, 0, 0, 0, 0, 0, 0, 0.720364, 0.722302, 0.724342, 0, 0.751498, 0, 0.75568, 0.758129, 0.760634, 0.746861, 0.789895, 0, 0, 0, 0, 0, 0, 0, 0, 0, 0, 0, 0, 0, 0, 0, 0, 0, 0, 0, 0.847795, 0.851737, 0.810684, 0.812656, 0.814577, 0, 0, 0, 0, 0, 0, 0, 0, 0, 0, 0, 0, 0, 0, 0, 0.702053, 0.703991, 0, 0, 0, 0, 0, 0, 0, 0, 0, 0, 0, 0, 0, 0, 0, 0, 0, 0, 0, 0.72928, 0, 0, 0, 0, 0, 0, 0, 0, 0, 0, 0, 0, 0, 0, 0, 0.701702, 0.703742, 0.777911, 0.815849, 0, 0, 0, 0.852379, 0.815432, 0.817472, 0.704062, 0.706102, 0, 0, 0, 0, 0, 0, 0, 0, 0, 0, 0, 0, 0.702665, 0.704331, 0.775915, 0.811704, 0.865892, 0.867575, 0.870155, 0.943876, 0.946426, 0.793011, 0.794983, 0.709637, 0, 0, 0, 0, 0, 0, 0, 0, 0, 0, 0.730037, 0.974769, 0.976809, 0.978441, 0.980481, 0.737235, 0, 0, 1.48201, 1.48395, 1.48578, 1.48701, 1.53116, 1.53289, 1.53503, 0.890774, 0.892406, 0, 0.776614, 0.777702, 0, 0.779164, 1.02435, 1.02585, 1.0282, 1.02976, 0.85089, 0, 0, 0, 0.963679, 0.966127, 0.968167, 1.1248, 1.12682, 0.730831, 1.44694, 1.68143, 1.68347, 1.68661, 1.68865, 0.774241, 0, 0, 0.838195, 1.00072, 1.00283, 0.904633, 1.18813, 1.19048, 0.883231, 0.885271, 0.88788, 0.866677, 0.868717, 0.754253, 0.756293, 0.765559, 0.767701, 0.768823, 0.923628, 1.12231, 1.12444, 1.12573, 1.12699, 1.09992, 0.788665, 0.790161, 0.978129, 0.854158, 0, 0, 0.824979, 0.703805, 0.705029, 1.54411, 1.54695, 1.55562, 1.55766, 1.5598, 0, 0, 0.951397, 0.953437, 0.955477, 0.889157, 1.0458, 1.06401, 1.06605, 1.06802, 1.22066, 0.946998, 0.949038, 1.13788, 1.13959, 0.815654, 0.889688, 0.89098, 0, 0, 0.778243, 0, 0, 0.865228, 0.962269, 0.963765, 0.965269, 0.967241, 0.868306, 0.923886, 0.925926, 1.16198, 1.23672, 1.23926, 1.2413, 1.24373, 1.22055, 0.892514, 0.894532, 1.144, 1.1459, 0.955224, 0.957264, 0.959304, 0.97101, 1.1334, 1.13635, 1.13746, 1.13901, 0.961686, 1.77825, 1.54854, 1.97042, 1.97246, 1.97466, 1.41976, 1.4218, 1.34463, 1.34667, 1.25911, 1.26152, 1.26522, 1.05556, 1.15496, 1.17968, 1.18174, 1.18316, 1.18527, 0.843792, 0.771767, 1.04411, 1.1863, 1.18909, 1.19066, 1.19217, 0.956529, 0.715793, 0, 0.874468, 1.81086, 1.8129, 1.81504, 1.81754, 1.69491, 0.906771, 0.908811, 1.33069, 1.04203, 1.48737, 1.48941, 1.49145, 1.14515, 1.14719, 0.805271, 1.05962, 1.18765,
1.30916, 1.74878, 1.75066, 1.4451, 1.5616, 0.71435, 0, 0.910028, 0.912238, 0.805522, 0.807732, 0.767866, 0, 0, 0, 0, 0, 0, 0, 0, 0, 0, 0, 0, 0.865558, 0, 1.16961, 0.819749, 0.821959, 0, 0.849624, 0, 1.11849, 1.12081, 1.12299, 1.10989, 1.0305, 0, 0, 0, 0, 0, 0, 0, 0, 0, 0, 0, 0, 0, 0, 0, 0, 0.792255, 0, 0.813318, 1.21501, 1.21733, 1.17794, 1.17969, 0.917891, 0, 0, 0, 0, 0, 0, 0.824171, 0.826823, 0.829033, 0.717882, 0, 0, 0, 0.800134, 0.802344, 0.811019, 0.812787, 0, 0, 0, 0, 0, 0, 0, 0, 0, 0, 0, 0, 0, 0, 0, 0, 0, 0, 0, 0.745334, 0, 0, 0, 0, 0, 0, 0, 0, 0, 0, 0, 0, 0, 0, 0, 0.720046, 0.722256, 0.918651, 1.03086, 0.897249, 0.808309, 0.810519, 1.0315, 0.837054, 0.839264, 0.768081, 0.770291, 0, 0, 0, 0, 0, 0, 0, 0, 0, 0, 0, 0, 0.724184, 0.725455, 0.950427, 1.14096, 1.19527, 1.03798, 1.11208, 1.32497, 1.32751, 1.08674, 1.08854, 0.826266, 0, 0, 0, 0, 0, 0, 0, 0, 0, 0, 0.848366, 1.09327, 1.09548, 1.25664, 1.25885, 1.01575, 0.775271, 0.939255, 1.72179, 1.72356, 1.95564, 1.95685, 2.00118, 1.55943, 1.56208, 0.917676, 0.920328, 0.716361, 0.937193, 0.938316, 0, 0.939955, 1.27159, 1.05365, 1.05553, 1.19902, 0.878629, 0, 0.724677, 0.726887, 0.992252, 0.99402, 0.99623, 1.15478, 1.22458, 0.788859, 1.59784, 1.87119, 1.78162, 1.83866, 1.84087, 0.843955, 0.723343, 0.725663, 0.869728, 1.3901, 1.39277, 1.20733, 1.57871, 1.31647, 0.915532, 0.917742, 0.923001, 0.898298, 0.900508, 0.788275, 0.790486, 0.79846, 0.801112, 0.80288, 1.111, 1.46434, 1.15856, 1.16016, 1.44019, 1.20259, 0.852727, 0.854126, 1.08122, 0.889977, 0, 0, 0.860529, 0.739228, 0.74177, 1.68286, 1.68529, 1.66394, 1.59397, 1.59662, 0.705552, 0.707762, 1.11955, 1.12176, 1.12397, 1.02074, 1.37546, 1.10226, 1.10447, 1.1062, 1.26883, 1.09154, 1.05142, 1.31852, 1.32106, 0.92999, 0.930299, 0.931901, 0, 0, 0.817326, 0.71086, 0.71307, 0.90675, 1.11315, 1.00537, 1.04517, 1.04683, 0.91075, 0.965911, 0.967402, 1.20363, 1.5872, 1.58909, 1.37186, 1.37385, 1.35083, 1.02457, 0.938618, 1.20887, 1.19174, 1.00128, 1.00349, 1.0057, 1.01453, 1.23361, 1.3236, 1.32537, 1.32703, 1.00711, 1.82272, 1.59314, 2.01518, 2.01739, 3.01959, 2.13644, 2.21646, 2.13976, 2.14197, 1.45164, 1.45429, 1.38366, 1.10175, 1.4849, 1.29958, 1.34477, 1.34698, 1.34967, 0.999421, 0.85369, 1.092, 1.25259, 1.35138, 1.35337, 1.35512, 1.00637, 0.765518, 0, 0.926288, 1.86021, 1.86242, 1.86507, 2.08786, 1.88444, 0.958325, 0.960535, 1.38258, 1.09385, 2.09593, 2.09814, 2.10035, 1.85403, 1.85624, 0.857401, 1.18223, 1.38247,
0, 0.884164, 0.887222, 0.889996, 0.891822, 0, 0, 0, 0, 0, 0, 0.768894, 0, 0, 0, 0, 0, 0, 0, 0, 0, 0, 0, 0, 0, 0, 0.819036, 0.821355, 0.823635, 0, 0.851767, 0, 0.856346, 0.859082, 0.861731, 0.848295, 0.891607, 0, 0, 0, 0, 0, 0, 0, 0, 0, 0, 0, 0, 0, 0, 0, 0, 0, 0, 0, 0.954081, 0.958486, 0.917498, 0.919702, 0.921849, 0, 0, 0, 0, 0, 0, 0, 0, 0, 0, 0, 0, 0, 0, 0, 0, 0, 0, 0, 0, 0, 0, 0, 0, 0, 0, 0, 0, 0, 0, 0, 0, 0, 0, 0, 0, 0, 0, 0, 0, 0, 0, 0, 0, 0, 0, 0, 0, 0, 0, 0, 0, 0, 0, 0.809422, 0.815324, 0, 0, 0, 0.853246, 0.79081, 0.79309, 0.776354, 0.778634, 0, 0, 0, 0, 0, 0, 0, 0, 0, 0, 0, 0, 0, 0, 0.761163, 0.797139, 0.851259, 0.853121, 0.856005, 1.069, 1.07169, 0.918749, 0.920953, 0.836037, 0, 0, 0, 0, 0, 0, 0, 0, 0, 0, 0.858837, 1.10362, 1.1059, 1.10772, 1.11, 0.846139, 0, 0.77007, 0.96319, 0.965451, 0.967294, 0.968662, 1.01291, 1.01496, 1.0172, 0.883638, 0.885462, 0, 0.769958, 0.771117, 0, 0.772808, 1.0183, 1.01998, 1.02275, 1.02444, 0.861476, 0, 0.707952, 0.710232, 0.973268, 0.976004, 0.978284, 1.00276, 1.00487, 0, 0.933772, 1.16868, 1.17096, 1.17447, 1.17675, 0.857079, 0.736551, 0.738717, 0.819041, 1.13932, 1.14168, 1.0435, 1.32741, 1.33019, 0.813295, 0.815575, 0.821133, 0.797724, 0.800004, 0.80217, 0.80445, 0.767997, 0.770239, 0.771322, 0.926254, 1.12513, 1.1275, 1.12889, 1.1305, 0.985186, 0, 0, 0.863994, 0.774572, 0.70915, 0.71143, 0.816363, 0, 0, 1.03978, 1.04295, 1.05181, 1.05409, 1.05639, 0.717623, 0.719903, 1.09832, 1.1006, 1.10288, 1.03668, 1.19338, 1.07267, 1.07495, 1.07715, 1.23025, 1.06543, 1.06771, 1.12978, 1.13169, 0.80804, 0.882314, 0.883701, 0, 0, 0.79651, 0.727585, 0.729865, 0.823711, 0.938673, 0.922923, 0.924604, 0.926865, 0.87432, 0.93709, 0.93937, 1.17567, 1.17815, 1.18023, 1.06693, 1.06964, 1.04661, 0.945247, 0.878104, 1.0048, 1.00693, 0.816901, 0.819181, 0.821461, 0.987954, 1.15022, 1.15352, 1.15481, 1.15649, 0.995219, 1.28611, 1.0566, 1.47879, 1.48107, 2.04003, 2.04214, 2.04442, 1.96745, 1.96973, 1.27946, 1.28216, 1.28629, 1.07675, 1.0896, 1.0124, 1.01479, 1.01638, 1.01873, 0.945919, 0.873994, 1.06708, 1.20934, 1.21247, 1.21421, 1.21591, 1.0255, 0.785427, 0, 0.880148, 1.32571, 1.32799, 1.33029, 1.33308, 1.21032, 0.908699, 0.910979, 1.33317, 1.11531, 2.11755, 2.11983, 2.12211, 1.77605, 1.77833, 0.849485, 1.08807, 1.21625,
0, 0.900526, 0.91089, 0.918623, 0.926355, 0, 0, 0, 0.7092, 0.701305, 0.711176, 0.860303, 0, 0, 0, 0, 0, 0, 0, 0, 0, 0, 0, 0, 0.776523, 0.786394, 1.0056, 1.01531, 1.02518, 0.79968, 1.07647, 0.768343, 1.09638, 1.10428, 1.11217, 1.10849, 1.16193, 0.770508, 0.780379, 0, 0, 0, 0, 0.830323, 0.840194, 0.850065, 0.936368, 0.946239, 0, 0.849268, 0.859139, 0.923489, 0.931386, 1.00451, 0.956029, 1.04722, 1.37525, 1.38315, 1.35374, 1.36147, 1.3692, 1.07772, 0.958488, 0.968359, 0.97823, 1.02596, 1.03823, 1.0757, 1.08574, 1.09561, 1.05787, 1.15562, 0.858201, 1.17536, 1.22606, 1.23593, 1.24382, 1.25353, 1.15702, 1.14042, 1.15227, 1.0839, 1.11089, 1.07741, 1.08432, 1.18029, 1.18893, 1.02988, 1.1948, 1.20072, 1.11364, 1.11956, 1.12943, 1.25109, 1.26096, 1.27083, 1.28071, 1.38235, 1.12365, 1.13353, 1.28961, 1.29479, 1.20524, 1.37352, 1.38216, 1.17184, 1.17678, 1.33917, 1.18496, 1.19483, 1.2047, 1.21457, 1.4115, 1.49004, 1.49991, 1.63146, 1.64135, 1.51704, 1.46529, 1.47516, 1.71496, 1.66189, 1.67176, 1.66076, 1.67063, 1.31193, 1.42416, 1.43403, 1.30604, 1.31591, 1.32578, 1.49511, 1.50499, 1.51486, 1.52771, 1.53758, 1.36053, 1.67292, 1.68263, 1.755, 1.79647, 1.85205, 1.85772, 1.8676, 2.08894, 2.09832, 1.95739, 1.96512, 1.89306, 1.38432, 1.38926, 1.39419, 1.40406, 1.41394, 1.42381, 1.43368, 1.44355, 1.45342, 1.46329, 1.99177, 2.23882, 2.24869, 2.25856, 2.26843, 2.01278, 1.84744, 1.95585, 2.15594, 2.16565, 2.17083, 2.17478, 2.22564, 2.23543, 2.24547, 2.11949, 2.12887, 1.92745, 2.02139, 2.02633, 1.83343, 2.03373, 2.28713, 2.29701, 2.30474, 2.31247, 2.15513, 1.83912, 2.01983, 2.02971, 2.29826, 2.30862, 2.31849, 2.35052, 2.35891, 1.97338, 2.30289, 2.54945, 2.55932, 2.56722, 2.57709, 2.26666, 2.15324, 2.16114, 2.25075, 2.57862, 2.59063, 2.49568, 2.79304, 2.80078, 2.29023, 2.3001, 2.31739, 2.29869, 2.30856, 2.31662, 2.32649, 2.30115, 2.31118, 2.31587, 2.47253, 2.6764, 2.68627, 2.69121, 2.70091, 2.56344, 2.25865, 2.26383, 2.45992, 2.37754, 2.31971, 2.32958, 2.44214, 2.32613, 2.33748, 2.68812, 2.69602, 2.71622, 2.72609, 2.73612, 2.40325, 2.41312, 2.80211, 2.81198, 2.82185, 2.7617, 2.92182, 2.80961, 2.81949, 2.82722, 2.98953, 2.83061, 2.84048, 2.91229, 2.9243, 2.60848, 2.69153, 2.69647, 2.49833, 2.50228, 2.62017, 2.55427, 2.56414, 2.66558, 2.7941, 2.78184, 2.78604, 2.79492, 2.74757, 2.81613, 2.82625, 3.07025, 3.07798, 3.08571, 2.98035, 2.98808, 2.97052, 2.87695, 2.81752, 2.95165, 2.96152, 2.7862, 2.79607, 2.80594, 2.97986, 3.14556, 3.15543, 3.16448, 3.17023, 3.01687, 3.31888, 3.09835, 3.52761, 3.53748, 4.10438, 4.11211, 4.12198, 4.05676, 4.06663, 3.38396, 3.39383, 3.40173, 3.20123, 3.21746, 3.1438, 3.15564, 3.16551, 3.17752, 3.11396, 3.05107, 3.25175, 3.39941, 3.40928, 3.41701, 3.42474, 3.2423, 3.0168, 2.91186, 3.1287, 3.58155, 3.59142, 3.60145, 3.61149, 3.49078, 3.20095, 3.21082, 3.64008, 3.43012, 4.43999, 4.44986, 4.45973, 4.12116, 4.13103, 3.20551, 3.44811, 3.58572,
0, 0, 0, 0, 0, 0, 0, 0, 0, 0, 0, 0, 0, 0, 0, 0, 0, 0, 0, 0, 0, 0, 0, 0, 0, 0, 0.90348, 0.905874, 0.908394, 0, 0.743179, 0, 0.748345, 0.751369, 0.780942, 0.783746, 0.787006, 0, 0, 0, 0, 0, 0, 0, 0, 0, 0, 0, 0, 0, 0, 0, 0, 0, 0, 0, 0.863969, 1.02758, 1.03107, 1.0335, 1.03592, 0, 0, 0, 0, 0, 0, 0, 0, 0, 0, 0, 0, 0, 0, 0, 0, 0, 0, 0, 0, 0, 0, 0, 0, 0, 0, 0, 0, 0, 0, 0, 0, 0, 0, 0, 0, 0, 0, 0, 0, 0, 0, 0, 0, 0, 0, 0, 0, 0, 0, 0, 0, 0, 0, 0, 0, 0, 0, 0, 0, 0, 0, 0, 0, 0, 0, 0.700046, 0, 0, 0, 0, 0, 0, 0, 0, 0, 0, 0, 0.765106, 0.852549, 0.961026, 0.963105, 0.966293, 1.17958, 1.18273, 0.957917, 0.960353, 0.869367, 0, 0, 0, 0, 0, 0, 0, 0, 0, 0, 0.894567, 1.2177, 1.22022, 1.22224, 1.22476, 0.961087, 0.735144, 0.810486, 1.00389, 1.00629, 1.00856, 1.01007, 1.05177, 1.05391, 1.05656, 0.923234, 0.92525, 0.721093, 0.815439, 0.816783, 0, 0.818589, 0.923407, 0.925259, 0.928158, 0.93009, 0.767923, 0, 0.762732, 0.765252, 0.726496, 0.72952, 0.73204, 0.756707, 0.75921, 0, 0.967753, 1.12247, 1.12499, 1.12887, 1.13139, 0.812293, 0.728743, 0.731137, 0.768771, 1.09078, 1.09391, 1.0958, 1.23568, 1.23858, 0.722036, 0.724556, 0.727862, 0, 0, 0, 0, 0.816223, 0.818869, 0.820255, 0.947575, 0.996634, 0.999258, 1.00085, 1.00241, 0.857491, 0, 0, 0.789419, 0.700243, 0, 0, 0.742801, 0.763551, 0.765063, 1.10797, 1.11147, 1.11403, 1.07935, 1.082, 0.743826, 0.746346, 1.09606, 1.09858, 1.1011, 1.09113, 1.22072, 1.20572, 1.20824, 1.21067, 1.21309, 1.04887, 0.971421, 1.03332, 1.03543, 0.883958, 1.02905, 1.03064, 0.830796, 0.832161, 0.943666, 0.717481, 0.720001, 1.23419, 1.23625, 1.13611, 1.16913, 1.1709, 0.913811, 1.21549, 1.21801, 1.14692, 1.1495, 1.15186, 1.03915, 1.04215, 1.03012, 0.929155, 0.862187, 0.98914, 0.991493, 0.974557, 0.977077, 0.979597, 1.14621, 1.29144, 1.29508, 1.29645, 1.29836, 1.13749, 1.29139, 1.12091, 1.36224, 1.36476, 1.92423, 1.92639, 2.20169, 2.20589, 2.20841, 1.51839, 1.52087, 1.17848, 1.14367, 1.14606, 1.03327, 1.05877, 1.06052, 1.06317, 0.98295, 0.932255, 1.12558, 1.35678, 1.36023, 1.36217, 1.36408, 1.17387, 0.855626, 0.743379, 0.942682, 1.3693, 1.37182, 1.37447, 1.37756, 1.28104, 0.980925, 0.983445, 1.22478, 1.00739, 2.00991, 2.01243, 2.01495, 1.88796, 1.89048, 0.924074, 1.20046, 1.28523,
0, 0.748038, 0.753681, 0, 0.787432, 0, 0, 0.832689, 0.839329, 0, 0, 0.825899, 0, 0, 0, 0, 0, 0, 0, 0, 0, 0, 0, 0, 0.94887, 0.787668, 1.15197, 1.01235, 1.01899, 0.703718, 1.05761, 0.747007, 1.16574, 1.17271, 1.26397, 1.02798, 1.11582, 0, 0, 0, 0, 0, 0, 0.776651, 0.78329, 0.789929, 0.894833, 0.836496, 0, 0.715667, 0.722306, 0, 0, 0.884921, 0.713537, 0.919154, 1.19597, 1.42244, 1.37114, 1.37667, 1.27592, 0.998223, 0.88163, 0.888269, 0.894908, 0.949425, 1.08623, 1.03163, 1.03815, 1.04479, 0.843389, 0.927617, 0, 0.940895, 1.09066, 1.0973, 1.15412, 1.15943, 0.967948, 0.871589, 0.877896, 0.723255, 1.01652, 0.896585, 0.899905, 1.18627, 1.19192, 0.868767, 1.01321, 1.01653, 0.715412, 0.722106, 0.728745, 0.77532, 0.781959, 0.788599, 0.795238, 1.10576, 0.931175, 0.937814, 1.09954, 1.10452, 0.80185, 0.970942, 0.977415, 0.854651, 0.857804, 1.01506, 0.856203, 0.862842, 0.869482, 0.876121, 0.883207, 1.21119, 1.21783, 1.42328, 1.43412, 1.38997, 1.21538, 1.22202, 1.36967, 1.19631, 1.20295, 1.36294, 1.36958, 1.07942, 1.23058, 1.23721, 0.954106, 0.960745, 0.967384, 1.04233, 1.04897, 1.05561, 1.15112, 1.15776, 1.01655, 1.32629, 1.33005, 1.32197, 1.53827, 1.69197, 1.69595, 1.70259, 1.92334, 1.84921, 1.53422, 1.53964, 1.44033, 0.931089, 0.934408, 0.937728, 0.944367, 0.951006, 0.957645, 0.964284, 0.970924, 0.977563, 0.984202, 1.50673, 1.834, 1.84064, 1.99532, 2.00196, 1.73966, 1.42577, 1.73192, 1.93012, 1.93543, 1.94774, 1.9514, 1.79662, 1.71244, 1.72041, 1.59082, 1.59878, 1.39751, 1.50584, 1.50921, 1.30003, 1.51414, 1.71339, 1.61447, 1.62011, 1.72658, 1.46993, 1.28141, 1.47188, 1.47852, 1.51127, 1.51924, 1.52588, 1.50672, 1.60987, 1.46684, 1.8249, 1.98281, 1.98945, 2.08746, 2.0941, 1.66008, 1.64368, 1.65065, 1.67646, 2.09386, 2.10161, 1.8965, 2.13407, 2.03382, 1.80928, 1.81592, 1.8219, 1.7578, 1.76444, 1.5129, 1.51954, 1.64416, 1.65212, 1.65744, 1.80436, 1.98175, 1.84191, 1.84677, 1.88016, 1.82565, 1.65872, 1.66292, 1.89326, 1.80975, 1.74878, 1.75542, 1.86292, 1.75973, 1.76372, 2.21101, 2.21831, 2.16796, 2.0146, 2.02256, 1.69414, 1.70078, 2.0986, 2.10524, 2.11188, 2.02458, 2.17732, 2.14826, 2.1549, 2.16032, 2.52248, 2.36594, 2.05195, 2.20168, 2.20931, 1.85949, 2.0087, 2.01357, 1.81492, 1.81852, 1.97701, 1.75538, 1.76202, 2.27907, 2.34718, 2.24517, 2.28894, 2.29525, 2.03097, 2.23433, 2.23881, 2.17184, 2.28456, 2.29784, 2.19261, 2.22067, 2.37375, 2.2108, 2.08706, 2.22903, 2.22633, 2.04478, 2.05141, 2.05805, 2.22348, 2.45207, 2.62707, 2.63239, 2.63737, 2.33925, 2.46502, 2.22521, 2.50446, 2.5111, 3.17527, 3.28953, 3.60223, 3.54992, 3.55656, 2.86955, 2.87586, 2.54163, 2.38204, 2.40595, 2.35673, 2.44086, 2.37955, 2.57474, 2.49791, 2.3969, 2.55564, 2.88347, 2.80755, 2.81352, 2.81905, 2.52259, 2.20865, 1.9585, 2.16378, 2.58786, 2.5945, 2.60247, 2.72577, 2.55438, 2.2228, 2.22944, 2.50869, 2.29751, 3.30355, 3.31019, 3.31683, 3.15908, 3.16572, 2.20227, 2.48086, 2.66979,
0, 0, 0, 0, 0, 0, 0, 0, 0, 0, 0, 0, 0, 0, 0, 0, 0, 0, 0, 0, 0, 0, 0, 0, 0, 0, 0, 0, 0, 0, 0, 0, 0, 0, 0, 0, 0, 0, 0, 0, 0, 0, 0, 0, 0, 0, 0, 0, 0, 0, 0, 0, 0, 0, 0, 0, 0, 0, 0, 0, 0, 0.76461, 0, 0, 0, 0, 0, 0, 0, 0, 0, 0, 0, 0, 0, 0, 0, 0, 0, 0, 0, 0, 0.700622, 0, 0, 0.863198, 0.865544, 0, 0, 0, 0, 0, 0, 0, 0, 0, 0, 0.745251, 0, 0, 0.727391, 0.729461, 0, 0, 0, 0, 0, 0, 0, 0, 0, 0, 0, 0.79929, 0.80205, 0.807337, 0.811988, 0.767038, 0, 0, 0.752776, 0.733677, 0.736437, 0.91224, 0.915, 0, 0.767471, 0.770231, 0, 0, 0, 0, 0, 0, 0, 0, 0, 0, 0, 0, 0.721679, 0.873287, 0.875702, 0.879193, 0.881401, 0.80237, 0, 0, 0, 0, 0, 0, 0, 0, 0, 0, 0, 0, 0, 0, 0.794853, 0.797613, 0.888737, 0.891497, 0.893843, 0, 0.877029, 0.885709, 0.888424, 0.890769, 0.892425, 0.735729, 0.738144, 0.740766, 0.799635, 0.801843, 0, 0, 0, 0, 0, 0.800892, 0.802921, 0.806371, 0.808694, 0.768566, 0, 0.763883, 0.766643, 0.833833, 0.837145, 0.839905, 0.72514, 0.757101, 0, 0.712388, 0.847773, 0.850533, 0.935228, 0.937988, 0.940748, 0.919696, 0.922594, 0.839545, 0.842259, 0.844927, 0, 0.869404, 0.826308, 1.05427, 1.05703, 1.06065, 0.99037, 0.99313, 0.737217, 0.739977, 0.702431, 0.705145, 0.706456, 0.833853, 0.88303, 0.885859, 0.887653, 0.889585, 0.862309, 0.758915, 0.760985, 0.988903, 0.923239, 0.926551, 0.929311, 1.0075, 0.925382, 0.927038, 0.929798, 0.933662, 0.895397, 0.819405, 0.822211, 0.789717, 0.792477, 0.769264, 0.772024, 0.774784, 0, 0.829931, 1.09796, 1.10072, 1.10375, 1.31843, 1.32062, 1.08892, 1.0991, 1.10104, 0.846162, 0.99149, 0.993284, 0.888178, 0.889696, 1.04452, 0.818648, 0.821408, 1.33572, 1.33806, 1.296, 1.31763, 1.31956, 1.07424, 1.11223, 1.11499, 1.04414, 1.04724, 1.05003, 1.02264, 1.04787, 1.19777, 1.20053, 1.0726, 1.21177, 1.21435, 0.930123, 0.932883, 0.935643, 1.04682, 1.19221, 1.29651, 1.29778, 1.3012, 1.30396, 1.08353, 0.839818, 1.11628, 1.11904, 1.12202, 1.23352, 1.54196, 1.48597, 1.48873, 1.49088, 1.4939, 1.15579, 1.11979, 1.12251, 1.07386, 1.15412, 1.08893, 1.27891, 1.28174, 1.28423, 1.26089, 1.45634, 1.37654, 1.38038, 1.38323, 1.38597, 1.06818, 0.814177, 0.994774, 1.08634, 1.0891, 1.09188, 1.12125, 1.04362, 0.948938, 0.951698, 1.19325, 1.11548, 1.18183, 1.18459, 1.18735, 1.05706, 1.05982, 0.966605, 1.11244, 1.19747,
0, 0, 0, 0, 0, 0, 0, 0, 0, 0, 0, 0, 0, 0, 0, 0, 0, 0, 0, 0, 0, 0, 0, 0, 0, 0, 0, 0, 0, 0, 0, 0, 0, 0, 0, 0, 0, 0, 0, 0, 0, 0, 0, 0, 0, 0, 0, 0, 0, 0, 0, 0, 0, 0, 0, 0, 0, 0, 0, 0, 0, 0.771642, 0, 0, 0, 0, 0, 0, 0, 0, 0, 0, 0, 0, 0, 0, 0, 0, 0, 0, 0, 0, 0.710209, 0, 0, 0.873295, 0.875935, 0, 0, 0, 0, 0, 0, 0, 0, 0, 0, 0.756698, 0, 0, 0.739198, 0.741214, 0, 0, 0, 0, 0, 0, 0, 0, 0, 0, 0, 0.812229, 0.815109, 0.820625, 0.824999, 0.78064, 0, 0, 0.766675, 0.747576, 0.750456, 0.926477, 0.929357, 0, 0.781994, 0.784874, 0, 0, 0, 0, 0, 0, 0, 0, 0, 0, 0, 0, 0.737545, 0.889089, 0.891465, 0.895108, 0.897412, 0.818514, 0, 0, 0, 0, 0, 0, 0, 0, 0, 0, 0, 0, 0, 0, 0.812592, 0.815472, 0.906878, 0.909758, 0.912014, 0, 0.895884, 0.904427, 0.907163, 0.909755, 0.911483, 0.754931, 0.757499, 0.760427, 0.819416, 0.82172, 0, 0.712341, 0.713781, 0, 0.715941, 0.821214, 0.823332, 0.82674, 0.828852, 0.788981, 0, 0.784894, 0.787774, 0.855084, 0.85854, 0.86142, 0.746751, 0.778428, 0.702446, 0.734003, 0.869386, 0.872266, 0.957535, 0.960415, 0.963295, 0.942387, 0.945219, 0.861934, 0.86467, 0.867742, 0.714073, 0.892629, 0.849677, 1.07782, 1.0807, 1.0842, 1.0144, 1.01728, 0.761262, 0.764142, 0.726622, 0.72955, 0.730918, 0.858428, 0.907741, 0.91074, 0.912468, 0.914436, 0.887442, 0.784094, 0.786182, 1.01426, 0.948514, 0.952036, 0.954916, 1.03336, 0.951487, 0.953215, 0.956095, 0.960127, 0.921318, 0.845608, 0.848632, 0.816516, 0.819396, 0.796045, 0.798925, 0.801805, 0.714051, 0.857596, 1.12564, 1.12852, 1.13121, 1.34592, 1.34817, 1.11709, 1.12701, 1.12952, 0.874883, 1.02033, 1.02206, 0.91692, 0.918504, 1.07347, 0.847579, 0.850459, 1.365, 1.36722, 1.32549, 1.34695, 1.34902, 1.10413, 1.14218, 1.14506, 1.07433, 1.07738, 1.07998, 1.05308, 1.07814, 1.22838, 1.23126, 1.10331, 1.24272, 1.24541, 0.961392, 0.964272, 0.967152, 1.07838, 1.22351, 1.32812, 1.32966, 1.33302, 1.3359, 1.11559, 0.871855, 1.14845, 1.15133, 1.15444, 1.26652, 1.57479, 1.51883, 1.52171, 1.52424, 1.52739, 1.1894, 1.15329, 1.15602, 1.1075, 1.18788, 1.1226, 1.3127, 1.31577, 1.31884, 1.29563, 1.49116, 1.41148, 1.41519, 1.41788, 1.42071, 1.10339, 0.849576, 1.03041, 1.12202, 1.1249, 1.12782, 1.15732, 1.07955, 0.985129, 0.988009, 1.22977, 1.1521, 1.21871, 1.22159, 1.22447, 1.09439, 1.09727, 1.00392, 1.15001, 1.235,
1.09646, 1.26067, 1.25935, 0, 0, 0, 0.865118, 0.917421, 0.915782, 0.751582, 0.749943, 0, 0, 0, 0, 0, 0, 0, 0, 0, 0, 0, 1.1327, 1.13188, 1.45209, 1.28247, 1.34059, 0, 0, 0, 0, 1.00702, 1.06064, 1.05908, 1.18037, 0.889664, 0, 0, 0, 0, 0, 0, 0, 0, 0, 0, 0, 0, 0, 0.703965, 0.702325, 0, 0, 0.83981, 0, 0.97764, 0.881205, 1.14895, 1.0427, 1.04145, 0, 0, 0, 0, 0, 0, 0, 1.16326, 1.16165, 1.16001, 0.966845, 1.04279, 0, 1.03952, 1.18158, 1.17994, 1.22696, 1.22529, 0, 0, 0, 0, 0, 0, 0, 0, 0, 0, 0, 0, 0, 0, 0, 0, 0, 0, 0, 0, 0, 0, 0, 0, 0, 0, 0, 0, 0, 0, 0, 0, 0, 0, 0, 0, 0, 0, 0, 0, 0, 0, 0, 0, 0, 0, 0, 0, 0, 0, 0, 0, 0, 0, 0, 0, 0, 0, 0, 0.9473, 0.946453, 0.93056, 1.14138, 1.29335, 1.29238, 1.29074, 0.996047, 0.865916, 0, 0, 0, 0, 0, 0, 0, 0, 0, 0, 0, 0, 0, 0, 0, 0, 0, 0, 0, 0, 0, 0, 0, 0, 0, 0, 0, 0, 0.939879, 0.938253, 0.731572, 0.836632, 0.83569, 0, 0.834583, 1.02913, 0.921718, 0.92038, 1.02048, 0, 0, 0, 0, 0, 0, 0, 0, 0, 0, 0, 0, 0, 0, 0, 0, 0, 0, 0, 0, 0, 0, 0, 0, 0, 0, 0, 0, 0, 0, 0, 0, 0, 0, 0.811305, 0.985847, 0.839507, 0.838523, 0.866871, 0, 0, 0, 0, 0, 0, 0, 0, 0, 0, 0, 0, 0, 0, 0, 0, 0, 0, 0, 0, 0, 0, 0.946529, 0.944889, 0.943551, 1.29906, 0, 0, 0.763351, 0.761643, 0, 0, 0, 0, 0, 0, 0, 0, 0, 0, 0, 0, 0, 0, 0.879604, 0.878115, 0.803008, 0.909356, 0.915659, 0, 0, 0, 0, 0, 0, 0, 0, 0, 0, 0.746888, 0.968714, 1.13544, 1.13394, 1.13306, 0, 0, 0, 0, 0, 0, 0, 0, 0, 0, 1.2744, 1.27243, 0.931373, 0.762637, 0.780186, 0, 0, 0, 0, 0, 0, 0.868709, 1.1877, 1.1035, 1.10226, 1.101, 0, 0, 0, 0, 0, 0, 0, 0, 0, 0, 0, 0, 0, 0, 0, 0, 0, 0, 0, 0, 0.783248,
1.08466, 1.23215, 1.22495, 0, 0, 0, 0.829962, 0.935164, 0.928199, 0.754718, 0.747753, 0, 0, 0, 0, 0, 0, 0, 0, 0, 0, 0, 1.01584, 1.01236, 1.16389, 0.999029, 1.10371, 0, 0, 0, 0, 0.84539, 0.948677, 0.943105, 1.19464, 0.898502, 0, 0, 0, 0, 0, 0, 0, 0, 0, 0, 0, 0, 0, 0, 0, 0, 0, 0.732519, 0, 0.859735, 0, 0, 0, 0, 0, 0, 0, 0, 0, 0, 0, 0.864935, 0.858319, 0.851354, 0, 0, 0, 0, 0.823727, 0.816762, 0.850406, 0.843093, 0, 0, 0, 0, 0, 0, 0, 0, 0, 0, 0, 0, 0, 0, 0, 0, 0, 0, 0, 0, 0, 0, 0, 0, 0, 0, 0, 0, 0, 0, 0, 0, 0, 0, 0, 0, 0, 0, 0, 0, 0, 0, 0, 0, 0, 0, 0, 0, 0, 0, 0, 0, 0, 0, 0, 0, 0, 0, 0, 0, 0, 0, 0, 0, 0, 0, 0, 0, 0, 0, 0, 0, 0, 0, 0, 0, 0, 0, 0, 0, 0, 0, 0, 0, 0, 0, 0, 0, 0, 0, 0, 0, 0, 0, 0, 0, 0, 0, 0, 0, 0, 0, 0, 0, 0, 0, 0, 0, 0, 0, 0, 0, 0, 0, 0, 0, 0, 0, 0, 0, 0, 0, 0, 0, 0, 0, 0, 0, 0, 0, 0, 0, 0, 0, 0, 0, 0, 0, 0, 0, 0, 0, 0, 0, 0, 0, 0, 0, 0, 0, 0, 0, 0, 0, 0, 0, 0, 0, 0, 0, 0, 0, 0, 0, 0, 0, 0, 0, 0, 0, 0, 0, 0, 0, 0, 0, 0, 0, 0, 0, 0, 0, 0, 0, 0, 0, 0, 0, 0, 0, 0, 0, 0, 0, 0, 0, 0, 0, 0, 0, 0, 0, 0, 0, 0, 0, 0, 0, 0, 0, 0, 0, 0, 0, 0, 0, 0, 0, 0, 0, 0, 0, 0, 0, 0, 0, 0, 0, 0, 0, 0, 0, 0, 0, 0, 0, 0, 0, 0, 0, 0, 0, 0, 0, 0, 0, 0, 0, 0, 0, 0, 0, 0, 0, 0, 0, 0,
1.08083, 1.09429, 1.09768, 0, 0, 0, 0.886613, 0.890585, 0.893825, 0.849629, 0.852869, 0, 0, 0, 0, 0, 0, 0, 0, 0, 0, 0, 1.22905, 1.23067, 1.23375, 1.18304, 1.19309, 0, 0, 0, 0, 0.892228, 0.920464, 0.923056, 1.18216, 1.18576, 0.757829, 0.703158, 0.706398, 0, 0, 0, 0, 0, 0, 0, 0, 0, 0, 0.802199, 0.805439, 1.0957, 1.0991, 1.10223, 0.754093, 1.25013, 0.996725, 1.02531, 1.02992, 1.03327, 0, 0, 0, 0, 0, 0, 0, 1.39885, 1.40215, 1.40539, 1.29881, 1.317, 0, 1.32348, 1.38755, 1.39079, 1.39496, 1.39815, 0, 0, 0, 0, 0, 0, 0, 0, 0, 0, 0, 0, 0, 0, 0, 0, 0, 0, 0, 0, 0, 0, 0, 0, 0, 0, 0, 0, 0, 0, 0, 0, 0, 0, 0, 0, 0, 0.732772, 0.741076, 0.744316, 0.748149, 0.751389, 0, 0, 0, 0, 0, 0, 0.800796, 0.804036, 0, 0, 0, 0, 0, 0, 0, 0, 0, 1.46642, 1.46934, 1.699, 1.7003, 1.70192, 1.53466, 1.56491, 1.25417, 1.25738, 1.26192, 1.26548, 0.725666, 0, 0, 0, 0, 0, 0, 0, 0, 0, 0, 0.758066, 0.864989, 0.868229, 0.920446, 0.923686, 0.904738, 0.907847, 1.05644, 1.16139, 1.16458, 1.16733, 1.16927, 0.950151, 0.952959, 0.956037, 1.60558, 1.60817, 1.53174, 1.66405, 1.66584, 1.24287, 1.6681, 1.70456, 1.70694, 1.71099, 1.74148, 0.994857, 0.83442, 0.912333, 0.915573, 0.8116, 0.815488, 0.818728, 1.14166, 1.1822, 1.18673, 1.18997, 1.19884, 1.07865, 1.08363, 1.08687, 0.868862, 0.824029, 0.827431, 1.39808, 1.43323, 1.4372, 1.43963, 1.44614, 1.01763, 0.95437, 0.95761, 0.961862, 0.944911, 0.948151, 0.739564, 0.742804, 1.6544, 1.65769, 1.65923, 1.93342, 1.93575, 1.69693, 1.69904, 1.85954, 1.27704, 1.27859, 1.28102, 1.30805, 1.0081, 0.838335, 0.841575, 0.890497, 0.936809, 0.938754, 1.158, 1.1625, 1.22307, 1.22631, 1.22961, 1.07998, 1.08322, 1.07084, 1.07408, 1.07732, 1.01079, 1.84984, 1.8461, 1.84934, 1.85291, 1.87452, 0.974954, 0.978194, 1.59051, 1.59279, 1.47493, 1.54884, 1.55095, 0.939529, 0.941311, 1.10946, 0.983251, 0.986491, 1.13327, 1.13602, 1.07814, 1.16025, 1.16251, 1.07504, 1.99116, 1.9944, 1.85407, 1.85771, 1.96589, 1.09908, 1.10356, 1.19286, 1.1961, 1.19728, 1.39843, 1.40145, 1.32227, 1.32551, 1.32875, 1.96224, 1.96532, 2.08068, 2.08324, 2.08618, 1.15919, 1.44653, 1.22518, 1.28642, 1.28966, 1.38781, 1.30984, 1.33853, 1.34394, 1.34718, 2.04296, 2.04604, 2.18837, 2.19104, 2.19423, 1.39834, 1.40163, 1.23576, 1.2718, 1.27472, 1.21492, 2.08027, 2.08299, 2.05997, 2.06373, 2.06729, 1.14006, 1.0738, 0.955773, 1.1736, 1.53049, 1.53373, 1.53702, 1.55428, 1.55585, 1.20539, 1.20863, 1.35444, 1.13077, 1.35671, 1.35995, 1.36319, 1.49807, 1.50131, 1.28292, 2.19709, 2.20068,
1.08116, 1.09472, 1.0979, 0, 0, 0, 0.887752, 0.891647, 0.895007, 0.851038, 0.854398, 0, 0, 0, 0, 0, 0, 0, 0, 0, 0, 0, 1.23182, 1.2335, 1.23678, 1.18575, 1.19603, 0, 0, 0, 0, 0.895629, 0.923796, 0.926484, 1.18593, 1.18967, 0.761675, 0.707643, 0.711003, 0, 0, 0, 0, 0, 0, 0, 0, 0, 0, 0.808318, 0.811678, 1.10205, 1.10536, 1.10861, 0.760812, 1.25631, 1.00302, 1.03192, 1.0367, 1.03984, 0, 0, 0, 0, 0, 0, 0, 1.40664, 1.41017, 1.41353, 1.30701, 1.32531, 0, 1.33203, 1.39627, 1.39963, 1.40395, 1.40715, 0, 0, 0, 0, 0, 0, 0, 0, 0, 0, 0, 0, 0, 0, 0, 0, 0, 0, 0, 0, 0, 0, 0, 0, 0, 0, 0, 0, 0, 0, 0, 0, 0, 0, 0, 0, 0, 0.74609, 0.754701, 0.758061, 0.761864, 0.765224, 0, 0, 0, 0, 0, 0, 0.815351, 0.818711, 0, 0, 0.701002, 0, 0, 0, 0, 0, 0, 1.48211, 1.48488, 1.71461, 1.71596, 1.71764, 1.55025, 1.58072, 1.27056, 1.27389, 1.2786, 1.28173, 0.742207, 0, 0, 0, 0, 0, 0, 0, 0, 0, 0, 0.775807, 0.882794, 0.886154, 0.9389, 0.942261, 0.923528, 0.926752, 1.07533, 1.18009, 1.18328, 1.18631, 1.18832, 0.969248, 0.972104, 0.975632, 1.62529, 1.62798, 1.55152, 1.68401, 1.68577, 1.2628, 1.68821, 1.72482, 1.72729, 1.73115, 1.76167, 1.01548, 0.855221, 0.933278, 0.936638, 0.832899, 0.836931, 0.840291, 1.16331, 1.20384, 1.20854, 1.2119, 1.22054, 1.10035, 1.10552, 1.10888, 0.891457, 0.846654, 0.849846, 1.42042, 1.45555, 1.45981, 1.46233, 1.46915, 1.04079, 0.977955, 0.981315, 0.985389, 0.968994, 0.972354, 0.763395, 0.766755, 1.67836, 1.68188, 1.68373, 1.95802, 1.96044, 1.72175, 1.72385, 1.88424, 1.30219, 1.3038, 1.30623, 1.33344, 1.03361, 0.863828, 0.867188, 0.916392, 0.962963, 0.964979, 1.18379, 1.18846, 1.24912, 1.25248, 1.25601, 1.10693, 1.11029, 1.09761, 1.10097, 1.10433, 1.03789, 1.87744, 1.87393, 1.87729, 1.88043, 1.90205, 1.00303, 1.00639, 1.61838, 1.62131, 1.50315, 1.57762, 1.57972, 0.968283, 0.970131, 1.13843, 1.01195, 1.01531, 1.16234, 1.16497, 1.10765, 1.18955, 1.19196, 1.10486, 2.02105, 2.02441, 1.88419, 1.88763, 1.9958, 1.12955, 1.1342, 1.22317, 1.22653, 1.2278, 1.42939, 1.43252, 1.35357, 1.35693, 1.36029, 1.9936, 1.99713, 2.1126, 2.11517, 2.11831, 1.19111, 1.47857, 1.25718, 1.31856, 1.32192, 1.41997, 1.34243, 1.37104, 1.37664, 1.38, 2.07591, 2.07932, 2.22175, 2.22452, 2.22771, 1.43194, 1.43547, 1.26947, 1.30578, 1.30936, 1.24968, 2.11504, 2.11786, 2.09496, 2.09886, 2.10199, 1.17474, 1.109, 0.991172, 1.20915, 1.56587, 1.56923, 1.57276, 1.59011, 1.59175, 1.24158, 1.24494, 1.39098, 1.16751, 1.39361, 1.39697, 1.40033, 1.53533, 1.53869, 1.32024, 2.2346, 2.23832,
1.14919, 1.3217, 1.32279, 0, 0.759783, 0, 0.926605, 1.0385, 1.03995, 0.832354, 0.8338, 0, 0, 0, 0, 0, 0, 0, 0, 0, 0, 0, 1.23969, 1.24041, 1.34512, 1.13788, 1.24657, 0, 0, 0, 0, 0.838212, 0.947269, 0.948643, 1.23009, 1.23146, 0.793637, 0, 0, 0, 0, 0, 0, 0, 0, 0, 0, 0, 0, 0.827323, 0.828769, 1.00565, 1.00702, 1.14465, 0, 1.28946, 1.03427, 1.06209, 1.03459, 1.03568, 0, 0, 0, 0, 0, 0, 0, 1.37147, 1.3732, 1.37465, 1.17366, 1.19004, 0, 1.19294, 1.31558, 1.31702, 1.53583, 1.53699, 0.758081, 0, 0, 0, 0, 0, 0, 0, 0, 0, 0, 0, 0, 0, 0, 0, 0, 0, 0, 0, 0, 0, 0, 0, 0, 0, 0, 0, 0, 0, 0, 0, 0, 0, 0, 0, 0, 0.80858, 0.811391, 0.731366, 0, 0, 0, 0, 0, 0, 0, 0, 0, 0, 0, 0, 0, 0, 0, 0, 0, 0, 0, 1.24087, 1.24169, 1.46264, 1.48673, 1.54399, 1.32448, 1.50818, 1.1139, 1.11561, 1.01637, 1.01745, 0, 0, 0, 0, 0, 0, 0, 0, 0, 0, 0, 0, 0, 0, 0.727592, 0.729038, 0.707387, 0, 0.821402, 0.973527, 0.974684, 1.03144, 1.03209, 0.82532, 0.748481, 0.750217, 1.39746, 1.39919, 1.23702, 1.44948, 1.45022, 0.947155, 1.45129, 1.61601, 1.40554, 1.40662, 1.55355, 0, 0, 0, 0, 0, 0, 0, 0.975298, 1.32506, 1.23751, 1.31683, 1.37311, 1.25204, 1.05673, 1.05818, 0.765806, 0, 0, 1.25926, 1.37093, 1.37272, 1.09518, 1.25273, 0.7102, 0, 0, 0.744949, 0, 0, 0, 0, 1.29074, 1.29247, 1.29363, 1.56792, 1.7646, 1.49183, 1.49289, 1.78795, 1.31061, 1.2793, 1.28021, 1.43279, 0.958299, 0, 0, 0.769759, 0, 0, 0.981615, 0.983013, 1.0697, 0.830992, 0.832727, 0.777171, 0.778617, 0.894265, 0.895711, 0.897157, 0, 1.43963, 1.43433, 1.43578, 1.43686, 1.60316, 0.702543, 0, 1.25642, 1.25823, 1.13757, 1.21312, 1.21418, 0, 0, 1.51325, 1.34921, 1.35065, 1.52745, 1.63812, 0.801892, 0.992824, 0.993969, 0.819628, 1.54758, 1.54859, 1.49858, 1.54071, 1.65335, 0.785746, 0.858335, 0.94551, 0.946956, 0.796044, 1.14986, 0.970758, 0.882664, 0.88411, 0.885556, 1.51287, 1.61822, 1.68605, 1.68719, 1.68815, 0, 0.965062, 0.74183, 0.912177, 0.913623, 1.06861, 0.990987, 1.05571, 1.05718, 1.05863, 1.75116, 1.67897, 1.82022, 1.68754, 1.80062, 1.82083, 1.82227, 1.65433, 1.6971, 1.6989, 0.705553, 1.5752, 1.68054, 1.75242, 1.75353, 1.75463, 0.757434, 0, 0, 0, 0.997486, 0.998932, 1.00067, 1.1883, 1.01519, 0, 0, 0.835297, 0, 0.919525, 0.920971, 0.922417, 0.945177, 0.946623, 0.72497, 1.63959, 1.70381,
0, 0, 0, 0, 0, 0, 0, 0, 0, 0, 0, 0, 0, 0, 0, 0, 0, 0, 0, 0, 0, 0, 0, 0, 0, 0, 0, 0, 0, 0, 0, 0, 0, 0, 0, 0, 0, 0, 0, 0, 0, 0, 0, 0, 0, 0, 0, 0, 0, 0, 0, 0.766278, 0.769027, 0.772636, 0, 0.76596, 0, 0, 0, 0, 0, 0, 0, 0, 0, 0, 0, 0.70143, 0.705554, 0.70899, 0, 0, 0, 0, 0, 0, 0.809399, 0.812148, 0, 0, 0, 0, 0, 0, 0, 0, 0, 0, 0, 0, 0, 0, 0, 0, 0, 0, 0, 0.701532, 0, 0, 0, 0, 0, 0, 0, 0, 0, 0, 0, 0, 0, 0, 0, 0.757836, 0.761273, 0.764194, 0.77486, 0.709809, 0.71273, 0.716167, 0, 0, 0, 0, 0, 0, 0.862016, 0.865453, 0.704023, 0.707459, 0.710895, 0, 0, 0, 0, 0, 0, 0.772405, 0.774353, 0.924452, 0.92617, 0.927888, 0.808952, 0.944415, 0.786584, 0.790536, 0.793457, 0.796263, 0, 0, 0, 0, 0, 0, 0, 0, 0, 0, 0, 0, 0.726384, 0.729821, 0.780999, 0.784435, 0.772996, 0.776433, 0.92759, 0.986525, 0.989932, 0.991679, 0.993054, 0.78898, 0.791385, 0.795509, 0.994208, 0.998332, 0.837667, 1.05086, 1.0526, 0.780363, 1.05515, 1.05764, 0.967836, 0.970757, 0.9741, 0.894891, 0.779441, 0.857619, 0.861056, 0.916145, 0.918894, 0.92233, 1.157, 1.3044, 1.30732, 1.31076, 1.31357, 1.26234, 1.0714, 1.07483, 1.07827, 0.999993, 1.00349, 1.05866, 1.06141, 1.06547, 0.980968, 0.990145, 0.931274, 1.03616, 1.0396, 1.0424, 0.931777, 0.935214, 0.752969, 0.756406, 0.965329, 0.969452, 0.972201, 1.17413, 1.17559, 1.17316, 1.17568, 1.43899, 1.40268, 1.40663, 1.40881, 1.41127, 1.37759, 1.11391, 1.11735, 1.19427, 1.05255, 1.05651, 1.06172, 1.06533, 1.15345, 1.06561, 1.06908, 1.21926, 1.2227, 1.17545, 1.17888, 1.18232, 0.890142, 1.16377, 1.14019, 1.14363, 1.14643, 1.23449, 1.06849, 1.01261, 1.14158, 1.14565, 1.03326, 1.11081, 1.11333, 0.982432, 0.984293, 1.89713, 1.82986, 1.83329, 1.98069, 1.98344, 1.25785, 1.3064, 1.30972, 1.31153, 1.25312, 1.25544, 1.26799, 1.27091, 1.27372, 1.15837, 1.23245, 1.27616, 1.2796, 1.28304, 1.30004, 1.30348, 1.21688, 1.22032, 1.22376, 1.30775, 1.31188, 1.33534, 1.33701, 1.33981, 1.22234, 1.29473, 1.07322, 1.17212, 1.17556, 1.25697, 1.2982, 1.30163, 1.30524, 1.30868, 1.43078, 1.36035, 1.45605, 1.45965, 1.4624, 2.25421, 2.25768, 2.08821, 2.12553, 2.1296, 1.25971, 1.42133, 1.42528, 1.49915, 1.50207, 1.50488, 1.33888, 1.24051, 1.0137, 1.23444, 1.38671, 1.39015, 1.39361, 1.43409, 1.41032, 1.26489, 1.26833, 1.44015, 1.21645, 1.37381, 1.37724, 1.38068, 1.36003, 1.36347, 1.25607, 1.45851, 1.46135,
1.2041, 1.247, 1.25199, 1.25664, 1.26005, 0, 0, 0, 0, 0, 0, 0, 0, 0, 0, 0, 0, 0, 0, 0, 0, 0, 0, 0, 0, 0, 0.721108, 0, 0, 0, 0, 0, 0.755739, 0.758715, 0.762896, 0.765872, 0, 0, 0, 0, 0, 0, 0, 0, 0, 0, 0, 0, 0, 0, 0, 0, 0, 0, 0, 0, 0.843236, 0.850424, 0.8534, 0.856345, 0.716036, 0, 0, 0, 0, 0, 0, 0.804709, 0.808398, 0.812118, 0, 0, 0, 0, 0.748779, 0.752499, 0.912035, 0.915786, 0, 0, 0, 0, 0, 0, 0, 0, 0, 0, 0, 0, 0, 0, 0, 0, 0, 0, 0, 0.784838, 0, 0, 0.776004, 0.778794, 0, 0.826599, 0.829575, 0, 0, 0, 0, 0, 0, 0, 0, 0.779355, 0.783075, 0.858844, 0.899897, 0.831768, 0.840687, 0.844407, 0.794759, 0.757816, 0.761536, 0, 0, 0, 0.799232, 0.802952, 0, 0, 0, 0, 0, 0, 0, 0, 0, 0.889844, 0.893192, 1.04276, 1.04425, 1.04611, 0.928394, 1.06352, 1.13882, 1.14251, 1.14772, 1.15181, 0.943572, 0, 0, 0, 0, 0, 0, 0, 0, 0, 0, 0.980772, 1.0644, 1.06812, 1.07109, 1.07481, 0.832622, 0.822729, 0.91671, 1.68269, 1.68644, 1.73898, 1.74121, 1.75707, 1.7603, 1.76383, 1.12125, 1.12423, 0.964121, 1.17735, 1.1794, 0.880492, 1.182, 1.1885, 1.09637, 1.10102, 1.10421, 0.926768, 0.811602, 0.890112, 0.893832, 1.06131, 1.06578, 1.0695, 1.22747, 1.4904, 1.49561, 2.17498, 2.17817, 2.18189, 2.0464, 2.05012, 1.13558, 1.05815, 1.06206, 1.24722, 1.41143, 1.41477, 1.35176, 1.35569, 1.30325, 0.996902, 1.00062, 1.0055, 0.89555, 0.89927, 0.786787, 0.790507, 1.10508, 1.10874, 1.1105, 1.3119, 1.31458, 1.31226, 1.31468, 1.58041, 1.59929, 1.60107, 1.60386, 1.60656, 1.3679, 1.1741, 1.17782, 1.3441, 1.20323, 1.20547, 2.04667, 2.05184, 2.05574, 1.9048, 1.90848, 1.16205, 1.16577, 1.55543, 1.55915, 1.56287, 1.27093, 1.47515, 1.28592, 1.28964, 1.29373, 1.38282, 1.11005, 1.11377, 1.30474, 1.30737, 1.23394, 1.31177, 1.31419, 1.05022, 1.05227, 1.97644, 1.89829, 1.90201, 2.09647, 2.09963, 1.37457, 1.37732, 1.38085, 1.28219, 1.40308, 1.4068, 1.41964, 1.55869, 1.56221, 1.5039, 1.57844, 1.5974, 1.27463, 1.27893, 1.52527, 1.52874, 1.44251, 1.44623, 1.44995, 1.46396, 1.4675, 1.4758, 1.47874, 1.48212, 1.24716, 2.13605, 2.00062, 2.17274, 2.17646, 2.18047, 1.6649, 1.66823, 1.67523, 1.67895, 1.59307, 1.52056, 1.61833, 1.6214, 1.69794, 2.47669, 2.48047, 2.48306, 2.48641, 2.14707, 1.31044, 1.58447, 1.58759, 1.66175, 1.66606, 1.67015, 1.36332, 1.3238, 1.09737, 1.37112, 2.27677, 2.28049, 2.28418, 2.30369, 2.3055, 1.41429, 1.41801, 1.59013, 1.30294, 1.74974, 1.75346, 1.75718, 1.65398, 1.6577, 1.32654, 1.57182, 1.57594,
1.20442, 1.24751, 1.25266, 1.25734, 1.26041, 0, 0, 0, 0, 0, 0, 0, 0, 0, 0, 0, 0, 0, 0, 0, 0, 0, 0, 0, 0, 0, 0.723998, 0, 0, 0, 0, 0, 0.759068, 0.76214, 0.766456, 0.769528, 0, 0, 0, 0, 0, 0, 0, 0, 0, 0, 0, 0, 0, 0, 0, 0, 0, 0, 0, 0, 0.84958, 0.856999, 0.860071, 0.862919, 0.722821, 0, 0, 0, 0, 0, 0, 0.812886, 0.816758, 0.820598, 0, 0, 0, 0, 0.757834, 0.761675, 0.92127, 0.925078, 0, 0, 0, 0, 0, 0, 0, 0, 0, 0, 0, 0, 0, 0, 0, 0, 0, 0, 0, 0.796348, 0, 0, 0.787874, 0.790594, 0, 0.838513, 0.841585, 0, 0, 0, 0, 0, 0, 0, 0, 0.792325, 0.796165, 0.872048, 0.912935, 0.845194, 0.854401, 0.858241, 0.808819, 0.771876, 0.775716, 0, 0, 0, 0.813786, 0.817626, 0, 0, 0, 0, 0, 0, 0, 0, 0, 0.905586, 0.909074, 1.05844, 1.05998, 1.0619, 0.943875, 1.07964, 1.15521, 1.15902, 1.1644, 1.16811, 0.96031, 0, 0, 0, 0, 0, 0, 0, 0, 0, 0, 0.99871, 1.08213, 1.08597, 1.08905, 1.09289, 0.850914, 0.841649, 0.935596, 1.70173, 1.70554, 1.75782, 1.76013, 1.77632, 1.77978, 1.78356, 1.14109, 1.14417, 0.983844, 1.19743, 1.19939, 0.900372, 1.20223, 1.20894, 1.11684, 1.12151, 1.12436, 0.947118, 0.832264, 0.911186, 0.915026, 1.0825, 1.0871, 1.09094, 1.24901, 1.51217, 1.51755, 2.19691, 2.19976, 2.2036, 2.06868, 2.07252, 1.15806, 1.08078, 1.08443, 1.26974, 1.43406, 1.43803, 1.37451, 1.37857, 1.32675, 1.02049, 1.02433, 1.02898, 0.919648, 0.923488, 0.810594, 0.814434, 1.12935, 1.13312, 1.13495, 1.33649, 1.33926, 1.33721, 1.33954, 1.60545, 1.62457, 1.62641, 1.62913, 1.63208, 1.39354, 1.19973, 1.20357, 1.37012, 1.2294, 1.23171, 2.07284, 2.07818, 2.08182, 1.93136, 1.93523, 1.18901, 1.19285, 1.58253, 1.58637, 1.59021, 1.29823, 1.50275, 1.31363, 1.31747, 1.32119, 1.41053, 1.13785, 1.14169, 1.33279, 1.33601, 1.26272, 1.34067, 1.34301, 1.07899, 1.0811, 2.00513, 1.92694, 1.93078, 2.12549, 2.12863, 1.40413, 1.40696, 1.41077, 1.31202, 1.43309, 1.43693, 1.44989, 1.58857, 1.59207, 1.53439, 1.60916, 1.62753, 1.3054, 1.30984, 1.55585, 1.55944, 1.47394, 1.47778, 1.48162, 1.49565, 1.49943, 1.50785, 1.51073, 1.51438, 1.27903, 2.16842, 2.03293, 2.20527, 2.20911, 2.21325, 1.69783, 1.70126, 1.70849, 1.71233, 1.62657, 1.5541, 1.65205, 1.65521, 1.732, 2.51015, 2.51418, 2.51685, 2.52082, 2.1816, 1.34522, 1.61936, 1.62259, 1.69687, 1.70132, 1.70503, 1.39812, 1.35863, 1.13277, 1.40664, 2.31254, 2.31638, 2.32025, 2.33946, 2.34133, 1.45056, 1.4544, 1.62674, 1.3397, 1.78678, 1.79062, 1.79446, 1.69137, 1.69521, 1.36382, 1.60945, 1.61371,
1.20001, 1.24145, 1.24075, 1.24018, 1.23957, 0, 0, 0, 0, 0, 0, 0, 0, 0, 0, 0, 0, 0, 0, 0, 0, 0, 0, 0, 0, 0, 0, 0, 0, 0, 0, 0, 0, 0, 0, 0, 0, 0, 0, 0, 0, 0, 0, 0, 0, 0, 0, 0, 0, 0, 0, 0, 0, 0, 0, 0, 0, 0, 0, 0, 0, 0, 0, 0, 0, 0, 0, 0, 0, 0, 0, 0, 0, 0, 0, 0, 0, 0, 0, 0, 0, 0, 0, 0, 0, 0, 0, 0, 0, 0, 0, 0, 0, 0, 0, 0, 0, 0, 0, 0, 0, 0, 0, 0, 0, 0, 0, 0, 0, 0, 0, 0, 0, 0, 0, 0, 0, 0, 0, 0, 0, 0, 0, 0, 0, 0, 0, 0, 0, 0, 0, 0, 0, 0, 0, 0, 0, 0, 0, 0, 0, 0, 0, 0, 0, 0, 0, 0, 0, 0, 0, 0, 0, 0, 0, 0, 0, 0, 0, 0, 0, 0, 0, 0, 0, 0, 0, 0.983733, 0.982977, 1.03491, 1.03455, 1.04835, 1.0477, 1.04697, 0, 0, 0, 0, 0, 0, 0, 0, 0, 0, 0, 0, 0, 0, 0, 0, 0, 0, 0, 0, 0, 1.371, 1.37039, 1.36967, 1.22723, 1.22651, 0, 0, 0, 0, 0, 0, 0, 0, 0, 0, 0, 0, 0, 0, 0, 0, 0, 0, 0, 0, 0, 0, 0, 0, 0, 0, 0, 0, 0, 0, 0, 0, 0, 0, 1.0817, 1.08113, 1.08055, 0.927966, 0.927282, 0, 0, 0, 0, 0, 0, 0, 0, 0, 0, 0, 0, 0, 0, 0, 0, 0, 0, 0, 0, 0.908223, 0.825426, 0.824706, 1.01566, 1.01495, 0, 0, 0, 0, 0, 0, 0, 0, 0, 0, 0, 0, 0, 0, 0, 0, 0, 0, 0, 0, 0, 0, 0, 0, 0, 0.947656, 0.807023, 0.973648, 0.972928, 0.972208, 0, 0, 0, 0, 0, 0, 0, 0, 0, 1.22312, 1.22225, 1.22153, 1.22066, 0.876496, 0, 0, 0, 0, 0, 0, 0, 0, 0, 0, 0.961208, 0.960488, 0.959804, 0.972981, 0.972261, 0, 0, 0, 0, 0, 0, 0, 0, 0, 0, 0, 0,
2.00394, 2.00881, 2.01276, 1.09935, 1.30937, 0, 0.99862, 1.16348, 1.16756, 1.17327, 1.17735, 0, 0, 0, 0, 0, 0, 0, 0, 0, 0, 0, 1.35396, 1.356, 1.36004, 1.14266, 1.52966, 0, 0, 0, 0, 0.902335, 1.26186, 1.26512, 1.26971, 1.27297, 0.786736, 0, 0, 0, 0, 0, 0, 0, 0, 0, 0, 0, 0, 0.853626, 0.857706, 0.912062, 0.915938, 0.919885, 0, 1.06965, 1.35796, 1.36584, 1.3691, 1.3722, 0.814865, 0, 0, 0, 0, 0, 0, 1.40807, 1.41212, 1.4162, 1.41902, 1.3593, 0, 1.36746, 1.38171, 1.38579, 1.39104, 1.39515, 0, 0, 0, 0, 0, 0, 0, 0, 0, 0, 0, 0, 0, 0, 0, 0, 0, 0, 0, 0, 0, 0, 0, 0, 0, 0.737143, 0.740407, 0, 0, 0.808311, 0, 0, 0, 0, 0, 0, 0, 0.81582, 0.92588, 0.930156, 0.939938, 0.944018, 0.893441, 0.709192, 0.713272, 0, 0, 0, 0.806855, 0.810935, 0.702962, 0.707042, 0.711122, 0, 0, 0, 0, 0, 0, 1.60848, 1.61219, 1.88903, 1.89066, 1.8927, 1.72665, 1.81128, 1.68269, 1.68674, 1.69245, 1.69639, 0.993588, 0, 0, 0, 0, 0, 0, 0, 0, 0, 0, 1.03439, 1.10804, 1.11212, 1.25174, 1.25582, 1.03386, 1.03777, 1.1395, 1.96349, 1.96736, 2.00075, 2.0032, 2.00523, 1.84614, 1.85043, 1.69834, 1.7016, 1.66949, 1.93643, 1.93851, 1.38175, 1.94153, 1.94866, 1.76532, 1.77028, 1.86624, 1.05529, 0.978749, 1.15176, 1.15584, 0.966161, 0.971057, 0.975137, 1.26258, 1.40411, 1.40982, 2.21508, 2.21818, 1.91896, 1.88323, 1.88731, 0.972948, 0.988702, 0.99285, 1.54172, 1.90756, 1.91263, 1.91569, 1.92001, 1.32813, 1.02273, 1.02681, 1.03202, 1.0157, 1.01978, 0.907455, 0.911535, 1.82409, 1.8281, 1.83004, 2.18446, 2.1874, 1.88324, 1.88572, 2.16851, 1.52354, 1.52549, 1.52838, 1.53151, 1.15603, 0.962442, 0.966522, 1.13338, 1.20555, 1.208, 2.04894, 2.05461, 2.05875, 1.97003, 1.97432, 1.14707, 1.15115, 1.54086, 1.54494, 1.54902, 1.35263, 2.35681, 1.97817, 1.98225, 1.9862, 2.0213, 1.13939, 1.14347, 1.74405, 1.74864, 1.75214, 1.76012, 1.7626, 1.14015, 1.14236, 1.295, 1.18612, 1.1902, 1.38517, 1.38831, 1.27577, 1.29986, 1.30279, 1.1926, 2.10098, 2.10506, 2.06374, 2.4482, 2.45215, 1.52203, 1.56447, 1.6811, 1.35521, 1.35872, 1.61037, 1.61417, 1.46164, 1.46572, 1.4698, 2.10421, 2.11696, 2.25254, 2.25559, 2.25948, 1.33323, 2.23331, 2.09708, 2.24344, 2.24752, 2.41572, 1.69881, 1.73528, 1.74208, 1.74616, 2.32312, 2.3274, 2.21547, 2.20871, 2.57419, 1.77914, 1.78319, 1.78603, 1.79024, 1.48616, 1.42457, 2.22477, 2.22819, 2.29877, 2.3035, 2.30744, 1.38096, 1.31523, 1.20357, 1.47788, 2.42068, 2.42476, 2.42904, 2.44062, 2.44261, 1.52263, 1.52671, 1.67307, 1.38665, 1.83403, 1.83811, 1.84219, 1.98019, 1.98427, 1.54352, 2.44, 2.44452,
2.00331, 2.36632, 2.36993, 1.37361, 1.6673, 0, 0.998354, 1.16618, 1.17043, 1.17405, 1.1783, 0, 0, 0, 0, 0, 0, 0, 0, 0, 0, 0, 1.35671, 1.35883, 2.36255, 2.10395, 2.53307, 1.53647, 1.54072, 0, 0.810551, 1.09868, 1.52682, 1.53128, 1.5356, 1.46092, 0.974881, 0, 0, 0, 0, 0, 0, 0, 0, 0, 0, 0, 0, 0.912524, 0.916774, 0.963369, 0.967832, 1.09272, 0, 1.24349, 1.53097, 1.76629, 1.77075, 1.77429, 1.07081, 0.715344, 0, 0, 0, 0.763462, 0, 1.51363, 1.51781, 1.52206, 1.43322, 1.39583, 0, 1.40433, 1.62842, 1.63267, 1.62955, 1.63387, 0.855774, 0, 0, 0, 0.827267, 0, 0, 0.789327, 0.793506, 0, 0.731031, 0.733156, 0, 0, 0, 0, 0, 0, 0, 0.735258, 0, 0, 0.762253, 0.76544, 0, 0.757248, 0.761392, 0, 0, 0.827689, 0, 0, 0, 0, 0, 0.755659, 0.759909, 1.00194, 1.15889, 1.16314, 1.01758, 1.02183, 1.26978, 1.0307, 1.03495, 0.976708, 0.980958, 0, 0.829175, 0.833425, 0.723675, 0.727925, 0.732175, 0.701038, 0.705288, 0.709538, 0.794643, 0.798893, 0, 1.63136, 1.63565, 1.91003, 2.10156, 2.91428, 2.7485, 2.83599, 2.70635, 2.71124, 1.71485, 1.71832, 1.01566, 0, 0, 0, 0, 0, 0, 0, 0, 0, 0, 1.05816, 2.06237, 2.06662, 2.27658, 2.28083, 2.05667, 1.061, 1.17837, 2.03223, 2.03563, 2.11676, 2.1191, 2.26496, 1.91423, 1.91933, 1.92414, 1.92754, 1.69742, 1.96628, 1.96844, 1.4099, 1.9716, 2.2013, 1.93924, 1.94455, 2.11952, 1.23042, 1.008, 1.18976, 1.19401, 1.26931, 1.27271, 1.27696, 1.59141, 1.79427, 1.43866, 2.24375, 2.44985, 2.15076, 2.11592, 2.12017, 1.1261, 1.05773, 1.0622, 1.57426, 1.9936, 1.99855, 1.94676, 2.38472, 1.68149, 1.37682, 1.38107, 1.47581, 1.21702, 1.22127, 1.1131, 1.11735, 1.85845, 1.86263, 1.86465, 2.21882, 2.43425, 2.08496, 2.08773, 2.41471, 1.77021, 1.56148, 1.56375, 1.61573, 1.1918, 0.998502, 1.00275, 1.16813, 1.23987, 1.24476, 2.14312, 2.1478, 2.14237, 2.00532, 2.01042, 1.19332, 1.19757, 1.57736, 1.58161, 1.58586, 1.38965, 2.39468, 2.9737, 2.97795, 2.98262, 3.05991, 2.17821, 1.34086, 2.03164, 2.03547, 1.79165, 1.81263, 1.81539, 1.18079, 1.18309, 1.33239, 1.2272, 1.23145, 1.42695, 1.58296, 1.38485, 1.49466, 1.49785, 1.30957, 2.15415, 2.1584, 2.1582, 2.58968, 2.66429, 1.70164, 1.77697, 1.8924, 1.56929, 1.42058, 1.78743, 1.69435, 1.50552, 1.50977, 1.51402, 2.148, 3.15211, 3.2993, 3.30121, 3.30483, 2.30918, 2.35886, 2.14067, 2.40616, 2.41041, 2.72205, 2.0021, 2.04433, 2.01398, 2.01823, 2.59439, 2.53424, 2.41658, 2.29841, 2.72742, 1.93255, 1.96206, 1.96631, 1.97134, 1.66652, 1.5237, 2.27371, 3.27831, 3.35062, 3.35444, 3.35798, 2.36138, 1.37084, 1.2537, 1.53116, 2.46901, 2.47326, 2.47836, 2.62858, 2.49232, 1.57444, 1.57869, 1.84419, 1.55745, 2.00531, 2.00956, 2.01381, 2.03301, 2.03726, 1.5963, 2.49196, 2.63579,
1.1201, 1.48086, 1.48691, 0.729945, 0.874658, 0, 0.877371, 0.96012, 0.96444, 0.829124, 0.833444, 0, 0, 0, 0, 0, 0, 0, 0, 0, 0, 0, 1.23626, 1.23842, 2.24231, 2.1058, 2.12878, 1.38893, 1.39325, 0, 0, 1.10076, 1.16562, 1.17081, 1.31238, 1.13398, 0.778592, 0, 0, 0, 0, 0, 0, 0, 0, 0, 0.802685, 0, 0, 0.916041, 0.920361, 0.981418, 0.985954, 1.15366, 0, 1.3043, 1.12868, 1.37694, 1.36926, 1.37422, 0.927137, 0.853455, 0, 0, 0, 0.812953, 0, 1.48484, 1.48894, 1.49326, 1.37151, 1.52749, 0, 1.53613, 1.88328, 1.8876, 1.8507, 1.85523, 1.09844, 0.748165, 0.75227, 0, 0.833117, 0, 0, 0.880677, 0.884349, 0, 0.817418, 0.819578, 0, 0, 0, 0, 0, 0, 0, 0.826966, 0, 0, 0.795725, 0.798965, 0, 0.750888, 0.754344, 0, 0, 0.801354, 0, 0, 0, 0, 0, 0.814258, 0.818578, 1.07938, 1.10775, 1.11234, 0.967705, 0.972025, 1.20658, 0.972042, 0.976362, 0.997659, 1.00198, 0, 0.863822, 0.868142, 0.73227, 0.73659, 0.74091, 0.709793, 0.714113, 0.718433, 0.753816, 0.758136, 0, 1.58347, 1.58736, 1.63657, 1.78621, 2.60101, 2.60479, 2.65453, 2.32003, 2.31219, 1.37884, 1.3836, 0.876047, 0, 0, 0, 0, 0, 0, 0, 0, 0, 0, 0.919247, 1.92357, 1.92789, 2.05756, 2.06188, 2.04369, 1.04822, 1.16576, 1.20749, 1.21203, 1.24524, 1.24783, 1.39351, 1.2809, 1.285, 1.93562, 1.93908, 1.70898, 1.78673, 1.7891, 1.42152, 1.79213, 2.0212, 1.95109, 1.95649, 2.04875, 1.24253, 1.02012, 1.23338, 1.2377, 1.32391, 1.3291, 1.33342, 1.604, 1.75649, 1.40347, 1.45074, 1.61401, 1.49516, 1.6061, 1.61042, 1.26104, 1.20522, 1.20976, 1.71493, 1.79873, 1.8024, 1.6158, 1.99207, 1.54638, 1.39883, 1.40315, 1.49813, 1.24185, 1.24617, 1.12715, 1.13147, 1.87253, 1.87692, 1.87898, 1.94912, 2.12289, 2.09942, 2.10223, 2.17366, 1.73465, 1.52594, 1.52918, 1.74954, 1.45069, 1.28228, 1.2866, 1.34954, 1.29625, 1.29885, 1.49444, 1.50049, 1.52983, 1.53179, 1.53618, 1.38738, 1.3917, 1.55781, 1.56213, 1.56645, 1.25621, 2.06504, 2.98989, 2.99421, 2.99896, 3.27795, 2.37922, 1.38354, 2.04527, 2.04787, 1.77942, 1.8294, 1.83221, 1.19756, 1.19993, 1.43439, 1.27348, 1.2778, 1.46127, 1.71074, 1.51333, 1.62305, 1.62607, 1.44984, 2.20937, 2.21369, 2.19848, 2.25948, 2.43718, 1.57022, 1.57742, 1.70899, 1.68659, 1.44451, 1.80834, 1.71842, 1.53383, 1.53815, 1.54247, 2.17731, 3.1812, 3.24087, 3.2426, 3.24821, 2.2936, 1.73369, 1.51567, 1.78125, 1.78557, 1.90482, 1.88681, 1.90859, 1.88119, 1.88551, 2.58237, 2.52401, 2.649, 2.49278, 2.49702, 1.71116, 1.84062, 1.72115, 1.7659, 1.76957, 1.5536, 2.42398, 3.42549, 4.24942, 4.25633, 4.2613, 3.26569, 2.27004, 1.27436, 1.7103, 2.06825, 2.07257, 2.07696, 2.13715, 2.00211, 1.65273, 1.65705, 1.92266, 1.57883, 1.89039, 1.89471, 1.89903, 1.73003, 1.73435, 1.61811, 2.43121, 2.57441,
1.12046, 1.48138, 1.4876, 0.730268, 0.875105, 0, 0.878579, 0.961529, 0.965969, 0.830604, 0.835044, 0, 0, 0, 0, 0, 0, 0, 0, 0, 0, 0, 1.23907, 1.24129, 2.24559, 2.10845, 2.13157, 1.39178, 1.39622, 0, 0, 1.10409, 1.16896, 1.17429, 1.31625, 1.1377, 0.782737, 0, 0, 0, 0, 0, 0, 0, 0, 0, 0.808682, 0, 0, 0.922268, 0.926708, 0.987847, 0.992361, 1.16041, 0, 1.31116, 1.13566, 1.38401, 1.3765, 1.38061, 0.933642, 0.860644, 0, 0, 0.701696, 0.82108, 0, 1.49268, 1.49734, 1.50178, 1.37963, 1.53573, 0, 1.54461, 1.89236, 1.8968, 1.86006, 1.86427, 1.1083, 0.75739, 0.762052, 0, 0.8426, 0, 0, 0.890784, 0.894558, 0, 0.827765, 0.829985, 0, 0, 0, 0, 0, 0, 0, 0.838269, 0, 0, 0.807388, 0.810718, 0, 0.763025, 0.766577, 0, 0, 0.813827, 0, 0, 0, 0, 0, 0.827151, 0.831591, 1.09301, 1.1213, 1.12602, 0.98139, 0.98583, 1.2205, 0.986045, 0.990485, 1.01171, 1.01615, 0, 0.878561, 0.883001, 0.747095, 0.751535, 0.755975, 0.724804, 0.729244, 0.733684, 0.769529, 0.773969, 0, 1.5992, 1.60283, 1.65213, 1.80225, 2.61683, 2.62049, 2.67015, 2.33641, 2.32866, 1.39559, 1.39974, 0.892534, 0, 0, 0, 0, 0, 0, 0, 0, 0, 0, 0.936934, 1.9413, 1.94574, 2.07627, 2.08071, 2.06276, 1.0672, 1.18508, 1.22662, 1.23084, 1.26416, 1.26683, 1.41255, 1.30001, 1.30467, 1.95541, 1.95896, 1.72879, 1.80671, 1.80908, 1.44148, 1.81226, 2.04151, 1.97151, 1.97661, 2.069, 1.26319, 1.04097, 1.25436, 1.2588, 1.34498, 1.35031, 1.35475, 1.62576, 1.77838, 1.42531, 1.47292, 1.63617, 1.51701, 1.62801, 1.63245, 1.28341, 1.22788, 1.2321, 1.73728, 1.82085, 1.82563, 1.63839, 2.01555, 1.5695, 1.4223, 1.42674, 1.52233, 1.26574, 1.27018, 1.15122, 1.15566, 1.8964, 1.90106, 1.9035, 1.97377, 2.14761, 2.12431, 2.12709, 2.19877, 1.75986, 1.55118, 1.55444, 1.77496, 1.47624, 1.30775, 1.31219, 1.37532, 1.32248, 1.32514, 1.52037, 1.52659, 1.55599, 1.55785, 1.56251, 1.41439, 1.41883, 1.5845, 1.58894, 1.59338, 1.28325, 2.09272, 3.01783, 3.02227, 3.02642, 3.3053, 2.40725, 1.41187, 2.07383, 2.07649, 1.80815, 1.85825, 1.86103, 1.22634, 1.22878, 1.4635, 1.3025, 1.30694, 1.4906, 1.74034, 1.5428, 1.65308, 1.65619, 1.47985, 2.23929, 2.24373, 2.22864, 2.28981, 2.46719, 1.60091, 1.60831, 1.73971, 1.71753, 1.47544, 1.83952, 1.7496, 1.56516, 1.5696, 1.57404, 2.20859, 3.21326, 3.27304, 3.27482, 3.28059, 2.32578, 1.76569, 1.54758, 1.81332, 1.81776, 1.93735, 1.91987, 1.94178, 1.91458, 1.91902, 2.61601, 2.55763, 2.68274, 2.52618, 2.53032, 1.74517, 1.87431, 1.75486, 1.79957, 1.80435, 1.58813, 2.45878, 3.46056, 4.2846, 4.29171, 4.29581, 3.3007, 2.30529, 1.30976, 1.74582, 2.10352, 2.10796, 2.11262, 2.17362, 2.03804, 1.689, 1.69344, 1.95915, 1.61547, 1.92736, 1.9318, 1.93624, 1.76733, 1.77177, 1.65547, 2.46875, 2.61213,
1.11721, 1.47902, 1.481, 0.721446, 0.864921, 0, 0.867368, 0.948893, 0.951419, 0.811775, 0.814301, 0, 0, 0, 0, 0, 0, 0, 0, 0, 0, 0, 1.19598, 1.19725, 2.19897, 2.05996, 2.08283, 1.33994, 1.34247, 0, 0, 1.04648, 1.1092, 1.11168, 1.57209, 1.33032, 0.973244, 0.768818, 0.771344, 0, 0, 0, 0, 0, 0, 0, 0.723458, 0, 0, 0.829738, 0.832264, 1.15066, 1.15323, 1.31997, 0.806336, 1.4669, 1.03464, 1.37264, 1.26847, 1.27039, 0.818084, 0.745242, 0, 0, 0, 0.705298, 0, 1.44293, 1.44596, 1.44848, 1.31164, 1.39994, 0, 1.40499, 1.75171, 1.75424, 1.71563, 1.71765, 0.963627, 0, 0, 0, 0, 0, 0, 0.731223, 0.733623, 0, 0, 0, 0, 0, 0, 0, 0, 0, 0, 0, 0, 0, 0, 0, 0, 0, 0, 0, 0, 0, 0, 0, 0, 0, 0, 0, 0, 0.889898, 1.06168, 0.918746, 0.771974, 0.7745, 1.00993, 0.771568, 0.774095, 0.789438, 0.791964, 0, 0, 0, 0, 0, 0, 0, 0, 0, 0, 0, 0, 1.39699, 1.39843, 1.4244, 1.61546, 2.45695, 2.414, 2.49297, 2.1473, 2.07233, 1.13322, 1.13511, 0, 0, 0, 0, 0, 0, 0, 0, 0, 0, 0, 0, 1.65267, 1.6552, 1.7847, 1.78723, 1.76648, 0.769136, 0.89654, 0.95344, 0.955461, 0.99565, 0.997039, 1.1067, 0.992192, 0.995223, 1.64339, 1.64642, 1.41424, 1.49164, 1.4929, 1.12617, 1.49479, 1.73337, 1.65957, 1.66172, 1.77769, 0.94402, 0.709512, 0.92154, 0.924066, 1.01084, 1.01387, 1.01639, 1.28436, 1.43562, 1.07861, 1.14889, 1.35391, 1.16629, 1.27625, 1.27877, 0.928595, 0.872088, 0.874109, 1.37566, 1.4568, 1.46, 1.27089, 1.6492, 1.19691, 1.04988, 1.05241, 1.31699, 0.888095, 0.890621, 0.768324, 0.770851, 1.50809, 1.51112, 1.51314, 1.60794, 1.82316, 1.73095, 1.73272, 1.80314, 1.36285, 1.15161, 1.15319, 1.42537, 1.07236, 0.902093, 0.90462, 0.966058, 0.907601, 0.910506, 1.17862, 1.1814, 1.20976, 1.13582, 1.13885, 0.993194, 0.99572, 1.15497, 1.1575, 1.16003, 0.847435, 1.65432, 2.57781, 2.58034, 2.58223, 2.85882, 1.95965, 0.962598, 1.62458, 1.62765, 1.3554, 1.41743, 1.41929, 0.769598, 0.770608, 1.00312, 0.840264, 0.84279, 1.02515, 1.27158, 1.07452, 1.18607, 1.18783, 1.00977, 1.76584, 1.76754, 1.81422, 1.89675, 2.0715, 1.20577, 1.22621, 1.33646, 1.23039, 0.985683, 1.35153, 1.25899, 1.07324, 1.07577, 1.07829, 1.70533, 2.70823, 2.96483, 2.96707, 2.96867, 1.9728, 1.32778, 1.0317, 1.29613, 1.29866, 1.41629, 1.40729, 1.56695, 1.46655, 1.46908, 2.16224, 2.02559, 2.14878, 1.98866, 1.99068, 1.20615, 1.34226, 1.20968, 1.27176, 1.25686, 1.03924, 1.90623, 2.90914, 3.73127, 3.73312, 3.73497, 2.73966, 1.74257, 0.745175, 1.17987, 1.5346, 1.53712, 1.54016, 1.71616, 1.46115, 1.11097, 1.1135, 1.37789, 1.03234, 1.34309, 1.34561, 1.34814, 1.21259, 1.21512, 1.05988, 1.9091, 2.15194,
Main Loop Time: 2.3637
Number of Graph Matching Computed: 13065
Number of Zero Entries Cells: 5656
Number of Pruned Cells: 0
Number of Estimated Cells Above Threshold: 0
Number of Cells Above Threshold: 0
Env Time: 0.00142796
Dataloader Time: 0.0355332
FaissIndex Time: 0.026857
Algorithm Time: 2.43398
