creating environment with lakes: /root/data/en/king_james_bible_para/4_9/, /root/data/en/esv_chapter/4/
1 text1_files listed
1 text2_files listed
Inverted Index Size: 435
Words: 215
Vector Size: 300
Normalized vector storage check
Index Trained: 1
Ntotal: 147
Sliding Window Computation time: 5.5635e-05
Out of dictionary words: 68
K: 147
NB: 147
Faiss Search Time: 0.0626106
size of I: 21609
Size of valid edges: 21074
Vector Size: 900
Normalized vector storage check
Index Trained: 1
Ntotal: 3066
K: 3066
NB: 9
0.711854, 0.711854, 4.67001e-310, 4.67001e-310, 4.67001e-310, 4.67001e-310, 4.67001e-310, 0.72423, 0.72423, 4.67001e-310, 4.67001e-310, 4.67001e-310, 4.67001e-310, 4.67001e-310, 4.67001e-310, 4.67001e-310, 4.67001e-310, 4.67001e-310, 4.67001e-310, 4.67001e-310, 4.67001e-310, 4.67001e-310, 4.67001e-310, 0, 4.67001e-310, 4.67001e-310, 0, 4.67001e-310, 4.67001e-310, 4.67001e-310, 4.67001e-310, 4.67001e-310, 4.67001e-310, 4.67001e-310, 4.67001e-310, 4.67001e-310, 0, 0, 0, 4.67001e-310, 0, 0, 0, 0, 0, 4.67001e-310, 4.67001e-310, 0, 4.67001e-310, 0, 4.67001e-310, 4.67001e-310, 4.67001e-310, 0, 4.67001e-310, 4.67001e-310, 4.67001e-310, 4.67001e-310, 4.67001e-310, 4.67001e-310, 4.67001e-310, 4.67001e-310, 4.67001e-310, 4.67001e-310, 4.67001e-310, 4.67001e-310, 4.67001e-310, 4.67001e-310, 4.67001e-310, 4.67001e-310, 4.67001e-310, 4.67001e-310, 4.67001e-310, 0, 4.67001e-310, 4.67001e-310, 4.67001e-310, 4.67001e-310, 4.67001e-310, 4.67001e-310, 0, 4.67001e-310, 4.67001e-310, 0, 4.67001e-310, 4.67001e-310, 4.67001e-310, 4.67001e-310, 4.67001e-310, 0, 4.67001e-310, 4.67001e-310, 0, 0, 0, 0, 0, 0, 0, 0, 0, 0, 0, 0, 0, 0, 0, 0, 0, 0, 0, 0, 0, 0.727189, 0.727189, 0, 0, 0, 0, 0, 0, 0, 0, 0, 0, 0, 0, 0, 0, 1, 1.18566, 1.18566, 0, 0, 0, 0, 0, 0, 0, 0, 0, 0, 0, 0, 0, 0, 0, 0, 0, 0, 0, 0, 0, 0, 0, 0, 0, 0, 0, 0, 0, 0, 0, 0, 0, 0, 4.67001e-310, 0, 4.67001e-310, 0, 4.67001e-310, 4.67001e-310, 4.67001e-310, 4.67001e-310, 4.67001e-310, 4.67001e-310, 4.67001e-310, 4.67001e-310, 4.67001e-310, 4.67001e-310, 4.67001e-310, 0.768239, 0.768239, 4.67001e-310, 4.67001e-310, 4.67001e-310, 4.67001e-310, 4.67001e-310, 4.67001e-310, 0, 0, 0, 4.67001e-310, 0, 4.67001e-310, 4.67001e-310, 0, 0, 0, 4.67001e-310, 0, 0, 0, 4.67001e-310, 4.67001e-310, 4.67001e-310, 4.67001e-310, 0, 4.67001e-310, 4.67001e-310, 4.67001e-310, 4.67001e-310, 4.67001e-310, 0.753799, 4.67001e-310, 4.67001e-310, 4.67001e-310, 4.67001e-310, 4.67001e-310, 4.67001e-310, 4.67001e-310, 4.67001e-310, 4.67001e-310, 4.67001e-310, 4.67001e-310, 4.67001e-310, 4.67001e-310, 4.67001e-310, 4.67001e-310, 4.67001e-310, 4.67001e-310, 4.67001e-310, 4.67001e-310, 1, 1, 1.1352, 0, 4.67001e-310, 4.67001e-310, 4.67001e-310, 4.67001e-310, 4.67001e-310, 4.67001e-310, 4.67001e-310, 4.67001e-310, 0, 4.67001e-310, 4.67001e-310, 4.67001e-310, 4.67001e-310, 4.67001e-310, 4.67001e-310, 4.67001e-310, 4.67001e-310, 4.67001e-310, 0, 4.67001e-310, 4.67001e-310, 4.67001e-310, 4.67001e-310, 4.67001e-310, 4.67001e-310, 4.67001e-310, 4.67001e-310, 4.67001e-310, 1.24963, 1.24963, 1.20158, 4.67001e-310, 0.790255, 4.67001e-310, 1.27165, 1.44168, 1.44168, 4.67001e-310, 4.67001e-310, 4.67001e-310, 4.67001e-310, 4.67001e-310, 4.67001e-310, 4.67001e-310, 4.67001e-310, 4.67001e-310, 0.773362, 0, 0, 4.67001e-310, 4.67001e-310, 4.67001e-310, 4.67001e-310, 4.67001e-310, 0, 4.67001e-310, 4.67001e-310, 4.67001e-310, 0, 4.67001e-310, 0, 4.67001e-310, 4.67001e-310, 4.67001e-310, 4.67001e-310, 4.67001e-310, 0, 0, 0, 4.67001e-310, 0, 4.67001e-310, 4.67001e-310, 0, 0, 0, 0, 0, 0, 0, 0, 0, 0, 0, 0, 0, 0, 0, 0, 0, 0, 0, 0, 0, 0, 0, 0, 0, 0, 0, 0, 0, 0, 0, 0, 0, 0, 0, 0, 0, 0, 0, 0, 0, 0, 0, 0, 0, 0, 0, 0, 0, 0, 0.768239, 0.768239, 1.20158, 1, 1.27165, 0, 0.790255, 0.768239, 0.768239, 0, 0, 0, 1.23392, 1, 1, 0, 0, 4.67001e-310, 0, 4.67001e-310, 0, 4.67001e-310, 4.67001e-310, 4.67001e-310, 4.67001e-310, 0, 4.67001e-310, 4.67001e-310, 4.67001e-310, 4.67001e-310, 4.67001e-310, 4.67001e-310, 0, 4.67001e-310, 4.67001e-310, 4.67001e-310, 4.67001e-310, 4.67001e-310, 4.67001e-310, 4.67001e-310, 4.67001e-310, 4.67001e-310, 4.67001e-310, 4.67001e-310, 4.67001e-310, 4.67001e-310, 4.67001e-310, 4.67001e-310, 4.67001e-310, 4.67001e-310, 4.67001e-310, 4.67001e-310, 4.67001e-310, 4.67001e-310, 4.67001e-310, 4.67001e-310, 4.67001e-310, 4.67001e-310, 4.67001e-310, 4.67001e-310, 4.67001e-310, 4.67001e-310, 4.67001e-310, 4.67001e-310, 4.67001e-310, 4.67001e-310, 4.67001e-310, 4.67001e-310, 4.67001e-310, 4.67001e-310, 4.67001e-310, 4.67001e-310, 4.67001e-310, 4.67001e-310, 4.67001e-310, 4.67001e-310, 4.67001e-310, 4.67001e-310, 1, 1.24963, 1.24963, 4.67001e-310, 4.67001e-310, 4.67001e-310, 0.752527, 4.67001e-310, 4.67001e-310, 4.67001e-310, 4.67001e-310, 4.67001e-310, 4.67001e-310, 4.67001e-310, 4.67001e-310, 4.67001e-310, 4.67001e-310, 4.67001e-310, 4.67001e-310, 0, 4.67001e-310, 4.67001e-310, 4.67001e-310, 4.67001e-310, 4.67001e-310, 4.67001e-310, 4.67001e-310, 4.67001e-310, 4.67001e-310, 4.67001e-310, 4.67001e-310, 4.67001e-310, 4.67001e-310, 4.67001e-310, 4.67001e-310, 4.67001e-310, 4.67001e-310, 4.67001e-310, 4.67001e-310, 4.67001e-310, 4.67001e-310, 4.67001e-310, 4.67001e-310, 4.67001e-310, 4.67001e-310, 4.67001e-310, 4.67001e-310, 4.67001e-310, 4.67001e-310, 4.67001e-310, 4.67001e-310, 4.67001e-310, 4.67001e-310, 4.67001e-310, 4.67001e-310, 4.67001e-310, 4.67001e-310, 0, 4.67001e-310, 4.67001e-310, 4.67001e-310, 4.67001e-310, 4.67001e-310, 4.67001e-310, 0, 4.67001e-310, 4.67001e-310, 4.67001e-310, 0.799, 4.67001e-310, 0, 4.67001e-310, 0, 4.67001e-310, 1.06147, 1, 1.12276, 0,
0.711886, 0.711876, 0, 4.67001e-310, 4.67001e-310, 4.67001e-310, 0.727273, 0.932886, 0.724173, 0, 0, 4.67001e-310, 4.67001e-310, 4.67001e-310, 4.67001e-310, 4.67001e-310, 4.67001e-310, 4.67001e-310, 4.67001e-310, 4.67001e-310, 4.67001e-310, 4.67001e-310, 4.67001e-310, 4.67001e-310, 4.67001e-310, 4.67001e-310, 4.67001e-310, 4.67001e-310, 4.67001e-310, 4.67001e-310, 4.67001e-310, 4.67001e-310, 4.67001e-310, 4.67001e-310, 4.67001e-310, 4.67001e-310, 0, 4.67001e-310, 4.67001e-310, 4.67001e-310, 4.67001e-310, 4.67001e-310, 0, 0, 4.67001e-310, 0, 4.67001e-310, 0, 4.67001e-310, 4.67001e-310, 4.67001e-310, 4.67001e-310, 0, 4.67001e-310, 4.67001e-310, 4.67001e-310, 4.67001e-310, 4.67001e-310, 4.67001e-310, 4.67001e-310, 4.67001e-310, 4.67001e-310, 4.67001e-310, 0, 4.67001e-310, 4.67001e-310, 4.67001e-310, 4.67001e-310, 0, 4.67001e-310, 4.67001e-310, 4.67001e-310, 4.67001e-310, 4.67001e-310, 4.67001e-310, 0, 0, 4.67001e-310, 4.67001e-310, 0, 0, 4.67001e-310, 0, 4.67001e-310, 0, 4.67001e-310, 4.67001e-310, 0, 0, 4.67001e-310, 4.67001e-310, 4.67001e-310, 4.67001e-310, 0, 0, 0.745064, 0, 0, 0, 0, 0, 0, 0, 0, 0, 0, 0, 0, 0, 0, 0, 0, 0, 0.844253, 0.84424, 0, 0, 0, 0, 0, 0, 0, 0, 0, 0, 0, 0, 0, 0, 0.998551, 1.19367, 1.19366, 0, 0, 0, 0, 0, 0, 0, 0, 0, 0, 0, 0, 0, 0, 0, 0, 0, 0, 0, 0.747564, 0, 0, 0, 0, 0, 0, 0, 0, 0, 0, 0, 0, 0, 0, 0, 0, 4.67001e-310, 4.67001e-310, 4.67001e-310, 0, 4.67001e-310, 4.67001e-310, 4.67001e-310, 0, 4.67001e-310, 4.67001e-310, 4.67001e-310, 4.67001e-310, 0.711688, 0.766242, 0.766231, 4.67001e-310, 4.67001e-310, 4.67001e-310, 4.67001e-310, 4.67001e-310, 4.67001e-310, 4.67001e-310, 0, 4.67001e-310, 0, 4.67001e-310, 4.67001e-310, 0, 0, 0, 4.67001e-310, 4.67001e-310, 0, 4.67001e-310, 0, 4.67001e-310, 4.67001e-310, 0, 4.67001e-310, 4.67001e-310, 4.67001e-310, 4.67001e-310, 4.67001e-310, 0.708288, 0.77773, 0.839311, 4.67001e-310, 4.67001e-310, 4.67001e-310, 4.67001e-310, 4.67001e-310, 4.67001e-310, 4.67001e-310, 4.67001e-310, 4.67001e-310, 4.67001e-310, 4.67001e-310, 4.67001e-310, 4.67001e-310, 4.67001e-310, 4.67001e-310, 4.67001e-310, 4.67001e-310, 4.67001e-310, 4.67001e-310, 0.997382, 0.997371, 1.13255, 4.67001e-310, 4.67001e-310, 4.67001e-310, 4.67001e-310, 4.67001e-310, 4.67001e-310, 4.67001e-310, 4.67001e-310, 4.67001e-310, 4.67001e-310, 4.67001e-310, 4.67001e-310, 4.67001e-310, 4.67001e-310, 4.67001e-310, 4.67001e-310, 4.67001e-310, 4.67001e-310, 4.67001e-310, 4.67001e-310, 4.67001e-310, 4.67001e-310, 4.67001e-310, 4.67001e-310, 4.67001e-310, 4.67001e-310, 4.67001e-310, 4.67001e-310, 4.67001e-310, 1.24666, 1.24665, 1.19858, 4.67001e-310, 0.787268, 4.67001e-310, 1.26861, 1.43862, 1.43861, 4.67001e-310, 4.67001e-310, 4.67001e-310, 4.67001e-310, 4.67001e-310, 4.67001e-310, 4.67001e-310, 0.746106, 4.67001e-310, 0.770219, 4.67001e-310, 4.67001e-310, 4.67001e-310, 4.67001e-310, 4.67001e-310, 4.67001e-310, 0, 4.67001e-310, 4.67001e-310, 4.67001e-310, 4.67001e-310, 4.67001e-310, 4.67001e-310, 0, 4.67001e-310, 4.67001e-310, 0, 4.67001e-310, 4.67001e-310, 4.67001e-310, 4.67001e-310, 4.67001e-310, 0, 4.67001e-310, 4.67001e-310, 0, 0, 0, 0, 0, 0, 0, 0, 0, 0, 0, 0, 0, 0, 0, 0, 0, 0, 0, 0, 0, 0, 0, 0, 0, 0, 0, 0, 0, 0, 0, 0, 0, 0, 0, 0, 0, 0, 0, 0, 0, 0, 0, 0, 0, 0, 0, 0, 0, 0, 0, 0.764228, 0.764217, 1.19751, 0.995919, 1.26756, 0, 0.786173, 0.764149, 0.764135, 0, 0, 0, 1.22974, 0.995811, 0.9958, 0, 0, 0, 4.67001e-310, 0, 0, 0, 4.67001e-310, 4.67001e-310, 4.67001e-310, 4.67001e-310, 0, 4.67001e-310, 4.67001e-310, 4.67001e-310, 4.67001e-310, 4.67001e-310, 4.67001e-310, 4.67001e-310, 4.67001e-310, 4.67001e-310, 4.67001e-310, 4.67001e-310, 4.67001e-310, 4.67001e-310, 4.67001e-310, 4.67001e-310, 4.67001e-310, 4.67001e-310, 4.67001e-310, 4.67001e-310, 4.67001e-310, 4.67001e-310, 4.67001e-310, 4.67001e-310, 4.67001e-310, 4.67001e-310, 4.67001e-310, 4.67001e-310, 4.67001e-310, 4.67001e-310, 4.67001e-310, 0, 4.67001e-310, 4.67001e-310, 4.67001e-310, 4.67001e-310, 4.67001e-310, 4.67001e-310, 4.67001e-310, 4.67001e-310, 4.67001e-310, 4.67001e-310, 4.67001e-310, 4.67001e-310, 4.67001e-310, 4.67001e-310, 4.67001e-310, 4.67001e-310, 4.67001e-310, 4.67001e-310, 4.67001e-310, 4.67001e-310, 0.995073, 1.2447, 1.24468, 4.67001e-310, 4.67001e-310, 4.67001e-310, 0.747572, 0.744257, 0.845087, 4.67001e-310, 4.67001e-310, 4.67001e-310, 4.67001e-310, 0, 4.67001e-310, 4.67001e-310, 4.67001e-310, 4.67001e-310, 4.67001e-310, 4.67001e-310, 4.67001e-310, 4.67001e-310, 4.67001e-310, 4.67001e-310, 4.67001e-310, 4.67001e-310, 4.67001e-310, 4.67001e-310, 4.67001e-310, 4.67001e-310, 4.67001e-310, 4.67001e-310, 4.67001e-310, 4.67001e-310, 4.67001e-310, 4.67001e-310, 0, 4.67001e-310, 4.67001e-310, 4.67001e-310, 4.67001e-310, 4.67001e-310, 4.67001e-310, 4.67001e-310, 4.67001e-310, 4.67001e-310, 4.67001e-310, 4.67001e-310, 4.67001e-310, 4.67001e-310, 4.67001e-310, 0, 4.67001e-310, 4.67001e-310, 4.67001e-310, 4.67001e-310, 4.67001e-310, 4.67001e-310, 4.67001e-310, 4.67001e-310, 4.67001e-310, 4.67001e-310, 4.67001e-310, 4.67001e-310, 4.67001e-310, 4.67001e-310, 4.67001e-310, 4.67001e-310, 0.79335, 4.67001e-310, 4.67001e-310, 4.67001e-310, 0, 4.67001e-310, 1.20545, 0.994234, 1.11698, 4.67001e-310,
4.67001e-310, 4.67001e-310, 4.67001e-310, 4.67001e-310, 0, 4.67001e-310, 4.67001e-310, 4.67001e-310, 4.67001e-310, 4.67001e-310, 4.67001e-310, 4.67001e-310, 4.67001e-310, 4.67001e-310, 4.67001e-310, 4.67001e-310, 4.67001e-310, 4.67001e-310, 4.67001e-310, 4.67001e-310, 4.67001e-310, 4.67001e-310, 4.67001e-310, 0, 4.67001e-310, 4.67001e-310, 4.67001e-310, 0, 4.67001e-310, 4.67001e-310, 4.67001e-310, 4.67001e-310, 4.67001e-310, 4.67001e-310, 4.67001e-310, 0, 0, 0, 4.67001e-310, 0, 4.67001e-310, 4.67001e-310, 0, 0, 0, 4.67001e-310, 0, 0, 0, 4.67001e-310, 4.67001e-310, 4.67001e-310, 4.67001e-310, 0, 4.67001e-310, 4.67001e-310, 4.67001e-310, 4.67001e-310, 4.67001e-310, 4.67001e-310, 4.67001e-310, 0, 4.67001e-310, 0, 4.67001e-310, 4.67001e-310, 4.67001e-310, 4.67001e-310, 4.67001e-310, 4.67001e-310, 4.67001e-310, 4.67001e-310, 0, 4.67001e-310, 4.67001e-310, 4.67001e-310, 4.67001e-310, 4.67001e-310, 0, 4.67001e-310, 0, 4.67001e-310, 0, 4.67001e-310, 0, 0, 4.67001e-310, 4.67001e-310, 0, 4.67001e-310, 4.67001e-310, 0, 0, 0, 0, 0, 0, 0, 0, 0, 0, 0, 0, 0, 0, 0, 0, 0, 0, 0, 0, 0, 0, 0, 0, 0, 0, 0, 0, 0, 0, 0, 0, 0, 0, 0, 0, 0, 0, 0, 0, 0, 0, 0, 0, 0, 0, 0, 0, 0, 0, 0, 0, 0, 0, 0, 0, 0, 0, 0, 0, 0, 0, 0, 0, 0, 0, 0, 0, 0, 0, 0, 0, 0, 0, 0, 4.67001e-310, 0, 4.67001e-310, 0, 4.67001e-310, 4.67001e-310, 4.67001e-310, 4.67001e-310, 0, 4.67001e-310, 4.67001e-310, 4.67001e-310, 4.67001e-310, 4.67001e-310, 4.67001e-310, 4.67001e-310, 4.67001e-310, 4.67001e-310, 4.67001e-310, 0, 4.67001e-310, 4.67001e-310, 4.67001e-310, 4.67001e-310, 0, 0, 4.67001e-310, 4.67001e-310, 4.67001e-310, 4.67001e-310, 0, 0, 4.67001e-310, 0, 0, 4.67001e-310, 4.67001e-310, 4.67001e-310, 4.67001e-310, 4.67001e-310, 4.67001e-310, 0, 4.67001e-310, 4.67001e-310, 4.67001e-310, 4.67001e-310, 4.67001e-310, 4.67001e-310, 4.67001e-310, 4.67001e-310, 4.67001e-310, 4.67001e-310, 4.67001e-310, 4.67001e-310, 4.67001e-310, 4.67001e-310, 4.67001e-310, 4.67001e-310, 4.67001e-310, 4.67001e-310, 4.67001e-310, 4.67001e-310, 4.67001e-310, 4.67001e-310, 4.67001e-310, 4.67001e-310, 4.67001e-310, 4.67001e-310, 4.67001e-310, 4.67001e-310, 4.67001e-310, 4.67001e-310, 4.67001e-310, 4.67001e-310, 4.67001e-310, 4.67001e-310, 4.67001e-310, 4.67001e-310, 4.67001e-310, 4.67001e-310, 4.67001e-310, 4.67001e-310, 4.67001e-310, 4.67001e-310, 4.67001e-310, 4.67001e-310, 4.67001e-310, 4.67001e-310, 4.67001e-310, 4.67001e-310, 4.67001e-310, 4.67001e-310, 4.67001e-310, 4.67001e-310, 4.67001e-310, 4.67001e-310, 4.67001e-310, 4.67001e-310, 4.67001e-310, 4.67001e-310, 4.67001e-310, 4.67001e-310, 4.67001e-310, 4.67001e-310, 4.67001e-310, 4.67001e-310, 4.67001e-310, 4.67001e-310, 4.67001e-310, 4.67001e-310, 4.67001e-310, 4.67001e-310, 4.67001e-310, 4.67001e-310, 0, 4.67001e-310, 4.67001e-310, 4.67001e-310, 4.67001e-310, 0, 4.67001e-310, 4.67001e-310, 4.67001e-310, 4.67001e-310, 4.67001e-310, 4.67001e-310, 0, 0, 4.67001e-310, 4.67001e-310, 0, 0, 4.67001e-310, 0, 4.67001e-310, 0, 4.67001e-310, 4.67001e-310, 0, 0, 4.67001e-310, 4.67001e-310, 4.67001e-310, 4.67001e-310, 0, 0, 0, 0, 0, 0, 0, 0, 0, 0, 0, 0, 0, 0, 0, 0, 0, 0, 0, 0, 0, 0, 0, 0, 0, 0, 0, 0, 0, 0, 0, 0, 0, 0, 0, 0, 0, 0, 0, 0, 0, 0, 0, 0, 0, 0, 0, 0, 0, 0, 0, 0, 0, 0, 0, 0, 0, 0, 0, 0, 0, 0, 0, 0, 0, 0, 0, 4.67001e-310, 4.67001e-310, 0, 4.67001e-310, 0, 4.67001e-310, 4.67001e-310, 0, 4.67001e-310, 4.67001e-310, 4.67001e-310, 4.67001e-310, 4.67001e-310, 4.67001e-310, 4.67001e-310, 4.67001e-310, 4.67001e-310, 4.67001e-310, 4.67001e-310, 4.67001e-310, 4.67001e-310, 4.67001e-310, 4.67001e-310, 4.67001e-310, 4.67001e-310, 4.67001e-310, 4.67001e-310, 4.67001e-310, 4.67001e-310, 4.67001e-310, 4.67001e-310, 4.67001e-310, 4.67001e-310, 4.67001e-310, 4.67001e-310, 4.67001e-310, 4.67001e-310, 4.67001e-310, 4.67001e-310, 4.67001e-310, 4.67001e-310, 4.67001e-310, 4.67001e-310, 4.67001e-310, 4.67001e-310, 4.67001e-310, 4.67001e-310, 4.67001e-310, 4.67001e-310, 4.67001e-310, 4.67001e-310, 4.67001e-310, 4.67001e-310, 4.67001e-310, 4.67001e-310, 4.67001e-310, 4.67001e-310, 4.67001e-310, 4.67001e-310, 4.67001e-310, 4.67001e-310, 4.67001e-310, 4.67001e-310, 4.67001e-310, 4.67001e-310, 4.67001e-310, 4.67001e-310, 4.67001e-310, 4.67001e-310, 4.67001e-310, 4.67001e-310, 4.67001e-310, 4.67001e-310, 4.67001e-310, 4.67001e-310, 4.67001e-310, 4.67001e-310, 4.67001e-310, 4.67001e-310, 4.67001e-310, 0, 4.67001e-310, 4.67001e-310, 0, 4.67001e-310, 4.67001e-310, 4.67001e-310, 4.67001e-310, 4.67001e-310, 4.67001e-310, 4.67001e-310, 4.67001e-310, 4.67001e-310, 4.67001e-310, 4.67001e-310, 4.67001e-310, 4.67001e-310, 4.67001e-310, 4.67001e-310, 4.67001e-310, 4.67001e-310, 4.67001e-310, 4.67001e-310, 4.67001e-310, 4.67001e-310, 4.67001e-310, 4.67001e-310, 4.67001e-310, 4.67001e-310, 4.67001e-310, 4.67001e-310, 4.67001e-310, 4.67001e-310, 4.67001e-310, 4.67001e-310, 4.67001e-310, 4.67001e-310, 4.67001e-310, 0, 4.67001e-310, 4.67001e-310, 0, 4.67001e-310, 4.67001e-310, 4.67001e-310, 4.67001e-310, 4.67001e-310, 4.67001e-310, 4.67001e-310, 4.67001e-310, 4.67001e-310, 4.67001e-310, 4.67001e-310, 4.67001e-310, 4.67001e-310, 4.67001e-310, 0, 4.67001e-310, 4.67001e-310,
4.67001e-310, 4.67001e-310, 4.67001e-310, 4.67001e-310, 4.67001e-310, 4.67001e-310, 4.67001e-310, 4.67001e-310, 4.67001e-310, 4.67001e-310, 0, 4.67001e-310, 4.67001e-310, 0, 4.67001e-310, 4.67001e-310, 4.67001e-310, 4.67001e-310, 4.67001e-310, 4.67001e-310, 4.67001e-310, 0, 4.67001e-310, 4.67001e-310, 4.67001e-310, 4.67001e-310, 4.67001e-310, 4.67001e-310, 4.67001e-310, 4.67001e-310, 4.67001e-310, 4.67001e-310, 4.67001e-310, 4.67001e-310, 4.67001e-310, 4.67001e-310, 4.67001e-310, 4.67001e-310, 0, 4.67001e-310, 0, 0, 0, 0, 4.67001e-310, 4.67001e-310, 0, 4.67001e-310, 0, 4.67001e-310, 4.67001e-310, 0, 4.67001e-310, 4.67001e-310, 4.67001e-310, 4.67001e-310, 4.67001e-310, 4.67001e-310, 4.67001e-310, 4.67001e-310, 4.67001e-310, 4.67001e-310, 4.67001e-310, 4.67001e-310, 4.67001e-310, 4.67001e-310, 4.67001e-310, 4.67001e-310, 4.67001e-310, 4.67001e-310, 4.67001e-310, 4.67001e-310, 4.67001e-310, 4.67001e-310, 0, 4.67001e-310, 4.67001e-310, 4.67001e-310, 0, 4.67001e-310, 4.67001e-310, 4.67001e-310, 0, 4.67001e-310, 4.67001e-310, 0, 4.67001e-310, 4.67001e-310, 4.67001e-310, 4.67001e-310, 4.67001e-310, 4.67001e-310, 4.67001e-310, 0, 0, 0, 0, 0, 0, 0, 0, 0, 0, 0, 0, 0, 0, 0, 0, 0, 0, 0, 0, 0, 0, 0, 0, 0, 0, 0, 0, 0, 0, 0, 0, 0, 0, 0, 0, 0, 0, 0, 0, 0, 0, 0, 0, 0, 0, 0, 0, 0, 0, 0, 0, 0, 0, 0, 0, 0, 0, 0, 0, 0, 0, 0, 0, 0, 0, 0, 0, 0, 0, 0, 0, 0, 0, 4.67001e-310, 0, 0, 0, 4.67001e-310, 4.67001e-310, 4.67001e-310, 4.67001e-310, 0, 4.67001e-310, 4.67001e-310, 4.67001e-310, 4.67001e-310, 4.67001e-310, 4.67001e-310, 4.67001e-310, 4.67001e-310, 4.67001e-310, 0, 4.67001e-310, 4.67001e-310, 4.67001e-310, 4.67001e-310, 4.67001e-310, 0, 4.67001e-310, 4.67001e-310, 0, 0, 0, 4.67001e-310, 0, 4.67001e-310, 4.67001e-310, 4.67001e-310, 0, 4.67001e-310, 4.67001e-310, 4.67001e-310, 0, 4.67001e-310, 0, 4.67001e-310, 4.67001e-310, 4.67001e-310, 4.67001e-310, 4.67001e-310, 4.67001e-310, 4.67001e-310, 4.67001e-310, 4.67001e-310, 4.67001e-310, 4.67001e-310, 4.67001e-310, 4.67001e-310, 4.67001e-310, 4.67001e-310, 4.67001e-310, 4.67001e-310, 4.67001e-310, 4.67001e-310, 4.67001e-310, 4.67001e-310, 4.67001e-310, 4.67001e-310, 4.67001e-310, 4.67001e-310, 4.67001e-310, 4.67001e-310, 4.67001e-310, 4.67001e-310, 4.67001e-310, 4.67001e-310, 0, 4.67001e-310, 4.67001e-310, 4.67001e-310, 4.67001e-310, 4.67001e-310, 4.67001e-310, 4.67001e-310, 4.67001e-310, 4.67001e-310, 4.67001e-310, 4.67001e-310, 4.67001e-310, 4.67001e-310, 4.67001e-310, 4.67001e-310, 4.67001e-310, 4.67001e-310, 4.67001e-310, 4.67001e-310, 4.67001e-310, 4.67001e-310, 4.67001e-310, 4.67001e-310, 4.67001e-310, 4.67001e-310, 4.67001e-310, 4.67001e-310, 4.67001e-310, 4.67001e-310, 4.67001e-310, 4.67001e-310, 4.67001e-310, 4.67001e-310, 4.67001e-310, 4.67001e-310, 4.67001e-310, 4.67001e-310, 4.67001e-310, 4.67001e-310, 0, 4.67001e-310, 4.67001e-310, 4.67001e-310, 4.67001e-310, 4.67001e-310, 4.67001e-310, 4.67001e-310, 4.67001e-310, 0, 4.67001e-310, 4.67001e-310, 4.67001e-310, 4.67001e-310, 4.67001e-310, 0, 4.67001e-310, 0, 4.67001e-310, 0, 4.67001e-310, 0, 0, 4.67001e-310, 4.67001e-310, 0, 4.67001e-310, 4.67001e-310, 0, 0, 0, 0, 0, 0, 0, 0, 0, 0, 0, 0, 0, 0, 0, 0, 0, 0, 0, 0, 0, 0, 0, 0, 0, 0, 0, 0, 0, 0, 0, 0, 0, 0, 0, 0, 0, 0, 0, 0, 0, 0, 0, 0, 0, 0, 0, 0, 0, 0, 0, 0, 0, 0, 0, 0, 0, 0, 0, 0, 0, 0, 0, 0, 0, 0, 0, 0, 0, 4.67001e-310, 0, 0, 4.67001e-310, 4.67001e-310, 4.67001e-310, 4.67001e-310, 4.67001e-310, 4.67001e-310, 0, 4.67001e-310, 4.67001e-310, 4.67001e-310, 4.67001e-310, 4.67001e-310, 4.67001e-310, 4.67001e-310, 4.67001e-310, 4.67001e-310, 4.67001e-310, 4.67001e-310, 4.67001e-310, 4.67001e-310, 4.67001e-310, 4.67001e-310, 4.67001e-310, 4.67001e-310, 4.67001e-310, 4.67001e-310, 4.67001e-310, 4.67001e-310, 4.67001e-310, 4.67001e-310, 4.67001e-310, 4.67001e-310, 4.67001e-310, 4.67001e-310, 4.67001e-310, 4.67001e-310, 4.67001e-310, 4.67001e-310, 4.67001e-310, 4.67001e-310, 4.67001e-310, 4.67001e-310, 4.67001e-310, 4.67001e-310, 4.67001e-310, 4.67001e-310, 4.67001e-310, 4.67001e-310, 4.67001e-310, 4.67001e-310, 4.67001e-310, 4.67001e-310, 4.67001e-310, 4.67001e-310, 4.67001e-310, 4.67001e-310, 4.67001e-310, 4.67001e-310, 4.67001e-310, 4.67001e-310, 4.67001e-310, 4.67001e-310, 4.67001e-310, 4.67001e-310, 4.67001e-310, 4.67001e-310, 4.67001e-310, 4.67001e-310, 4.67001e-310, 4.67001e-310, 4.67001e-310, 4.67001e-310, 4.67001e-310, 4.67001e-310, 4.67001e-310, 4.67001e-310, 4.67001e-310, 0, 4.67001e-310, 4.67001e-310, 4.67001e-310, 4.67001e-310, 4.67001e-310, 4.67001e-310, 4.67001e-310, 4.67001e-310, 4.67001e-310, 4.67001e-310, 4.67001e-310, 4.67001e-310, 4.67001e-310, 4.67001e-310, 4.67001e-310, 4.67001e-310, 4.67001e-310, 4.67001e-310, 4.67001e-310, 4.67001e-310, 4.67001e-310, 4.67001e-310, 4.67001e-310, 4.67001e-310, 4.67001e-310, 4.67001e-310, 4.67001e-310, 4.67001e-310, 4.67001e-310, 4.67001e-310, 4.67001e-310, 4.67001e-310, 4.67001e-310, 4.67001e-310, 4.67001e-310, 4.67001e-310, 4.67001e-310, 0, 4.67001e-310, 4.67001e-310, 4.67001e-310, 4.67001e-310, 4.67001e-310, 4.67001e-310, 4.67001e-310, 4.67001e-310, 4.67001e-310, 4.67001e-310, 4.67001e-310, 4.67001e-310, 4.67001e-310, 4.67001e-310, 4.67001e-310, 4.67001e-310, 0, 4.67001e-310, 4.67001e-310, 0,
4.67001e-310, 4.67001e-310, 4.67001e-310, 4.67001e-310, 4.67001e-310, 4.67001e-310, 4.67001e-310, 4.67001e-310, 4.67001e-310, 4.67001e-310, 0, 4.67001e-310, 4.67001e-310, 4.67001e-310, 4.67001e-310, 4.67001e-310, 4.67001e-310, 4.67001e-310, 4.67001e-310, 4.67001e-310, 4.67001e-310, 4.67001e-310, 4.67001e-310, 4.67001e-310, 4.67001e-310, 4.67001e-310, 4.67001e-310, 4.67001e-310, 4.67001e-310, 4.67001e-310, 4.67001e-310, 0, 4.67001e-310, 4.67001e-310, 4.67001e-310, 4.67001e-310, 0, 0, 4.67001e-310, 4.67001e-310, 4.67001e-310, 4.67001e-310, 0, 0, 4.67001e-310, 0, 0, 4.67001e-310, 4.67001e-310, 4.67001e-310, 4.67001e-310, 4.67001e-310, 4.67001e-310, 0, 4.67001e-310, 4.67001e-310, 4.67001e-310, 4.67001e-310, 4.67001e-310, 4.67001e-310, 4.67001e-310, 4.67001e-310, 4.67001e-310, 4.67001e-310, 4.67001e-310, 4.67001e-310, 4.67001e-310, 4.67001e-310, 0, 4.67001e-310, 4.67001e-310, 4.67001e-310, 4.67001e-310, 4.67001e-310, 4.67001e-310, 4.67001e-310, 0, 0, 4.67001e-310, 4.67001e-310, 4.67001e-310, 4.67001e-310, 4.67001e-310, 4.67001e-310, 0, 4.67001e-310, 4.67001e-310, 0, 0, 4.67001e-310, 4.67001e-310, 4.67001e-310, 0, 0, 0, 0, 0, 0, 0, 0.713499, 0.713412, 0, 0, 0, 0, 0, 0, 0, 0, 0, 0, 0, 0, 0, 0, 0, 0, 0, 0, 0, 0, 0, 0, 0, 0, 0, 0, 0, 0, 0, 0, 0, 0.716615, 0, 0, 0, 0, 0, 0, 0, 0, 0, 0, 0, 0, 0, 0, 0, 0, 0, 0, 0, 0, 0, 0, 0, 0, 0, 0, 0, 0, 0, 0.853271, 0.853184, 0, 0, 4.67001e-310, 4.67001e-310, 0, 4.67001e-310, 0, 4.67001e-310, 4.67001e-310, 0, 4.67001e-310, 4.67001e-310, 4.67001e-310, 4.67001e-310, 4.67001e-310, 4.67001e-310, 4.67001e-310, 0.721269, 0.721182, 4.67001e-310, 4.67001e-310, 4.67001e-310, 4.67001e-310, 4.67001e-310, 0, 4.67001e-310, 4.67001e-310, 4.67001e-310, 4.67001e-310, 4.67001e-310, 4.67001e-310, 4.67001e-310, 0, 4.67001e-310, 0.836234, 4.67001e-310, 0, 0, 4.67001e-310, 4.67001e-310, 4.67001e-310, 4.67001e-310, 4.67001e-310, 4.67001e-310, 0, 4.67001e-310, 4.67001e-310, 0, 4.67001e-310, 1.20334, 1.0158, 0.981596, 4.67001e-310, 4.67001e-310, 4.67001e-310, 4.67001e-310, 4.67001e-310, 4.67001e-310, 4.67001e-310, 4.67001e-310, 4.67001e-310, 4.67001e-310, 4.67001e-310, 4.67001e-310, 4.67001e-310, 4.67001e-310, 4.67001e-310, 4.67001e-310, 4.67001e-310, 4.67001e-310, 4.67001e-310, 4.67001e-310, 4.67001e-310, 4.67001e-310, 4.67001e-310, 4.67001e-310, 4.67001e-310, 4.67001e-310, 4.67001e-310, 4.67001e-310, 4.67001e-310, 4.67001e-310, 0, 4.67001e-310, 4.67001e-310, 0, 4.67001e-310, 4.67001e-310, 4.67001e-310, 4.67001e-310, 4.67001e-310, 4.67001e-310, 4.67001e-310, 4.67001e-310, 4.67001e-310, 4.67001e-310, 4.67001e-310, 4.67001e-310, 0.844688, 0.844602, 4.67001e-310, 0.772143, 0.772042, 4.67001e-310, 0, 4.67001e-310, 4.67001e-310, 4.67001e-310, 0.735407, 0.735321, 0.763316, 4.67001e-310, 4.67001e-310, 4.67001e-310, 4.67001e-310, 4.67001e-310, 4.67001e-310, 4.67001e-310, 4.67001e-310, 4.67001e-310, 4.67001e-310, 4.67001e-310, 4.67001e-310, 4.67001e-310, 4.67001e-310, 4.67001e-310, 4.67001e-310, 0, 4.67001e-310, 4.67001e-310, 4.67001e-310, 0, 4.67001e-310, 4.67001e-310, 4.67001e-310, 4.67001e-310, 4.67001e-310, 4.67001e-310, 0, 4.67001e-310, 4.67001e-310, 4.67001e-310, 4.67001e-310, 4.67001e-310, 4.67001e-310, 4.67001e-310, 0, 0, 0, 0, 0, 0, 0, 0, 0, 0, 0, 0, 0, 0, 0, 0, 0, 0, 0, 0, 0, 0, 0, 0, 0, 0, 0, 0, 0, 0, 0, 0, 0, 0, 0, 0, 0, 0, 0, 0, 0, 0, 0, 0, 0, 0, 0, 0, 0, 0, 0.705903, 0.705817, 0, 0, 0, 0, 0, 0.705298, 0.705226, 0, 0, 0, 0, 0, 0, 0, 4.67001e-310, 0, 4.67001e-310, 4.67001e-310, 4.67001e-310, 0, 4.67001e-310, 4.67001e-310, 4.67001e-310, 0, 4.67001e-310, 0, 4.67001e-310, 4.67001e-310, 4.67001e-310, 4.67001e-310, 4.67001e-310, 4.67001e-310, 4.67001e-310, 4.67001e-310, 4.67001e-310, 4.67001e-310, 4.67001e-310, 4.67001e-310, 4.67001e-310, 4.67001e-310, 0, 4.67001e-310, 4.67001e-310, 4.67001e-310, 4.67001e-310, 4.67001e-310, 4.67001e-310, 4.67001e-310, 4.67001e-310, 0, 4.67001e-310, 4.67001e-310, 4.67001e-310, 4.67001e-310, 4.67001e-310, 4.67001e-310, 4.67001e-310, 4.67001e-310, 4.67001e-310, 4.67001e-310, 4.67001e-310, 4.67001e-310, 4.67001e-310, 4.67001e-310, 4.67001e-310, 4.67001e-310, 4.67001e-310, 4.67001e-310, 4.67001e-310, 4.67001e-310, 4.67001e-310, 4.67001e-310, 4.67001e-310, 4.67001e-310, 4.67001e-310, 4.67001e-310, 4.67001e-310, 0.75718, 0.757108, 4.67001e-310, 4.67001e-310, 4.67001e-310, 4.67001e-310, 4.67001e-310, 4.67001e-310, 4.67001e-310, 4.67001e-310, 4.67001e-310, 4.67001e-310, 4.67001e-310, 4.67001e-310, 4.67001e-310, 4.67001e-310, 4.67001e-310, 4.67001e-310, 4.67001e-310, 4.67001e-310, 0, 4.67001e-310, 0, 0, 4.67001e-310, 4.67001e-310, 4.67001e-310, 4.67001e-310, 4.67001e-310, 0, 4.67001e-310, 4.67001e-310, 4.67001e-310, 4.67001e-310, 4.67001e-310, 4.67001e-310, 4.67001e-310, 4.67001e-310, 4.67001e-310, 4.67001e-310, 4.67001e-310, 4.67001e-310, 4.67001e-310, 4.67001e-310, 4.67001e-310, 4.67001e-310, 4.67001e-310, 4.67001e-310, 4.67001e-310, 4.67001e-310, 4.67001e-310, 4.67001e-310, 4.67001e-310, 4.67001e-310, 0, 4.67001e-310, 0, 4.67001e-310, 0, 4.67001e-310, 0, 0, 4.67001e-310, 4.67001e-310, 0, 4.67001e-310, 4.67001e-310, 0.737651, 4.67001e-310, 4.67001e-310, 4.67001e-310, 4.67001e-310, 4.67001e-310, 4.67001e-310, 0, 0, 4.67001e-310,
4.67001e-310, 4.67001e-310, 4.67001e-310, 4.67001e-310, 4.67001e-310, 4.67001e-310, 4.67001e-310, 4.67001e-310, 4.67001e-310, 4.67001e-310, 0, 4.67001e-310, 0, 4.67001e-310, 0, 0, 4.67001e-310, 4.67001e-310, 4.67001e-310, 4.67001e-310, 4.67001e-310, 0, 4.67001e-310, 4.67001e-310, 4.67001e-310, 4.67001e-310, 4.67001e-310, 4.67001e-310, 4.67001e-310, 4.67001e-310, 4.67001e-310, 0, 4.67001e-310, 4.67001e-310, 4.67001e-310, 4.67001e-310, 4.67001e-310, 0, 4.67001e-310, 4.67001e-310, 0, 0, 0, 4.67001e-310, 0, 4.67001e-310, 4.67001e-310, 4.67001e-310, 0, 4.67001e-310, 4.67001e-310, 4.67001e-310, 0, 4.67001e-310, 0, 4.67001e-310, 4.67001e-310, 4.67001e-310, 4.67001e-310, 4.67001e-310, 4.67001e-310, 4.67001e-310, 4.67001e-310, 4.67001e-310, 4.67001e-310, 4.67001e-310, 4.67001e-310, 0, 4.67001e-310, 0, 4.67001e-310, 4.67001e-310, 4.67001e-310, 4.67001e-310, 4.67001e-310, 4.67001e-310, 4.67001e-310, 4.67001e-310, 0, 4.67001e-310, 4.67001e-310, 4.67001e-310, 4.67001e-310, 4.67001e-310, 4.67001e-310, 0, 0, 4.67001e-310, 0, 0, 4.67001e-310, 4.67001e-310, 4.67001e-310, 0, 0, 0, 0, 0, 0, 0, 0, 0, 0, 0, 0, 0, 0, 0, 0, 0, 0, 0, 0, 0, 0, 0, 0, 0, 0, 0, 0, 0, 0, 0, 0, 0, 0, 0, 0, 0, 0, 0, 0, 0, 0, 0, 0, 0, 0, 0, 0, 0, 0, 0, 0, 0, 0, 0, 0, 0, 0, 0, 0, 0, 0, 0, 0, 0, 0, 0, 0, 0, 0, 0, 0, 0, 4.67001e-310, 0, 0, 4.67001e-310, 4.67001e-310, 4.67001e-310, 4.67001e-310, 4.67001e-310, 4.67001e-310, 0, 4.67001e-310, 4.67001e-310, 4.67001e-310, 4.67001e-310, 4.67001e-310, 4.67001e-310, 4.67001e-310, 4.67001e-310, 4.67001e-310, 4.67001e-310, 4.67001e-310, 4.67001e-310, 4.67001e-310, 4.67001e-310, 0, 0, 4.67001e-310, 4.67001e-310, 4.67001e-310, 0, 0, 4.67001e-310, 0, 0, 4.67001e-310, 0, 4.67001e-310, 0, 4.67001e-310, 4.67001e-310, 4.67001e-310, 4.67001e-310, 4.67001e-310, 4.67001e-310, 4.67001e-310, 4.67001e-310, 4.67001e-310, 1.00649, 1.00636, 1.0064, 4.67001e-310, 4.67001e-310, 4.67001e-310, 4.67001e-310, 4.67001e-310, 4.67001e-310, 4.67001e-310, 4.67001e-310, 4.67001e-310, 4.67001e-310, 4.67001e-310, 4.67001e-310, 4.67001e-310, 4.67001e-310, 4.67001e-310, 4.67001e-310, 4.67001e-310, 4.67001e-310, 4.67001e-310, 4.67001e-310, 4.67001e-310, 4.67001e-310, 4.67001e-310, 4.67001e-310, 4.67001e-310, 4.67001e-310, 4.67001e-310, 4.67001e-310, 4.67001e-310, 4.67001e-310, 4.67001e-310, 4.67001e-310, 4.67001e-310, 4.67001e-310, 4.67001e-310, 4.67001e-310, 4.67001e-310, 4.67001e-310, 4.67001e-310, 4.67001e-310, 4.67001e-310, 4.67001e-310, 4.67001e-310, 4.67001e-310, 4.67001e-310, 4.67001e-310, 4.67001e-310, 4.67001e-310, 4.67001e-310, 4.67001e-310, 4.67001e-310, 4.67001e-310, 4.67001e-310, 4.67001e-310, 4.67001e-310, 4.67001e-310, 4.67001e-310, 4.67001e-310, 4.67001e-310, 4.67001e-310, 4.67001e-310, 4.67001e-310, 4.67001e-310, 4.67001e-310, 4.67001e-310, 4.67001e-310, 4.67001e-310, 4.67001e-310, 4.67001e-310, 0, 4.67001e-310, 4.67001e-310, 4.67001e-310, 4.67001e-310, 4.67001e-310, 4.67001e-310, 4.67001e-310, 0, 0, 4.67001e-310, 4.67001e-310, 4.67001e-310, 4.67001e-310, 4.67001e-310, 4.67001e-310, 0, 4.67001e-310, 4.67001e-310, 0, 0, 4.67001e-310, 4.67001e-310, 4.67001e-310, 0, 0, 0, 0, 0, 0, 0, 0, 0, 0, 0, 0, 0, 0, 0, 0, 0, 0, 0, 0, 0, 0, 0, 0, 0, 0, 0, 0, 0, 0, 0, 0, 0, 0, 0, 0, 0, 0, 0, 0, 0, 0, 0, 0, 0, 0, 0, 0, 0, 0, 0, 0, 0, 0, 0, 0, 0, 0, 0, 0, 0, 0, 0, 0, 0, 0, 0, 4.67001e-310, 4.67001e-310, 4.67001e-310, 0, 0, 4.67001e-310, 4.67001e-310, 4.67001e-310, 4.67001e-310, 4.67001e-310, 4.67001e-310, 0, 4.67001e-310, 4.67001e-310, 0, 4.67001e-310, 4.67001e-310, 4.67001e-310, 4.67001e-310, 4.67001e-310, 4.67001e-310, 4.67001e-310, 4.67001e-310, 4.67001e-310, 4.67001e-310, 4.67001e-310, 4.67001e-310, 4.67001e-310, 4.67001e-310, 4.67001e-310, 4.67001e-310, 4.67001e-310, 4.67001e-310, 4.67001e-310, 4.67001e-310, 4.67001e-310, 4.67001e-310, 0, 4.67001e-310, 4.67001e-310, 4.67001e-310, 4.67001e-310, 4.67001e-310, 4.67001e-310, 4.67001e-310, 4.67001e-310, 4.67001e-310, 4.67001e-310, 4.67001e-310, 4.67001e-310, 4.67001e-310, 4.67001e-310, 4.67001e-310, 4.67001e-310, 4.67001e-310, 4.67001e-310, 4.67001e-310, 4.67001e-310, 4.67001e-310, 4.67001e-310, 4.67001e-310, 4.67001e-310, 4.67001e-310, 4.67001e-310, 4.67001e-310, 4.67001e-310, 4.67001e-310, 4.67001e-310, 4.67001e-310, 4.67001e-310, 4.67001e-310, 4.67001e-310, 4.67001e-310, 4.67001e-310, 4.67001e-310, 4.67001e-310, 4.67001e-310, 4.67001e-310, 4.67001e-310, 4.67001e-310, 4.67001e-310, 4.67001e-310, 4.67001e-310, 4.67001e-310, 4.67001e-310, 4.67001e-310, 4.67001e-310, 4.67001e-310, 4.67001e-310, 4.67001e-310, 4.67001e-310, 4.67001e-310, 4.67001e-310, 4.67001e-310, 4.67001e-310, 4.67001e-310, 4.67001e-310, 4.67001e-310, 4.67001e-310, 4.67001e-310, 4.67001e-310, 4.67001e-310, 4.67001e-310, 4.67001e-310, 4.67001e-310, 4.67001e-310, 4.67001e-310, 4.67001e-310, 4.67001e-310, 4.67001e-310, 4.67001e-310, 4.67001e-310, 4.67001e-310, 4.67001e-310, 4.67001e-310, 4.67001e-310, 4.67001e-310, 4.67001e-310, 4.67001e-310, 4.67001e-310, 4.67001e-310, 4.67001e-310, 4.67001e-310, 4.67001e-310, 4.67001e-310, 4.67001e-310, 4.67001e-310, 4.67001e-310, 4.67001e-310, 4.67001e-310, 4.67001e-310, 4.67001e-310, 4.67001e-310, 4.67001e-310, 4.67001e-310, 4.67001e-310, 4.67001e-310, 4.67001e-310, 0, 0,
0, 4.67001e-310, 4.67001e-310, 4.67001e-310, 4.67001e-310, 4.67001e-310, 4.67001e-310, 4.67001e-310, 4.67001e-310, 4.67001e-310, 4.67001e-310, 4.67001e-310, 4.67001e-310, 4.67001e-310, 4.67001e-310, 4.67001e-310, 4.67001e-310, 4.67001e-310, 4.67001e-310, 4.67001e-310, 4.67001e-310, 4.67001e-310, 4.67001e-310, 4.67001e-310, 4.67001e-310, 4.67001e-310, 4.67001e-310, 4.67001e-310, 4.67001e-310, 4.67001e-310, 4.67001e-310, 4.67001e-310, 4.67001e-310, 4.67001e-310, 0, 4.67001e-310, 4.67001e-310, 4.67001e-310, 4.67001e-310, 4.67001e-310, 4.67001e-310, 4.67001e-310, 0, 4.67001e-310, 4.67001e-310, 4.67001e-310, 0, 0, 4.67001e-310, 4.67001e-310, 4.67001e-310, 4.67001e-310, 4.67001e-310, 4.67001e-310, 0, 4.67001e-310, 4.67001e-310, 0, 4.67001e-310, 4.67001e-310, 4.67001e-310, 4.67001e-310, 4.67001e-310, 4.67001e-310, 4.67001e-310, 4.67001e-310, 4.67001e-310, 0, 0, 4.67001e-310, 4.67001e-310, 0, 4.67001e-310, 0, 4.67001e-310, 4.67001e-310, 0, 4.67001e-310, 4.67001e-310, 4.67001e-310, 4.67001e-310, 4.67001e-310, 4.67001e-310, 4.67001e-310, 4.67001e-310, 4.67001e-310, 0, 0, 0, 4.67001e-310, 0, 0, 0, 0, 0, 0, 0, 0, 0, 0.813348, 0.813089, 0, 0, 0, 0, 0, 0, 0, 0, 0, 0, 0, 0, 0, 0, 0, 0, 0, 0, 0, 0, 0, 0, 0, 0, 0, 0, 0, 0, 0, 0, 0, 0, 0, 0, 0, 0, 0, 0, 0, 0, 0, 0, 0, 0, 0, 0, 0, 0, 0, 0, 0, 0, 0, 0, 0, 0, 0, 0, 0, 0, 0, 0, 0, 0, 4.67001e-310, 0, 4.67001e-310, 4.67001e-310, 4.67001e-310, 0, 4.67001e-310, 4.67001e-310, 4.67001e-310, 0, 4.67001e-310, 0, 4.67001e-310, 4.67001e-310, 4.67001e-310, 4.67001e-310, 4.67001e-310, 4.67001e-310, 0, 4.67001e-310, 4.67001e-310, 4.67001e-310, 4.67001e-310, 4.67001e-310, 0, 4.67001e-310, 0, 0, 4.67001e-310, 4.67001e-310, 4.67001e-310, 0, 4.67001e-310, 0, 4.67001e-310, 0, 4.67001e-310, 4.67001e-310, 4.67001e-310, 4.67001e-310, 4.67001e-310, 4.67001e-310, 4.67001e-310, 4.67001e-310, 4.67001e-310, 4.67001e-310, 4.67001e-310, 0, 1.13795, 1.04934, 0.944565, 4.67001e-310, 4.67001e-310, 4.67001e-310, 4.67001e-310, 4.67001e-310, 4.67001e-310, 4.67001e-310, 4.67001e-310, 4.67001e-310, 4.67001e-310, 4.67001e-310, 4.67001e-310, 4.67001e-310, 4.67001e-310, 4.67001e-310, 4.67001e-310, 4.67001e-310, 4.67001e-310, 4.67001e-310, 4.67001e-310, 4.67001e-310, 4.67001e-310, 0, 4.67001e-310, 4.67001e-310, 4.67001e-310, 4.67001e-310, 4.67001e-310, 4.67001e-310, 4.67001e-310, 0, 4.67001e-310, 4.67001e-310, 4.67001e-310, 0, 4.67001e-310, 4.67001e-310, 4.67001e-310, 4.67001e-310, 4.67001e-310, 4.67001e-310, 4.67001e-310, 4.67001e-310, 4.67001e-310, 4.67001e-310, 4.67001e-310, 4.67001e-310, 4.67001e-310, 4.67001e-310, 0, 4.67001e-310, 4.67001e-310, 4.67001e-310, 4.67001e-310, 4.67001e-310, 4.67001e-310, 4.67001e-310, 4.67001e-310, 4.67001e-310, 4.67001e-310, 4.67001e-310, 4.67001e-310, 4.67001e-310, 4.67001e-310, 4.67001e-310, 4.67001e-310, 4.67001e-310, 4.67001e-310, 0, 4.67001e-310, 0, 4.67001e-310, 4.67001e-310, 4.67001e-310, 4.67001e-310, 4.67001e-310, 4.67001e-310, 4.67001e-310, 4.67001e-310, 0, 4.67001e-310, 4.67001e-310, 4.67001e-310, 4.67001e-310, 4.67001e-310, 4.67001e-310, 0, 0, 4.67001e-310, 0, 0, 4.67001e-310, 4.67001e-310, 4.67001e-310, 0, 0, 0, 0, 0, 0, 0, 0, 0, 0, 0, 0, 0, 0, 0, 0, 0, 0, 0, 0, 0, 0, 0, 0, 0, 0, 0, 0, 0, 0, 0, 0, 0, 0, 0, 0, 0, 0, 0, 0, 0, 0, 0, 0, 0, 0, 0, 0, 0, 0, 0, 0, 0, 0, 0, 0, 0, 0, 0, 0, 0, 0, 0, 0, 0, 0, 4.67001e-310, 0, 0, 4.67001e-310, 0, 4.67001e-310, 0, 4.67001e-310, 4.67001e-310, 4.67001e-310, 4.67001e-310, 0, 4.67001e-310, 4.67001e-310, 4.67001e-310, 4.67001e-310, 4.67001e-310, 4.67001e-310, 4.67001e-310, 4.67001e-310, 4.67001e-310, 4.67001e-310, 4.67001e-310, 4.67001e-310, 4.67001e-310, 4.67001e-310, 4.67001e-310, 4.67001e-310, 4.67001e-310, 4.67001e-310, 4.67001e-310, 4.67001e-310, 4.67001e-310, 4.67001e-310, 4.67001e-310, 4.67001e-310, 4.67001e-310, 4.67001e-310, 4.67001e-310, 4.67001e-310, 4.67001e-310, 4.67001e-310, 4.67001e-310, 4.67001e-310, 4.67001e-310, 4.67001e-310, 4.67001e-310, 4.67001e-310, 4.67001e-310, 4.67001e-310, 4.67001e-310, 4.67001e-310, 4.67001e-310, 4.67001e-310, 4.67001e-310, 4.67001e-310, 4.67001e-310, 4.67001e-310, 4.67001e-310, 4.67001e-310, 4.67001e-310, 4.67001e-310, 4.67001e-310, 4.67001e-310, 4.67001e-310, 4.67001e-310, 4.67001e-310, 4.67001e-310, 4.67001e-310, 4.67001e-310, 4.67001e-310, 4.67001e-310, 4.67001e-310, 4.67001e-310, 4.67001e-310, 4.67001e-310, 4.67001e-310, 4.67001e-310, 4.67001e-310, 4.67001e-310, 4.67001e-310, 4.67001e-310, 4.67001e-310, 4.67001e-310, 4.67001e-310, 0, 4.67001e-310, 4.67001e-310, 4.67001e-310, 4.67001e-310, 4.67001e-310, 4.67001e-310, 4.67001e-310, 4.67001e-310, 4.67001e-310, 4.67001e-310, 4.67001e-310, 4.67001e-310, 4.67001e-310, 4.67001e-310, 4.67001e-310, 4.67001e-310, 4.67001e-310, 4.67001e-310, 4.67001e-310, 4.67001e-310, 4.67001e-310, 4.67001e-310, 4.67001e-310, 4.67001e-310, 4.67001e-310, 4.67001e-310, 4.67001e-310, 4.67001e-310, 4.67001e-310, 4.67001e-310, 4.67001e-310, 4.67001e-310, 4.67001e-310, 4.67001e-310, 4.67001e-310, 4.67001e-310, 4.67001e-310, 0, 4.67001e-310, 4.67001e-310, 4.67001e-310, 4.67001e-310, 4.67001e-310, 4.67001e-310, 4.67001e-310, 0, 4.67001e-310, 4.67001e-310, 4.67001e-310, 4.67001e-310, 4.67001e-310, 4.67001e-310, 0, 4.67001e-310,
4.67001e-310, 4.67001e-310, 4.67001e-310, 4.67001e-310, 4.67001e-310, 4.67001e-310, 4.67001e-310, 4.67001e-310, 4.67001e-310, 4.67001e-310, 4.67001e-310, 4.67001e-310, 4.67001e-310, 4.67001e-310, 0, 4.67001e-310, 4.67001e-310, 4.67001e-310, 4.67001e-310, 4.67001e-310, 4.67001e-310, 4.67001e-310, 4.67001e-310, 4.67001e-310, 4.67001e-310, 4.67001e-310, 4.67001e-310, 4.67001e-310, 4.67001e-310, 4.67001e-310, 4.67001e-310, 4.67001e-310, 4.67001e-310, 4.67001e-310, 4.67001e-310, 4.67001e-310, 0, 0, 4.67001e-310, 4.67001e-310, 4.67001e-310, 0, 0, 4.67001e-310, 0, 0, 4.67001e-310, 0, 4.67001e-310, 0, 4.67001e-310, 4.67001e-310, 4.67001e-310, 4.67001e-310, 4.67001e-310, 4.67001e-310, 4.67001e-310, 4.67001e-310, 4.67001e-310, 4.67001e-310, 4.67001e-310, 4.67001e-310, 4.67001e-310, 4.67001e-310, 4.67001e-310, 4.67001e-310, 4.67001e-310, 0, 4.67001e-310, 4.67001e-310, 4.67001e-310, 4.67001e-310, 4.67001e-310, 4.67001e-310, 4.67001e-310, 4.67001e-310, 4.67001e-310, 4.67001e-310, 0, 0, 4.67001e-310, 4.67001e-310, 4.67001e-310, 4.67001e-310, 4.67001e-310, 4.67001e-310, 0, 4.67001e-310, 4.67001e-310, 4.67001e-310, 4.67001e-310, 4.67001e-310, 0, 0, 0, 0, 0, 0, 0, 0, 0, 0, 0, 0, 0, 0, 0, 0, 0, 0, 0, 0, 0, 0, 0, 0, 0, 0, 0, 0, 0, 0, 0, 0, 0, 0, 0, 0, 0, 0, 0, 0, 0, 0, 0, 0, 0, 0, 0, 0, 0, 0, 0, 0, 0, 0, 0, 0, 0, 0, 0, 0, 0, 0, 0, 0, 0, 0, 0, 0, 0, 0, 0, 0, 0, 4.67001e-310, 4.67001e-310, 4.67001e-310, 0, 0, 4.67001e-310, 4.67001e-310, 4.67001e-310, 4.67001e-310, 4.67001e-310, 4.67001e-310, 0, 4.67001e-310, 4.67001e-310, 0, 4.67001e-310, 4.67001e-310, 4.67001e-310, 4.67001e-310, 4.67001e-310, 4.67001e-310, 4.67001e-310, 4.67001e-310, 4.67001e-310, 0, 0, 0, 4.67001e-310, 0, 4.67001e-310, 0, 0, 0, 0, 4.67001e-310, 4.67001e-310, 4.67001e-310, 0, 4.67001e-310, 4.67001e-310, 4.67001e-310, 0, 4.67001e-310, 4.67001e-310, 4.67001e-310, 4.67001e-310, 4.67001e-310, 4.67001e-310, 4.67001e-310, 4.67001e-310, 4.67001e-310, 4.67001e-310, 4.67001e-310, 4.67001e-310, 4.67001e-310, 4.67001e-310, 4.67001e-310, 4.67001e-310, 4.67001e-310, 4.67001e-310, 4.67001e-310, 4.67001e-310, 4.67001e-310, 4.67001e-310, 4.67001e-310, 4.67001e-310, 4.67001e-310, 4.67001e-310, 4.67001e-310, 4.67001e-310, 4.67001e-310, 4.67001e-310, 4.67001e-310, 4.67001e-310, 4.67001e-310, 4.67001e-310, 4.67001e-310, 4.67001e-310, 4.67001e-310, 4.67001e-310, 4.67001e-310, 4.67001e-310, 4.67001e-310, 4.67001e-310, 4.67001e-310, 4.67001e-310, 4.67001e-310, 4.67001e-310, 4.67001e-310, 4.67001e-310, 4.67001e-310, 4.67001e-310, 4.67001e-310, 4.67001e-310, 4.67001e-310, 4.67001e-310, 4.67001e-310, 4.67001e-310, 4.67001e-310, 4.67001e-310, 4.67001e-310, 4.67001e-310, 4.67001e-310, 4.67001e-310, 4.67001e-310, 4.67001e-310, 4.67001e-310, 4.67001e-310, 4.67001e-310, 4.67001e-310, 4.67001e-310, 4.67001e-310, 4.67001e-310, 4.67001e-310, 4.67001e-310, 4.67001e-310, 4.67001e-310, 4.67001e-310, 4.67001e-310, 0, 0, 4.67001e-310, 4.67001e-310, 0, 4.67001e-310, 0, 4.67001e-310, 4.67001e-310, 0, 4.67001e-310, 4.67001e-310, 4.67001e-310, 4.67001e-310, 4.67001e-310, 4.67001e-310, 4.67001e-310, 4.67001e-310, 4.67001e-310, 0, 0, 0, 4.67001e-310, 0, 4.67001e-310, 0, 0, 0, 0, 0, 0, 0, 0, 0, 0, 0, 0, 0, 0, 0, 0, 0, 0, 0, 0, 0, 0, 0, 0, 0, 0, 0, 0, 0, 0, 0, 0, 0, 0, 0, 0, 0, 0, 0, 0, 0, 0, 0, 0, 0, 0, 0, 0, 0, 0, 0, 0, 0, 0, 0, 0, 0, 0, 0, 0, 0, 0, 0, 0, 0, 0, 0, 4.67001e-310, 0, 4.67001e-310, 0, 4.67001e-310, 4.67001e-310, 4.67001e-310, 4.67001e-310, 4.67001e-310, 4.67001e-310, 4.67001e-310, 4.67001e-310, 4.67001e-310, 4.67001e-310, 4.67001e-310, 0, 4.67001e-310, 4.67001e-310, 4.67001e-310, 4.67001e-310, 4.67001e-310, 4.67001e-310, 4.67001e-310, 4.67001e-310, 4.67001e-310, 4.67001e-310, 4.67001e-310, 4.67001e-310, 4.67001e-310, 4.67001e-310, 0, 4.67001e-310, 4.67001e-310, 4.67001e-310, 4.67001e-310, 4.67001e-310, 4.67001e-310, 4.67001e-310, 4.67001e-310, 4.67001e-310, 4.67001e-310, 4.67001e-310, 4.67001e-310, 4.67001e-310, 4.67001e-310, 4.67001e-310, 4.67001e-310, 4.67001e-310, 4.67001e-310, 4.67001e-310, 4.67001e-310, 4.67001e-310, 4.67001e-310, 4.67001e-310, 4.67001e-310, 4.67001e-310, 4.67001e-310, 4.67001e-310, 4.67001e-310, 4.67001e-310, 4.67001e-310, 4.67001e-310, 4.67001e-310, 4.67001e-310, 4.67001e-310, 4.67001e-310, 4.67001e-310, 4.67001e-310, 4.67001e-310, 4.67001e-310, 0, 4.67001e-310, 4.67001e-310, 4.67001e-310, 4.67001e-310, 4.67001e-310, 4.67001e-310, 4.67001e-310, 4.67001e-310, 0, 4.67001e-310, 4.67001e-310, 4.67001e-310, 4.67001e-310, 4.67001e-310, 4.67001e-310, 4.67001e-310, 0, 4.67001e-310, 4.67001e-310, 4.67001e-310, 4.67001e-310, 4.67001e-310, 4.67001e-310, 4.67001e-310, 4.67001e-310, 4.67001e-310, 4.67001e-310, 4.67001e-310, 4.67001e-310, 4.67001e-310, 4.67001e-310, 4.67001e-310, 4.67001e-310, 4.67001e-310, 4.67001e-310, 4.67001e-310, 4.67001e-310, 0, 4.67001e-310, 4.67001e-310, 4.67001e-310, 4.67001e-310, 4.67001e-310, 0, 4.67001e-310, 4.67001e-310, 0, 4.67001e-310, 4.67001e-310, 4.67001e-310, 4.67001e-310, 4.67001e-310, 4.67001e-310, 4.67001e-310, 0, 4.67001e-310, 4.67001e-310, 4.67001e-310, 4.67001e-310, 4.67001e-310, 4.67001e-310, 4.67001e-310, 4.67001e-310, 4.67001e-310, 4.67001e-310, 4.67001e-310, 0, 0, 0,
1.15809, 1.15809, 0, 4.67001e-310, 4.67001e-310, 4.67001e-310, 1.20869, 1.31568, 1.14148, 4.67001e-310, 4.67001e-310, 4.67001e-310, 4.67001e-310, 4.67001e-310, 4.67001e-310, 4.67001e-310, 0, 4.67001e-310, 4.67001e-310, 4.67001e-310, 4.67001e-310, 4.67001e-310, 4.67001e-310, 4.67001e-310, 4.67001e-310, 4.67001e-310, 4.67001e-310, 4.67001e-310, 4.67001e-310, 4.67001e-310, 4.67001e-310, 4.67001e-310, 4.67001e-310, 4.67001e-310, 4.67001e-310, 0, 4.67001e-310, 0, 0, 4.67001e-310, 4.67001e-310, 4.67001e-310, 0, 4.67001e-310, 0, 4.67001e-310, 0, 4.67001e-310, 4.67001e-310, 4.67001e-310, 4.67001e-310, 4.67001e-310, 4.67001e-310, 4.67001e-310, 4.67001e-310, 4.67001e-310, 4.67001e-310, 4.67001e-310, 0, 4.67001e-310, 4.67001e-310, 4.67001e-310, 4.67001e-310, 4.67001e-310, 4.67001e-310, 4.67001e-310, 0, 0, 4.67001e-310, 4.67001e-310, 4.67001e-310, 4.67001e-310, 4.67001e-310, 0, 4.67001e-310, 4.67001e-310, 4.67001e-310, 0, 4.67001e-310, 0, 4.67001e-310, 4.67001e-310, 4.67001e-310, 4.67001e-310, 4.67001e-310, 0, 0, 0, 4.67001e-310, 0, 4.67001e-310, 4.67001e-310, 0, 0, 0, 0, 0, 0, 0, 0, 0, 0, 0, 0, 0, 0, 0, 0, 0, 0, 0, 0, 0, 1.32672, 1.32672, 0.999834, 0, 0, 0, 0, 0, 0, 0, 0, 0, 0, 0, 0, 0, 0, 0.71355, 0.713549, 0, 0, 0, 0, 0, 0, 0, 0, 0, 0, 0, 0, 0, 0, 0, 0, 0, 0, 0, 1.2304, 0.999781, 1.10474, 0, 0, 0, 0, 0, 0, 0, 0, 0, 0, 0, 0.999763, 0.999761, 0.99976, 4.67001e-310, 0, 4.67001e-310, 0, 4.67001e-310, 4.67001e-310, 4.67001e-310, 4.67001e-310, 0, 4.67001e-310, 4.67001e-310, 4.67001e-310, 1.19481, 1.17848, 1.17847, 4.67001e-310, 4.67001e-310, 4.67001e-310, 4.67001e-310, 4.67001e-310, 4.67001e-310, 0, 4.67001e-310, 4.67001e-310, 4.67001e-310, 4.67001e-310, 4.67001e-310, 0, 0, 4.67001e-310, 0.704378, 4.67001e-310, 0, 4.67001e-310, 4.67001e-310, 4.67001e-310, 4.67001e-310, 0, 4.67001e-310, 4.67001e-310, 4.67001e-310, 4.67001e-310, 4.67001e-310, 1.23064, 1.29598, 1.35757, 4.67001e-310, 4.67001e-310, 4.67001e-310, 4.67001e-310, 4.67001e-310, 4.67001e-310, 4.67001e-310, 4.67001e-310, 4.67001e-310, 4.67001e-310, 4.67001e-310, 4.67001e-310, 4.67001e-310, 4.67001e-310, 4.67001e-310, 4.67001e-310, 4.67001e-310, 4.67001e-310, 4.67001e-310, 4.67001e-310, 4.67001e-310, 4.67001e-310, 4.67001e-310, 4.67001e-310, 4.67001e-310, 4.67001e-310, 4.67001e-310, 4.67001e-310, 4.67001e-310, 4.67001e-310, 4.67001e-310, 4.67001e-310, 4.67001e-310, 4.67001e-310, 4.67001e-310, 4.67001e-310, 4.67001e-310, 4.67001e-310, 4.67001e-310, 4.67001e-310, 4.67001e-310, 4.67001e-310, 4.67001e-310, 4.67001e-310, 4.67001e-310, 4.67001e-310, 4.67001e-310, 4.67001e-310, 4.67001e-310, 4.67001e-310, 4.67001e-310, 4.67001e-310, 4.67001e-310, 1.17461, 0.999614, 1.20738, 4.67001e-310, 0.725982, 4.67001e-310, 4.67001e-310, 4.67001e-310, 4.67001e-310, 4.67001e-310, 4.67001e-310, 4.67001e-310, 4.67001e-310, 4.67001e-310, 1.23021, 0.999595, 1.23876, 0, 4.67001e-310, 4.67001e-310, 4.67001e-310, 4.67001e-310, 4.67001e-310, 4.67001e-310, 4.67001e-310, 4.67001e-310, 4.67001e-310, 4.67001e-310, 0, 0, 4.67001e-310, 4.67001e-310, 4.67001e-310, 4.67001e-310, 4.67001e-310, 4.67001e-310, 0, 4.67001e-310, 4.67001e-310, 4.67001e-310, 4.67001e-310, 4.67001e-310, 0, 0, 0, 0, 0, 0, 0, 0, 0, 0, 0, 0, 0, 0, 0, 0, 0, 0, 0, 0, 0, 0, 0, 0, 0, 0, 0, 0, 0, 0, 0, 0, 0, 0, 0, 0, 0, 0, 0, 0, 0, 0, 0, 0, 0, 0, 0, 0, 0, 0, 0, 1.17822, 1.17821, 1.17447, 0, 0.725848, 0, 1.20724, 1.17821, 1.17821, 0, 0, 0, 0, 0, 0, 0, 0, 0, 4.67001e-310, 4.67001e-310, 4.67001e-310, 0, 4.67001e-310, 4.67001e-310, 4.67001e-310, 0, 4.67001e-310, 4.67001e-310, 4.67001e-310, 4.67001e-310, 4.67001e-310, 4.67001e-310, 4.67001e-310, 4.67001e-310, 4.67001e-310, 4.67001e-310, 4.67001e-310, 4.67001e-310, 4.67001e-310, 4.67001e-310, 4.67001e-310, 4.67001e-310, 4.67001e-310, 4.67001e-310, 4.67001e-310, 4.67001e-310, 4.67001e-310, 4.67001e-310, 4.67001e-310, 4.67001e-310, 4.67001e-310, 4.67001e-310, 0, 4.67001e-310, 4.67001e-310, 0, 4.67001e-310, 4.67001e-310, 4.67001e-310, 4.67001e-310, 4.67001e-310, 4.67001e-310, 4.67001e-310, 4.67001e-310, 4.67001e-310, 4.67001e-310, 4.67001e-310, 4.67001e-310, 4.67001e-310, 4.67001e-310, 4.67001e-310, 4.67001e-310, 4.67001e-310, 4.67001e-310, 4.67001e-310, 4.67001e-310, 4.67001e-310, 4.67001e-310, 4.67001e-310, 4.67001e-310, 4.67001e-310, 4.67001e-310, 4.67001e-310, 4.67001e-310, 1.16616, 1.22998, 1.25505, 4.67001e-310, 4.67001e-310, 4.67001e-310, 4.67001e-310, 4.67001e-310, 4.67001e-310, 4.67001e-310, 4.67001e-310, 4.67001e-310, 4.67001e-310, 4.67001e-310, 4.67001e-310, 4.67001e-310, 4.67001e-310, 4.67001e-310, 4.67001e-310, 4.67001e-310, 4.67001e-310, 4.67001e-310, 4.67001e-310, 0, 4.67001e-310, 0, 4.67001e-310, 4.67001e-310, 0, 4.67001e-310, 4.67001e-310, 4.67001e-310, 4.67001e-310, 4.67001e-310, 4.67001e-310, 4.67001e-310, 4.67001e-310, 4.67001e-310, 4.67001e-310, 4.67001e-310, 4.67001e-310, 4.67001e-310, 4.67001e-310, 4.67001e-310, 4.67001e-310, 4.67001e-310, 4.67001e-310, 4.67001e-310, 4.67001e-310, 4.67001e-310, 4.67001e-310, 4.67001e-310, 4.67001e-310, 4.67001e-310, 4.67001e-310, 4.67001e-310, 4.67001e-310, 4.67001e-310, 4.67001e-310, 4.67001e-310, 0.999274, 0.999272, 1.16001, 0, 4.67001e-310, 4.67001e-310, 0, 4.67001e-310, 0.729067, 0, 4.67001e-310, 4.67001e-310,
Main Loop Time: 0.196082
Number of Graph Matching Computed: 4644
Number of Zero Entries Cells: 4474
Number of Pruned Cells: 0
Number of Estimated Cells Above Threshold: 0
Number of Cells Above Threshold: 0
Env Time: 0.000698205
Dataloader Time: 0.0372414
FaissIndex Time: 0.0222225
Algorithm Time: 0.266143
