creating environment with lakes: /root/data/en/king_james_bible_para/6_4/, /root/data/en/esv_chapter/6/
1 text1_files listed
1 text2_files listed
Inverted Index Size: 346
Words: 168
Vector Size: 300
Normalized vector storage check
Index Trained: 1
Ntotal: 107
Sliding Window Computation time: 5.1106e-05
Out of dictionary words: 61
K: 107
NB: 107
Faiss Search Time: 0.0750371
size of I: 11449
Size of valid edges: 11206
Vector Size: 1500
Normalized vector storage check
Index Trained: 1
Ntotal: 52140
K: 52140
NB: 17
1.17372, 1.44022, 1.44022, 1.47821, 1.47821, 0, 0, 0.738897, 0, 0, 0, 0, 0, 0, 0, 0, 0, 0, 0, 0, 0, 0, 0, 1.23547, 1.23547, 0.999999, 0.999999, 1.26279, 0, 0, 0, 0, 1.00895, 0.94277, 0.94277, 0, 0.794149, 0, 0, 0, 1.03839, 1.4539, 1.28442, 1.43611, 1.43611, 0.775099, 0, 0, 0, 0, 0, 0, 0, 0, 1.41637, 1.46437, 1.46437, 1.1898, 1.54904, 2.05907, 2, 2.13601, 2.13601, 1.27442, 0, 0, 0, 0, 0, 0, 0, 0, 0.941171, 1.00782, 1.25654, 1.25654, 1.38837, 0.824088, 1.42269, 1.2679, 1.2679, 1.12094, 1.25675, 0, 0, 0, 0, 0.999999, 2, 2, 2, 2, 1, 0, 0, 0, 0, 0, 0, 0, 0, 0, 0, 0, 0.98161, 1.2782, 1.15002, 1.42948, 1.42948, 0.756535, 1.27946, 1.27946, 0.999999, 1.18612, 1.32703, 0, 0, 0, 0, 0, 0, 0, 0, 0, 0, 0, 0.755053, 1.00782, 1.25654, 1.78409, 1.78409, 1.38274, 1.38274, 0.989014, 0, 0, 0, 0, 0, 0, 1.2074, 2.2074, 2.1512, 2.1512, 2.15433, 1.25428, 0, 0, 0.877156, 0.722825, 0.722825, 0.722825, 1.36913, 2, 2, 2, 2, 1, 0, 0, 0, 0, 0, 0, 0, 1.27955, 1.49833, 1.23415, 1.34257, 1.34257, 0, 1.48971, 1.48971, 1.3537, 1.3537, 1.1433, 0, 1.35437, 1.5907, 1.5907, 1.34476, 1.34476, 0, 0, 0, 0, 1.3537, 1.3537, 1.3537, 2.19872, 2, 0.999999, 1.27955, 1.27955, 0, 1.27955, 1.49833, 1.23415, 1.34257, 1.47741, 1.06044, 1.20935, 1.20935, 1.2491, 1.2491, 0, 1.28301, 1.28301, 1.11095, 1.11095, 1.11095, 0, 0, 0, 1.1893, 1.1893, 1.09744, 1.09744, 1.09744, 0, 0, 0, 0.994957, 0.994957, 0.755964, 0, 0, 0, 0, 0.714735, 0, 0, 0, 0, 0, 0, 0, 0, 0, 0, 0.981408, 0.981408, 1.09234, 1.46127, 1.46127, 0.95219, 0.95219, 0.731664, 0.785831, 0, 0, 1.27955, 1.49833, 1.23415, 1.34257, 1.34257, 0, 0, 0, 0, 0, 0, 0, 0, 0, 0, 0, 0, 0, 0, 0, 0, 0, 0, 0, 0, 0.780889, 0, 0, 0, 0, 0, 1.27955, 1.49833, 1.23415, 1.34257, 1.34257, 0, 1.13601, 2.13601, 2, 2.19872, 2.19872, 1.49637, 0, 0.897066, 0, 0, 0, 0, 0, 0, 1.27088, 1, 1, 1, 1, 0, 0, 0, 0, 0, 0, 0, 0.878575, 1.0847, 1.12477, 1.12477, 1.22437, 0, 0, 0, 0, 0, 0.733028, 0.845001, 0.845001, 1.01449, 1.01449, 0, 0, 0, 0, 0, 0, 0, 0.817833, 0.817833, 0, 0, 0, 0, 0, 0, 0, 0, 0, 0, 0, 0, 0, 0.780889, 0, 0, 0, 0, 0, 1.27955, 1.49833, 1.23415, 1.34257, 1.34257, 0, 0, 0, 0, 1.15532, 1.17532, 0.961173, 1.05178, 1.19874, 0.797391, 0, 0.868172, 0.70119, 0, 0, 0, 0, 0, 0, 0, 1.14027, 1.06322, 1.27591, 1.27591, 1.05552, 0, 0, 0, 0, 0, 0, 0.734677, 0, 0, 0, 0, 0, 0, 0, 0, 0.883053, 0.749365, 1.4202, 1.4202, 1.4202, 1.13331, 1.30746, 0, 0, 0, 0, 0, 0, 0, 0, 0, 0, 0, 0, 0, 0, 0, 0, 0, 0, 0, 0, 0, 0, 0, 0, 0, 0, 0, 0, 0, 0, 0, 1.08856, 1.28442, 1.56129, 1.56129, 1.56129, 0.958249, 0, 0.778825, 0.778825, 0, 0.805815, 0, 0, 0, 0.811912,
1.1738, 1.45327, 1.45344, 1.48443, 1.48455, 0, 0, 0.739796, 0, 0.83669, 0.83681, 0, 0, 0, 0, 0, 0, 0, 0, 0, 0, 0, 0, 1.23833, 1.23846, 1.00311, 1.00323, 1.26611, 0, 0, 0.731407, 0.731555, 1.10416, 0.946835, 0.946951, 0, 0.798564, 0, 0, 0, 1.04323, 1.45886, 1.28957, 1.46201, 1.46213, 0.79296, 0, 0, 0, 0, 0, 0, 0.753985, 0.754105, 1.55089, 1.74078, 1.47115, 1.19673, 1.55601, 2.08338, 2.00725, 2.1768, 2.17694, 1.28732, 0, 0, 0, 0, 0, 0, 0, 0, 0.956466, 1.0166, 1.26542, 1.26554, 1.49726, 0.833301, 1.44013, 1.40335, 1.40347, 1.25065, 1.39257, 0, 0, 0, 0, 1.01049, 2.01061, 2.01073, 2.01085, 2.01096, 1.0111, 0, 0, 0, 0, 0, 0, 0, 0, 0, 0, 0, 1.09578, 1.29075, 1.16269, 1.44223, 1.44233, 0.769462, 1.29245, 1.29256, 1.01325, 1.20609, 1.40755, 0, 0, 0, 0, 0, 0, 0, 0, 0, 0, 0, 0.769992, 1.02282, 1.27163, 1.89908, 1.8992, 1.49796, 1.39839, 1.00478, 0, 0, 0, 0, 0, 0, 1.22387, 2.22394, 2.27456, 2.27473, 2.42916, 1.42929, 0, 0, 0.98691, 0.740322, 0.740426, 0.740552, 1.38697, 2.01799, 2.01811, 2.01823, 2.01834, 1.01848, 0, 0, 0, 0, 0.711329, 0.711473, 0, 1.29887, 1.51774, 1.25367, 1.42323, 1.42335, 0.777168, 1.54317, 1.54329, 1.37397, 1.37409, 1.18587, 0, 1.37509, 1.61152, 1.61164, 1.42686, 1.42702, 0, 0, 0, 0, 1.37553, 1.37565, 1.37578, 2.2209, 2.02231, 1.02238, 1.30197, 1.3021, 0, 1.30223, 1.5211, 1.25703, 1.42659, 1.66996, 1.25311, 1.40214, 1.40228, 1.53057, 1.27284, 0, 1.30699, 1.30711, 1.13515, 1.13528, 1.1354, 0, 0, 0, 1.21413, 1.21423, 1.12945, 1.12957, 1.12969, 0, 0, 0, 1.02074, 1.02085, 0.781991, 0.757976, 0.758102, 0, 0, 0.801686, 0, 0, 0, 0, 0, 0, 0, 0, 0, 0, 1.00913, 1.0093, 1.12033, 1.48935, 1.74739, 0.995215, 1.15684, 0.856151, 0.829192, 0, 0, 1.30853, 1.5274, 1.26333, 1.43289, 1.43301, 0, 0, 0, 0, 0, 0, 0, 0, 0, 0, 0, 0, 0, 0, 0, 0, 0.752171, 0.892466, 0, 0, 1.04898, 0.845442, 0, 0.724349, 0.724493, 0, 1.31189, 1.53076, 1.26669, 1.43625, 1.43641, 0, 1.20251, 2.20262, 2.03329, 2.23212, 2.34373, 1.66767, 0, 1.06855, 0.71499, 0, 0, 0, 0, 0, 1.30549, 1.03474, 1.03486, 1.03498, 1.0351, 0, 0, 0, 0, 0, 0, 0, 0.91462, 1.12084, 1.17478, 1.17495, 1.43826, 0, 0, 0, 0, 0, 0.770243, 0.882314, 0.88244, 1.05205, 1.05214, 0, 0, 0, 0, 0, 0.780883, 0, 0.856146, 0.856266, 0, 0, 0, 0, 0, 0, 0, 0, 0, 0.760511, 0.900806, 0.706655, 0.706775, 1.05732, 0.853781, 0, 0.732689, 0.732833, 0, 1.32023, 1.5391, 1.27503, 1.44459, 1.44475, 0.752333, 0.732427, 0.732547, 0, 1.2036, 1.21712, 1.00317, 1.19095, 1.42861, 0.839706, 0, 0.91073, 0.74386, 0, 0, 0, 0, 0, 0, 0, 1.26979, 1.11874, 1.31979, 1.43302, 1.09963, 0, 0, 0, 0, 0, 0, 0.869755, 0, 0, 0, 0, 0, 0.706415, 0.706535, 0.706607, 0.936279, 0.798812, 1.46641, 1.46653, 1.46665, 1.17993, 1.35419, 0, 0, 0, 0, 0, 0, 0, 0, 0, 0, 0, 0, 0, 0, 0, 0, 0, 0, 0, 0, 0, 0, 0, 0, 0, 0, 0, 0, 0, 0, 0, 1.13911, 1.33511, 1.61203, 1.61215, 1.73754, 1.00935, 0.840086, 0.91706, 0.917138, 0, 0.94429, 0, 0, 0, 0.86398,
1.17327, 1.45084, 1.44909, 1.4782, 1.47641, 0, 0, 0.725606, 0, 0.819286, 0.817492, 0, 0, 0, 0, 0, 0, 0, 0, 0, 0, 0, 0, 1.19378, 1.19163, 0.9544, 0.952606, 1.2139, 0, 0, 0, 0, 1.04203, 0.883249, 0.881843, 0, 0.728, 0, 0, 0, 0.964784, 1.37886, 1.20809, 1.37908, 1.37729, 0.706711, 0, 0, 0, 0, 0, 0, 0, 0, 1.44717, 1.6352, 1.36328, 1.08674, 1.44436, 1.97058, 1.89248, 2.06052, 2.05901, 1.16699, 0, 0, 0, 0, 0, 0, 0, 0, 0.81868, 0.877049, 1.12392, 1.12212, 1.35239, 0, 1.29119, 1.2525, 1.25071, 1.09603, 1.23588, 0, 0, 0, 0, 0.844075, 1.84225, 1.84046, 1.83905, 1.83753, 0.835768, 0, 0, 0, 0, 0, 0, 0, 0, 0, 0, 0, 0.897324, 1.09018, 0.960237, 1.23829, 1.23697, 0, 1.08547, 1.08436, 0.803173, 0.99407, 1.19403, 0, 0, 0, 0, 0, 0, 0, 0, 0, 0, 0, 0, 0.783048, 1.03028, 1.65584, 1.65405, 1.25134, 1.14986, 0.75455, 0, 0, 0, 0, 0, 0, 0.96093, 1.95966, 2.00866, 2.00726, 2.15988, 1.15777, 0, 0, 0.710218, 0, 0, 0, 1.10282, 1.73193, 1.73013, 1.72873, 1.7272, 0.725083, 0, 0, 0, 0, 0, 0, 0, 0.991143, 1.20883, 0.942873, 1.11053, 1.10873, 0, 1.22464, 1.22285, 1.05161, 1.05008, 0.859952, 0, 1.04536, 1.27963, 1.27784, 1.09119, 1.08986, 0, 0, 0, 0, 1.02829, 1.02649, 1.02431, 1.86803, 1.66773, 0, 0.944457, 0.943515, 0, 0.940913, 1.1586, 0.892643, 1.0603, 1.30212, 0.881887, 1.02936, 1.02758, 1.15437, 0.895142, 0, 0.925595, 0.923801, 0.749714, 0.747561, 0.745767, 0, 0, 0, 0.818334, 0.817302, 0.730867, 0.728714, 0.727279, 0, 0, 0, 0, 0, 0, 0, 0, 0, 0, 0, 0, 0, 0, 0, 0, 0, 0, 0, 0, 0, 0, 0, 0, 1.04172, 1.29784, 0, 0.703334, 0, 0, 0, 0, 0.846733, 1.06442, 0.798463, 0.966117, 0.964323, 0, 0, 0, 0, 0, 0, 0, 0, 0, 0, 0, 0, 0, 0, 0, 0, 0, 0, 0, 0, 0, 0, 0, 0, 0, 0, 0.796504, 1.01419, 0.748233, 0.915887, 0.914557, 0, 0, 1.67485, 1.50359, 1.7003, 1.81033, 1.13212, 0, 0, 0, 0, 0, 0, 0, 0, 0.754817, 0, 0, 0, 0, 0, 0, 0, 0, 0, 0, 0, 0, 0, 0, 0, 0.857032, 0, 0, 0, 0, 0, 0, 0, 0, 0, 0, 0, 0, 0, 0, 0, 0, 0, 0, 0, 0, 0, 0, 0, 0, 0, 0, 0, 0, 0, 0, 0, 0, 0, 0, 0, 0, 0, 0, 0, 0.889509, 0, 0.79121, 0.78988, 0, 0, 0, 0, 0, 0, 0, 0, 0.756244, 0, 0, 0, 0, 0, 0, 0, 0, 0, 0, 0, 0, 0, 0, 0.732286, 0, 0, 0, 0, 0, 0, 0, 0, 0, 0, 0, 0, 0, 0, 0, 0, 0, 0, 0.728793, 0.727029, 0.725235, 0, 0, 0, 0, 0, 0, 0, 0, 0, 0, 0, 0, 0, 0, 0, 0, 0, 0, 0, 0, 0, 0, 0, 0, 0, 0, 0, 0, 0, 0, 0, 0, 0, 0, 0, 0.802327, 0.800534, 0.924482, 0, 0, 0, 0, 0, 0, 0, 0, 0, 0,
0, 0.887236, 0.88034, 0.819544, 0.812348, 0, 0, 0, 0, 0.773921, 0.766725, 0, 0, 0, 0, 0, 0, 0, 0, 0, 0, 0, 0, 0, 0, 0, 0, 0, 0, 0, 0, 0, 0.744768, 0, 0, 0, 0, 0, 0, 0, 0, 0, 0, 0, 0, 0, 0, 0, 0, 0, 0, 0, 0, 0, 0, 0, 0, 0, 0, 1.02492, 0.927421, 1.09125, 1.08597, 0.823937, 0, 0, 0, 0, 0, 0, 0, 0, 0, 0, 0, 0, 0, 0, 0.889361, 0.836418, 0.829222, 0, 0.873325, 0, 0, 0, 0, 0, 0.725932, 0.718735, 0.713338, 0.707941, 0, 0, 0, 0, 0, 0, 0, 0, 0, 0, 0, 0, 0, 0, 0, 0, 0, 0, 0, 0, 0, 0, 0, 0, 0, 0, 0, 0, 0, 0, 0, 0, 0, 0, 0, 0, 0, 0, 0, 0, 0, 0, 0, 0, 0, 0, 0, 0, 0, 0, 0, 0, 0.933866, 0, 0, 0, 0, 0, 0, 0, 0, 0, 0, 0, 0, 0, 0, 0, 0, 0, 0, 0, 0, 0, 0, 0, 0, 0, 0, 0, 0, 0, 0, 0, 0, 0, 0, 0, 0, 0, 0, 0, 0, 0, 0, 0, 0, 0, 0, 0, 0, 0, 0, 0, 0, 0, 0, 0, 0, 0, 0, 0, 0, 0, 0, 0, 0, 0, 0, 0, 0, 0, 0, 0, 0, 0, 0, 0, 0, 0, 0, 0, 0, 0, 0, 0, 0, 0, 0, 0, 0, 0, 0, 0, 0, 0, 0, 0, 0, 0, 0, 0, 0, 0, 0, 0, 0, 0, 0, 0, 0, 0, 0, 0, 0, 0, 0, 0, 0, 0, 0, 0, 0, 0, 0, 0, 0, 0, 0, 0, 0, 0, 0, 0, 0, 0, 0, 0, 0, 0, 0, 0, 0, 0, 0, 0, 0, 0, 0, 0, 0, 0, 0, 0, 0, 0, 0, 0, 0, 0, 0, 0, 0, 0, 0, 0, 0, 0, 0, 0, 0, 0, 0, 0, 0, 0, 0, 0, 0, 0, 0, 0, 0, 0, 0, 0, 0, 0, 0, 0, 0, 0, 0, 0, 0, 0, 0, 0, 0, 0, 0, 0, 0, 0, 0, 0, 0, 0, 0, 0, 0, 0, 0, 0, 0, 0, 0, 0, 0, 0, 0, 0, 0, 0, 0, 0, 0, 0, 0, 0, 0, 0, 0, 0, 0, 0, 0, 0, 0, 0, 0, 0, 0, 0, 0, 0, 0, 0, 0, 0, 0, 0, 0, 0, 0, 0, 0, 0, 0, 0, 0, 0, 0, 0, 0, 0, 0, 0, 0, 0, 0, 0, 0, 0, 0, 0, 0, 0, 0, 0, 0, 0, 0, 0, 0, 0, 0, 0, 0, 0, 0, 0, 0, 0, 0, 0, 0, 0, 0, 0, 0, 0, 0, 0, 0, 0, 0, 0, 0, 0, 0, 0, 0,
0, 0.899006, 0.902357, 0.851829, 0.85577, 0, 0, 0, 0, 0.767255, 0.771196, 0, 0, 0, 0, 0, 0, 0, 0, 0, 0, 0, 0, 0, 0, 0, 0, 0.727045, 0, 0, 0.983115, 0.986136, 1.36548, 1.21176, 1.21494, 0.775582, 1.02145, 0, 0, 0, 0.874084, 0.978372, 0.814471, 0.969898, 0.97384, 0.864674, 0, 0, 0, 0, 0, 0, 0.788542, 0.792484, 0.942206, 1.13734, 0.906771, 0.771789, 1.06337, 1.707, 1.59136, 1.76404, 1.76703, 1.5042, 0, 0, 0, 0, 0.946238, 0.950967, 0.954712, 0.724986, 1.02977, 0.738603, 0.965119, 0.969061, 1.21381, 0.916971, 1.58652, 1.6244, 1.62835, 1.57068, 1.78352, 0.931975, 0, 0, 0, 0, 1.70172, 1.70566, 1.70888, 1.71206, 1.36231, 0, 0, 1.50356, 1.50671, 1.5099, 1.61681, 1.62072, 0.766181, 0.898373, 0.902315, 0, 0.97877, 1.16468, 1.04141, 1.32613, 1.32823, 1.02919, 1.06049, 1.06443, 0.789168, 1.17193, 1.31686, 1.09779, 1.10167, 1.1064, 0.729908, 0, 0, 0.733222, 0.737164, 0.741105, 0.745047, 0.748988, 0.791659, 0.94297, 1.16929, 1.80853, 1.81247, 2.45606, 2.31069, 2.15196, 1.64892, 1.65293, 0, 0.810205, 0.813358, 0, 1.02342, 1.98417, 2.16065, 2.16387, 2.49472, 2.14418, 1.15116, 1.89712, 2.27052, 1.94463, 1.94854, 1.95241, 1.31005, 1.94412, 1.94806, 1.95128, 1.95447, 1.60392, 0, 0.96364, 0.967582, 0.971523, 1.23365, 1.23779, 0.896839, 1.25244, 1.57938, 1.31945, 1.49207, 1.49601, 2.14625, 2.82538, 2.82932, 2.6638, 2.66698, 1.847, 1.0322, 1.3898, 1.79234, 1.79628, 1.6146, 1.62019, 1.2703, 0.874562, 0.878504, 1.71334, 2.71504, 2.71898, 2.72364, 3.01687, 2.08529, 1.08869, 1.35532, 1.3585, 1.0072, 1.36281, 1.68974, 1.42981, 1.60243, 1.84884, 1.775, 1.61754, 1.62155, 1.74712, 1.53271, 1.39298, 1.42424, 1.42819, 1.21905, 1.2228, 1.22674, 1.05845, 1.06239, 0.973834, 1.29733, 1.30091, 1.30307, 1.30682, 1.31096, 1.18972, 1.36673, 1.24359, 1.45215, 1.45514, 1.30366, 1.28421, 1.28809, 1.267, 1.27114, 1.59969, 1.46036, 1.4622, 1.33469, 1.33784, 1.29795, 1.3013, 1.30524, 1.33819, 1.34213, 1.13482, 1.43974, 1.4427, 1.39161, 1.76474, 1.98581, 1.72864, 1.92493, 1.76858, 1.66858, 1.41402, 1.4177, 1.56973, 1.89667, 1.63674, 1.80936, 1.8133, 1.71107, 1.39218, 1.53378, 1.37927, 1.38242, 1.14475, 1.30834, 1.15938, 1.16148, 1.30073, 1.30415, 1.17841, 1.29369, 1.53741, 1.41655, 1.4205, 1.66021, 1.91745, 1.69259, 1.69654, 2.05007, 1.85843, 1.39996, 1.6613, 1.66544, 1.32449, 1.68009, 2.00703, 1.7471, 1.91972, 1.9253, 1.57555, 1.60898, 2.61126, 2.44594, 3.3854, 3.57896, 3.43079, 2.45195, 2.59099, 1.78609, 1.59775, 1.57512, 1.57985, 1.28965, 1.29365, 2.29459, 2.13878, 2.14272, 2.14666, 2.1506, 1.6, 1.60394, 1.7957, 1.79964, 1.9308, 1.7436, 1.74754, 1.61314, 1.81494, 1.86063, 1.86385, 2.0821, 1.82261, 1.62376, 1.47282, 1.84807, 1.59923, 2.60317, 2.79247, 2.79634, 2.64858, 2.65246, 1.84568, 1.6973, 1.69931, 1.40743, 1.60517, 1.96469, 1.83836, 2.05215, 2.05609, 1.94336, 1.5041, 1.67773, 1.44985, 1.45234, 1.56762, 1.81135, 1.69049, 1.69443, 1.93414, 2.19138, 1.96653, 1.97047, 2.324, 2.13236, 1.6739, 1.93523, 1.93937, 1.59842, 1.95403, 2.28096, 2.02104, 2.19365, 2.19924, 2.29271, 2.18652, 2.19046, 2.02507, 2.32999, 2.09458, 1.88431, 2.88819, 3.12985, 2.83314, 2.63225, 2.77796, 2.00834, 1.77528, 1.7808, 1.78474, 1.81696, 1.69632, 1.70026, 2.69422, 3.26236, 3.1644, 3.24686, 3.33372, 2.64945, 2.07106, 2.075, 1.98898, 1.83811, 1.84205, 1.846, 2.18151, 2.03246, 1.82282, 1.82676, 1.8307, 1.74767, 1.97504, 1.97899, 1.98135, 2.2075, 2.29542, 3.08324, 3.0864, 3.09034, 2.92386, 2.97534, 1.98212, 1.98626, 1.99027, 1.99421, 1.79125, 1.79519, 1.95614, 1.96008, 1.96403, 1.73161, 2.18189, 2.26161, 2.26555, 2.2689, 2.27285, 1.9863, 1.75902, 1.76296, 1.7669, 2.04931, 2.02523, 2.02918, 2.03312, 2.03785, 1.79152, 1.63766, 1.92612, 2.26437, 2.26831, 2.27225, 2.27619, 2.2956, 2.31027, 2.59123, 2.59517, 2.78715, 2.49011, 2.41399, 3.19688, 3.19901, 2.96264, 3.22067, 2.96138, 2.38999, 2.39393, 2.66012,
0, 0, 0, 0, 0, 0, 0, 0, 0, 0, 0, 0, 0, 0, 0, 0, 0, 0, 0, 0, 0, 0, 0, 0, 0, 0, 0, 0, 0, 0, 0.712116, 0.709009, 0, 0, 0, 0, 0, 0, 0, 0, 0, 0, 0, 0, 0, 0, 0, 0, 0, 0, 0, 0, 0, 0, 0, 0, 0, 0, 0, 0, 0, 0, 0, 0, 0, 0, 0, 0, 0, 0, 0, 0, 0, 0, 0, 0, 0, 0, 0, 0, 0, 0, 0, 0, 0, 0, 0, 0, 0, 0, 0, 0, 0, 0, 0, 0.840205, 0.83633, 0.831162, 0.798194, 0.794688, 0, 0, 0, 0, 0, 0, 0, 0, 0, 0, 0, 0, 0, 0, 0, 0, 0, 0, 0, 0, 0, 0, 0, 0, 0, 0, 0, 0, 0, 0, 0, 1.03349, 0.887079, 0.721701, 0.798472, 0.794043, 0, 0, 0, 0, 0, 0, 0, 0, 0, 0, 0, 0.79803, 1.06835, 0.819127, 0.81765, 0.814144, 0, 0, 0, 0, 0, 0, 0, 0, 0, 0, 0, 0, 0, 0, 0, 0, 0, 0, 0.882097, 0.733209, 0.729518, 0, 0, 0, 0, 0, 0, 0, 0, 0, 0, 0, 0, 0, 0, 0, 0, 0.80092, 0, 0, 0, 0, 0, 0, 0, 0, 0, 0, 0, 0, 0, 0, 0, 0, 0, 0, 0, 0, 0, 0, 0, 0, 0, 0, 0, 0, 0, 0, 0, 0, 0, 0, 0, 0, 0, 0, 0, 0, 0, 0, 0, 0, 0, 0, 0, 0, 0, 0, 0, 0, 0, 0, 0, 0, 0, 0, 0, 0, 0, 0, 0, 0, 0, 0, 0, 0, 0, 0, 0, 0, 0, 0, 0, 0, 0, 0, 0, 0, 0, 0, 0, 0, 0, 0, 0, 0, 0, 0, 0, 0, 0, 0, 0, 0, 0, 0, 0, 0, 0, 0, 0, 0, 0, 0, 0, 0, 0, 0, 0, 0, 0, 0, 0, 0, 0, 0, 0, 0, 0, 0, 0, 0, 0, 0, 0, 0, 0, 0, 0, 0, 0, 0, 0, 0, 0, 0, 0, 0, 0, 0, 0, 0, 0, 0, 0, 0, 0, 0, 0, 0, 0, 0, 0, 0, 0, 0, 0, 0, 0, 0, 0, 0, 0, 0, 0, 0, 0, 0, 0, 0, 0, 0, 0, 0, 0, 0, 0, 0, 0, 0, 0, 0, 0, 0, 0, 0, 0, 0, 0, 0, 0, 0, 0, 0, 0, 0, 0, 0, 0, 0, 0, 0, 0, 0, 0, 0, 0, 0, 0, 0, 0, 0, 0, 0, 0, 0, 0, 0, 0, 0, 0, 0, 0, 0, 0, 0, 0, 0, 0, 0, 0, 0, 0, 0, 0, 0, 0, 0, 0, 0, 0, 0, 0, 0, 0, 0, 0, 0, 0, 0, 0, 0, 0, 0, 0, 0, 0, 0, 0, 0, 0, 0, 0,
0, 0, 0, 0, 0, 0, 0, 0, 0, 0, 0, 0, 0, 0, 0, 0, 0, 0, 0, 0, 0, 0, 0, 0, 0, 0, 0, 0, 0, 0, 0.784927, 0.785749, 0.766668, 0, 0, 0, 0, 0, 0, 0, 0, 0.724469, 0, 0.783372, 0.784092, 0.707747, 0, 0, 0, 0, 0, 0, 0, 0, 0.768462, 0.769188, 0, 0, 0.759683, 0, 0, 0, 0, 0, 0, 0, 0, 0, 0, 0, 0, 0, 0.769105, 0, 0, 0.700323, 0.701071, 0, 0, 0, 0, 0, 0, 0, 0, 0, 0, 0, 0, 0, 0, 0, 0, 0, 0, 1.25802, 1.25877, 1.25947, 1.21647, 1.21721, 0, 0, 0, 0, 0, 0.792634, 0, 0.837321, 0.837897, 0, 0, 0, 0, 0.797355, 0.928889, 0.740277, 0.740961, 0.741825, 0, 0, 0, 0, 0, 0, 0, 0, 0, 0, 0.736899, 0.792667, 0.793387, 1.44124, 1.42419, 1.29843, 1.37928, 1.37999, 0, 0, 0, 0, 0, 0.797251, 0.774507, 0.775515, 0.932355, 0, 0, 1.43195, 1.56764, 1.46187, 1.46252, 1.46325, 0.817671, 0, 0, 0, 0, 0, 0, 0, 0, 0, 0, 0, 0, 0.728061, 1.01785, 0.795336, 0.886807, 0.887527, 1.53455, 1.36591, 1.36663, 1.2766, 1.27727, 0, 0, 0, 0.943525, 0.944245, 0.970685, 0.971681, 0, 0, 0, 1.1303, 1.28596, 1.28668, 1.28744, 1.56194, 0, 0, 0.746709, 0.747489, 0, 0.748221, 1.03801, 0.815496, 0.906967, 0.965906, 0.889768, 0.821131, 0.821995, 0.877698, 0.867419, 0.730444, 0.758404, 0.759124, 0, 0, 0, 0, 0, 0, 0, 0, 0, 0, 0, 0, 0, 0, 0, 0, 0, 0, 0, 0, 0, 0.77822, 0.703614, 0.703956, 0, 0, 0, 0, 0, 0, 0, 0, 0, 0, 0, 0.722166, 0.882215, 0, 0.824518, 0, 0.816711, 0, 0, 0.786021, 1.07581, 0.853297, 0.944767, 0.945487, 0.810027, 0, 0, 0, 0, 0, 0, 0, 0, 0, 0, 0, 0, 0.71028, 0, 0, 0.832778, 0.908596, 0.781399, 0.782119, 0.889, 0.747099, 0, 0, 0, 0, 0.806181, 1.09597, 0.873456, 0.964927, 0.965923, 0, 0, 0.798626, 0.708452, 1.62926, 1.6655, 1.49648, 1.46417, 1.56157, 0.791917, 0, 0, 0, 0, 0, 0, 0, 0, 0, 0, 0, 0, 0.805536, 0.806256, 1.04242, 0.935911, 0.936631, 0.76143, 0.966152, 0.794931, 0.795939, 0.962784, 0.770223, 0, 0, 0, 0, 1.38675, 1.5302, 1.53093, 1.57915, 1.57972, 0.739502, 0, 0, 0, 0, 0.910472, 0.789926, 0.85036, 0.85108, 0.790743, 0, 0, 0, 0, 0, 0.76032, 0, 0, 0.882817, 0.958636, 0.831439, 0.832159, 0.93904, 0.797139, 0, 0, 0, 0, 0.856221, 1.14601, 0.923496, 1.01497, 1.01596, 1.1063, 0.995328, 0.996048, 0.905886, 1.17993, 0.954537, 0.742722, 1.73043, 1.73142, 1.66964, 1.44312, 1.60865, 0.836729, 0, 0, 0, 0, 0, 0, 1.4557, 1.568, 1.51315, 1.54175, 1.60272, 0.938777, 0.768235, 0.768955, 0.730026, 0, 0, 0, 0.775829, 0, 0, 0, 0, 0, 0.729451, 0.730171, 0.730603, 0.837947, 0.905589, 0.902578, 0.903262, 0.903982, 0.83037, 0.878634, 0.724419, 0.725175, 0.725883, 0.726603, 0, 0, 0, 0, 0, 0, 0.893519, 0.868922, 0.869642, 0.87065, 0.87137, 0, 0, 0, 0, 0.762278, 0.722639, 0.723359, 0.724079, 0.724943, 0, 0, 0, 0, 0, 0, 0, 0, 0.922084, 1.11539, 1.11611, 1.11744, 0.954882, 0.7626, 1.68967, 1.69016, 1.57968, 1.73816, 1.57229, 0.998531, 0.999251, 1.05869,
0, 0, 0, 0.712632, 0.721231, 0, 0, 0, 0, 0, 0, 0, 0, 0, 0, 0, 0, 0, 0, 0, 0, 0, 0, 0.741987, 0.751016, 0, 0, 0.817573, 0, 0, 1.02449, 1.03079, 1.02603, 0.936809, 0.943258, 0, 0.759733, 0, 0, 0, 0.94365, 1.05229, 0.987667, 1.12945, 1.13805, 1.07019, 0.734886, 0.743485, 0, 0.723881, 0, 0.894963, 1.01065, 1.01925, 1.20093, 1.20767, 1.05669, 0.95463, 1.22045, 1.12274, 1.02695, 1.1243, 1.1306, 0.960693, 0.820964, 0.82899, 0.844798, 0.853398, 1.18807, 1.19495, 1.20183, 1.05766, 1.33931, 1.05491, 1.28525, 1.29385, 1.30016, 1.11804, 1.12896, 1.10165, 1.11025, 1.05698, 1.17002, 1.07522, 0.915265, 0.923865, 0.932464, 1.10565, 1.26774, 1.27634, 1.28279, 1.28924, 0.945428, 0.99329, 1.00189, 2.00963, 2.01808, 2.02611, 1.99178, 2.00081, 1.15113, 1.34889, 1.35749, 1.2167, 1.42752, 1.61809, 1.5062, 1.68034, 1.68464, 1.42504, 1.45893, 1.46667, 1.30301, 1.67528, 1.80725, 1.63214, 1.64117, 1.65149, 1.27282, 1.01037, 1.01897, 1.14191, 1.15051, 1.15911, 1.16771, 1.17631, 1.34376, 1.5018, 1.73257, 1.79192, 1.80052, 2.45635, 2.44798, 2.33024, 2.42086, 2.42903, 1.43849, 1.59675, 1.60363, 1.36629, 1.72322, 1.88702, 1.87352, 1.88155, 2.04619, 1.74426, 1.70926, 2.56787, 2.7129, 2.61178, 2.62017, 2.6292, 1.9915, 1.79661, 1.80521, 1.81166, 1.81811, 1.47258, 1.33285, 1.52669, 1.53529, 1.54389, 1.77529, 1.78432, 1.63855, 1.99633, 2.29331, 2.07882, 2.17831, 2.18691, 2.84181, 2.67737, 2.68597, 2.60243, 2.60888, 1.75004, 1.65524, 2.01668, 2.31393, 2.32253, 2.35685, 2.36316, 2.08529, 1.69765, 1.70625, 2.55557, 2.71422, 2.72282, 2.73357, 3.0158, 2.10404, 1.95721, 2.22078, 2.22701, 1.87933, 2.23712, 2.5341, 2.31961, 2.4191, 2.48522, 2.41669, 2.3511, 2.3597, 2.4302, 2.42536, 2.29641, 2.33183, 2.34043, 2.19728, 2.20631, 2.21491, 2.02906, 2.03766, 1.9354, 2.25684, 2.26479, 2.30256, 2.31158, 2.31975, 2.12919, 2.31064, 2.16288, 2.37586, 2.38217, 2.24411, 2.29395, 2.30298, 2.184, 2.19274, 2.52779, 2.45591, 2.46021, 2.37169, 2.38029, 2.22451, 2.23096, 2.23956, 2.28012, 2.28872, 2.17418, 2.45179, 2.4591, 2.50171, 2.56869, 2.72976, 2.51461, 2.6888, 2.51263, 2.69857, 2.52633, 2.53407, 2.68859, 2.98557, 2.77108, 2.87057, 2.87917, 2.7523, 2.49899, 2.57135, 2.42283, 2.42971, 2.22473, 2.39215, 2.34043, 2.34473, 2.48009, 2.48697, 2.37051, 2.48746, 2.73928, 2.605, 2.6136, 2.88373, 2.96574, 2.84974, 2.85834, 2.97267, 2.83526, 2.47865, 2.70833, 2.71736, 2.57159, 2.92938, 3.22635, 3.01186, 3.11136, 3.11766, 2.84194, 2.85843, 2.97304, 2.89089, 3.81985, 3.86734, 3.70369, 3.6801, 3.78468, 3.02417, 2.89889, 2.89626, 2.90271, 2.62379, 2.63196, 2.78845, 2.63952, 2.64812, 2.65672, 2.66532, 2.96674, 2.97534, 3.13235, 3.14095, 3.38451, 3.28752, 3.29612, 3.12833, 3.34127, 3.17808, 3.18482, 3.35534, 3.17169, 2.96122, 2.8919, 3.0199, 2.8249, 3.83221, 3.98389, 3.99292, 4.04902, 4.05805, 3.22189, 3.16284, 3.16714, 2.88134, 3.07929, 3.42033, 3.30386, 3.37138, 3.37998, 3.32722, 2.89295, 3.07153, 2.96301, 2.96817, 3.08513, 3.33694, 3.20267, 3.21127, 3.4814, 3.56341, 3.44741, 3.45601, 3.57034, 3.43292, 3.07631, 3.306, 3.31503, 3.16926, 3.52704, 3.82402, 3.60953, 3.70902, 3.71533, 3.81396, 3.71293, 3.72153, 3.63981, 3.92203, 3.70452, 3.50013, 4.49372, 4.50003, 4.45013, 4.22977, 4.40164, 3.63733, 3.45901, 3.47105, 3.47965, 3.42522, 3.37009, 3.37869, 4.31511, 4.43157, 4.38495, 4.42143, 4.48778, 3.83353, 3.67234, 3.68094, 3.65348, 3.56626, 3.57486, 3.58346, 3.73049, 3.59119, 3.51115, 3.51975, 3.52835, 3.49745, 3.72908, 3.73768, 3.74284, 3.85789, 3.93412, 3.93545, 3.94233, 3.95093, 3.88448, 3.94062, 3.80132, 3.80949, 3.81766, 3.82626, 3.56331, 3.5719, 3.70829, 3.71689, 3.72549, 3.5936, 4.04791, 4.03266, 4.04126, 4.04771, 4.05631, 3.82694, 3.6639, 3.6725, 3.6811, 3.98858, 3.9571, 3.9657, 3.9743, 3.98118, 3.72087, 3.57301, 3.86694, 3.95139, 3.95999, 3.96859, 3.97718, 3.99987, 4.25117, 4.45296, 4.46156, 4.46958, 4.31567, 4.12796, 5.0636, 5.06898, 4.96339, 5.12785, 4.97139, 4.40482, 4.41342, 4.48088,
0, 0, 0, 0, 0, 0, 0, 0, 0, 0, 0, 0, 0, 0, 0, 0, 0, 0, 0, 0, 0, 0, 0, 0, 0, 0, 0, 0, 0, 0, 0.728535, 0.729301, 0.737509, 0, 0, 0, 0, 0, 0, 0, 0, 0.778859, 0, 0.817316, 0.818326, 0, 0, 0, 0, 0, 0, 0, 0, 0, 0.836856, 0.837832, 0, 0, 0.807247, 0, 0, 0, 0, 0, 0, 0, 0, 0, 0, 0, 0, 0, 0.789696, 0, 0, 0, 0.707209, 0, 0, 0, 0, 0, 0, 0, 0, 0, 0, 0, 0, 0, 0, 0, 0, 1.0944, 1.09541, 2.09581, 2.09684, 2.09766, 1.30211, 1.30332, 0, 1.38923, 1.39024, 1.24593, 1.52058, 1.70387, 0.754478, 0.918997, 0.919713, 0, 0, 0, 0, 0.84668, 1.06295, 0.773037, 0.774249, 0.775209, 0, 0, 0, 0, 0, 0, 0, 0, 0, 0, 0.750415, 0.792088, 0.793098, 1.45358, 1.42285, 1.29743, 1.41729, 1.4181, 0, 1.4207, 1.4215, 1.1382, 1.49227, 1.59664, 0.771325, 0.772149, 0.79935, 0, 0, 1.29994, 1.38249, 1.2716, 1.27238, 1.27359, 0, 0, 0, 0, 0, 0, 0, 0, 0, 0, 0, 0, 0, 0.739163, 0.846261, 0, 0.800545, 0.801555, 1.449, 1.41718, 1.41818, 1.29844, 1.29926, 0, 0, 0, 0.776797, 0.777807, 0.807608, 0.808382, 0, 0, 0, 1.18219, 1.31157, 1.31258, 1.31378, 1.58848, 0, 0, 0.765447, 0.766003, 0, 0.767442, 0.87454, 0, 0.828823, 0.842005, 0.868384, 1.02738, 1.02839, 1.02922, 0.960122, 0.761623, 0.789645, 0.790655, 0, 0, 0, 0, 0, 0, 0, 0, 0.718248, 0.71946, 0.720268, 0, 0, 0, 0.865703, 0.866469, 0.748171, 0, 0, 0, 0, 0.889046, 0.700187, 0.700692, 0, 0, 0, 0, 0, 0, 0, 0, 0, 0, 0.731036, 1.09293, 1.09394, 0.919499, 1.03801, 0.95563, 0.803565, 0, 0, 0.820464, 0.927562, 0.735495, 0.881846, 0.882856, 0.711877, 0, 0, 0, 0, 0, 0, 0, 0, 0, 0, 0, 0.723724, 0.860898, 0, 0, 0.926945, 0.892618, 0.774514, 0.775523, 0.882384, 0.757329, 0, 0, 0, 0, 0.848743, 0.955841, 0.763774, 0.910124, 0.910899, 0, 0.776531, 0.88114, 0.761381, 1.68291, 1.69632, 1.52705, 1.50795, 1.59865, 0.836515, 0.738621, 0.734777, 0.735434, 0, 0, 0, 0, 0, 0, 0, 0.739576, 0.740586, 0.891685, 0.892695, 1.08472, 1.02239, 1.0234, 0.847623, 1.03251, 0.948164, 0.94914, 0.949948, 0.774187, 0, 0, 0, 0, 1.43261, 1.54263, 1.54384, 1.59234, 1.59355, 0.753406, 0.766086, 0.766591, 0, 0, 1.03874, 0.918379, 0.961059, 0.962069, 0.887176, 0, 0, 0, 0, 0.793915, 0.931089, 0.762295, 0.763304, 0.997137, 0.962809, 0.844705, 0.845715, 0.952576, 0.827521, 0, 0, 0, 0, 0.918934, 1.02603, 0.833965, 0.980316, 0.98109, 1.07231, 1.02984, 1.03085, 0.941219, 1.21585, 0.990157, 0.843506, 1.83592, 1.83668, 1.73098, 1.50471, 1.7432, 0.972566, 0.862662, 0.86352, 0.86453, 0.733807, 0, 0, 1.56752, 1.6343, 1.58, 1.60889, 1.6696, 1.0076, 0.933421, 0.934431, 0.860421, 0, 0, 0, 0.734649, 0, 0, 0, 0, 0, 0.840563, 0.841573, 0.842381, 1.00796, 1.07566, 1.05387, 1.05483, 1.05584, 0.91642, 0.964912, 0.837744, 0.838551, 0.839359, 0.840369, 0, 0, 0, 0, 0, 0, 0.981841, 0.966977, 0.967987, 0.968744, 0.969754, 0.751096, 0, 0, 0, 0.706423, 0.711955, 0.712965, 0.713975, 0.715187, 0, 0, 0, 0, 0, 0, 0, 0.776831, 1.0451, 1.17429, 1.1753, 1.19589, 1.01446, 0.780412, 1.70672, 1.70744, 1.59704, 1.75579, 1.5932, 1.02047, 1.02148, 1.16395,
0, 0, 0, 0, 0, 0, 0, 0, 0, 0, 0, 0, 0, 0, 0, 0, 0, 0, 0, 0, 0, 0, 0, 0, 0, 0, 0, 0, 0, 0, 0, 0, 0, 0, 0, 0, 0, 0, 0, 0, 0, 0, 0, 0, 0, 0, 0, 0, 0, 0, 0, 0, 0, 0, 0, 0, 0, 0, 0, 0, 0, 0, 0, 0, 0, 0, 0, 0, 0, 0, 0, 0, 0, 0, 0, 0, 0, 0, 0, 0, 0, 0, 0, 0, 0, 0, 0, 0, 0, 0, 0, 0, 0, 1.08566, 1.08657, 1.16494, 1.16587, 1.1666, 0, 0, 0, 1.2381, 1.23902, 1.20828, 1.36837, 1.36928, 0.744427, 0.745206, 0.745855, 0, 0, 0, 0, 0, 0, 0, 0, 0, 0, 0, 0, 0, 0, 0, 0, 0, 0, 0, 0, 0, 0, 0, 0, 0, 0, 0, 0, 1.40877, 1.40964, 1.12541, 1.39949, 1.40011, 0, 0, 0, 0, 0, 0, 0, 0, 0, 0, 0, 0, 0, 0, 0, 0, 0, 0, 0, 0, 0, 0, 0, 0, 0, 0, 0, 0, 0, 0, 0, 0, 0, 0, 0, 0, 0, 0, 0, 0, 0, 0, 0, 0, 0, 0, 0, 0, 0, 0, 0, 0, 0, 0, 0, 0, 0, 0, 0, 0.70099, 0.701906, 0.702685, 0.703433, 0, 0, 0, 0, 0, 0, 0, 0, 0, 0, 0, 0, 0, 0, 0, 0, 0, 0, 0, 0, 0, 0, 0, 0, 0, 0, 0, 0, 0, 0, 0, 0, 0, 0, 0, 0, 0, 0.700647, 0.848683, 0.8496, 0.809473, 0.810221, 0.728131, 0, 0, 0, 0.736407, 0.737056, 0, 0, 0, 0, 0, 0, 0, 0, 0, 0, 0, 0, 0, 0, 0, 0, 0, 0, 0, 0.796929, 0.757145, 0.750547, 0.751463, 0.75238, 0.732926, 0, 0, 0, 0, 0.762066, 0.762715, 0, 0, 0, 0, 0, 0, 0, 0, 0, 0, 0, 0, 0, 0, 0, 0, 0, 0, 0, 0, 0, 0, 0, 0, 0, 0, 0, 0, 0, 0, 0.811685, 0.812418, 0.759589, 0.760322, 0.761231, 0, 0, 0, 0, 0, 0, 0, 0, 0, 0, 0, 0, 0, 0, 0, 0, 0, 0, 0, 0, 0, 0, 0, 0, 0, 0.731167, 0.732083, 0.732999, 0.860618, 0.820833, 0.814235, 0.815151, 0.816068, 0.796614, 0, 0, 0, 0, 0.825754, 0.826403, 0.739893, 0.740809, 0.741535, 0, 0, 0, 0, 0.739588, 0.802186, 0.803102, 0.804018, 0.804767, 0.700619, 0, 0.710958, 0.711737, 0, 0, 0, 0, 0, 0, 0, 0, 0, 0, 0, 0, 0, 0, 0, 0, 0, 0, 0, 0, 0, 0, 0, 0, 0.760408, 0.761324, 0.761782, 0.762699, 0, 0, 0, 0, 0, 0, 0, 0, 0, 0, 0, 0, 0, 0, 0, 0, 0, 0, 0, 0, 0, 0, 0, 0, 0, 0, 0, 0, 0, 0, 0, 0, 0, 0, 0, 0, 0, 0.725935, 0.909161, 0.910077, 0.910994, 0.911742, 0.751197, 0, 0, 0, 0, 0.71592, 0.702927, 0, 0, 0,
0, 0, 0, 0, 0, 0, 0, 0, 0, 0, 0, 0, 0, 0, 0, 0, 0, 0, 0, 0, 0, 0, 0, 0, 0, 0, 0, 0, 0, 0, 0, 0, 0, 0, 0, 0, 0, 0, 0, 0, 0, 0, 0, 0, 0, 0, 0, 0, 0, 0, 0, 0, 0, 0, 0, 0, 0, 0, 0, 0, 0, 0, 0, 0, 0, 0, 0, 0, 0, 0, 0, 0, 0, 0, 0, 0, 0, 0, 0, 0, 0, 0, 0, 0, 0, 0, 0, 0, 0, 0, 0, 0, 0, 1.11219, 1.11339, 1.11453, 1.11579, 1.11697, 0, 0, 0, 1.12206, 1.12326, 1.12347, 1.12429, 1.12558, 0, 0, 0, 0, 0, 0, 0, 0, 0, 0, 0, 0, 0, 0, 0, 0, 0, 0, 0, 0, 0, 0, 0, 0, 0, 0, 0, 0, 0, 0, 0, 1.16319, 1.16433, 1.16424, 1.16469, 1.16618, 0, 0, 0, 0, 0, 0, 0, 0, 0, 0, 0, 0, 0, 0, 0, 0, 0, 0, 0, 0, 0, 0, 0, 0, 0, 0, 0, 0, 0, 0, 0, 0, 0, 0, 0, 0, 0, 0, 0, 0, 0, 0, 0, 0, 0, 0, 0, 0, 0, 0, 0, 0, 0, 0, 0, 0, 0, 0, 0, 0, 0, 0, 0, 0, 0, 0, 0, 0, 0, 0, 0, 0, 0, 0, 0, 0, 0, 0, 0, 0, 0, 0, 0, 0, 0, 0, 0, 0, 0, 0, 0, 0, 0, 0, 0, 0, 0, 0, 0, 0, 0, 0, 0, 0, 0, 0, 0, 0, 0, 0, 0, 0, 0, 0, 0, 0, 0, 0, 0, 0, 0, 0, 0, 0, 0, 0, 0, 0, 0, 0, 0, 0, 0, 0, 0, 0, 0, 0, 0, 0, 0, 0, 0, 0, 0, 0, 0, 0, 0, 0, 0, 0, 0, 0, 0, 0, 0, 0, 0, 0, 0, 0, 0, 0, 0, 0, 0, 0, 0, 0, 0, 0, 0, 0, 0, 0, 0, 0, 0, 0, 0, 0, 0, 0, 0, 0, 0, 0, 0, 0, 0, 0, 0, 0, 0, 0, 0, 0, 0, 0, 0, 0, 0, 0, 0, 0, 0, 0, 0, 0, 0, 0, 0, 0, 0, 0, 0, 0, 0.701149, 0.702473, 0, 0, 0, 0, 0, 0, 0, 0, 0, 0, 0, 0.700619, 0.701817, 0.703017, 0.704229, 0.705429, 0, 0, 0, 0, 0, 0, 0, 0, 0, 0, 0, 0, 0, 0, 0, 0, 0, 0, 0, 0, 0, 0, 0, 0, 0, 0, 0, 0, 0, 0, 0, 0, 0, 0, 0, 0, 0, 0, 0, 0, 0, 0, 0, 0, 0, 0, 0, 0, 0, 0, 0, 0, 0, 0, 0, 0, 0, 0, 0, 0, 0, 0, 0.760512, 0.762327, 0.763527, 0.764727, 0.765667, 0.761266, 0, 0, 0, 0, 0, 0, 0, 0, 0,
1.18631, 1.18795, 1.18915, 1.13743, 1.13875, 0, 0, 0, 0, 0, 0, 0, 0, 0, 0, 0, 0, 0, 0, 0, 0, 0, 0, 1.1222, 1.1235, 1.03428, 1.0356, 1.19444, 0, 0, 0, 0, 0, 0, 0, 0, 0, 0, 0, 0, 0.926093, 1.05887, 1.0609, 1.06198, 1.0633, 0, 0, 0, 0, 0, 0, 0, 0, 0, 1.22902, 1.23035, 1.23166, 1.07614, 1.36769, 1.20616, 1.20799, 1.22631, 1.22785, 0, 0, 0, 0, 0, 0, 0, 0, 0, 0.902409, 0.929746, 1.03349, 1.03481, 1.03582, 0, 0, 0, 0, 0, 0, 0, 0, 0, 0, 1.11546, 1.24495, 1.24627, 1.24755, 1.24882, 0, 1.12334, 1.12466, 1.47974, 1.48099, 1.48226, 0, 0, 0, 1.24683, 1.24815, 1.24847, 1.89165, 1.89304, 1.26869, 1.26983, 1.27076, 0.759833, 1.28357, 1.28476, 1.14584, 1.1989, 1.30933, 0, 0, 0, 0, 0, 0, 0, 0, 0, 0, 0, 0.919283, 0.998099, 1.10211, 1.10343, 1.10475, 0.70474, 0.705958, 0, 0.7517, 0.753031, 0, 1.29774, 1.29879, 1.1807, 2.18119, 2.18283, 1.31208, 1.31336, 1.34095, 0, 0, 0, 0.700534, 0, 0, 0, 1.32097, 1.32613, 1.32745, 1.32873, 1.33, 0, 0, 0, 0, 0, 0, 0, 0, 1.39591, 1.39702, 1.3051, 1.36167, 1.36299, 0.718005, 0.719197, 0.720517, 0.704803, 0.706068, 0, 0, 1.34465, 1.34624, 1.34756, 1.37767, 1.37893, 0, 0, 0, 0, 0.721964, 0.723284, 0.724648, 1.39384, 1.37361, 1.24615, 1.4301, 1.43157, 0, 1.43287, 1.43398, 1.34206, 1.39863, 1.39996, 0.983947, 1.05488, 1.05646, 1.07736, 1.0791, 0.764027, 1.49871, 1.50003, 1.36755, 1.36884, 1.37016, 0, 0, 0, 1.37564, 1.37684, 1.31155, 1.31285, 1.31419, 0, 0, 0, 1.0097, 1.01097, 1.01227, 1.06015, 1.06145, 0, 0, 0.748581, 0, 0, 0.780808, 0.781864, 0.778619, 0.780467, 0.781787, 0.7279, 0.72922, 0, 1.17583, 1.17768, 1.21583, 1.4252, 1.42652, 0.97409, 0.975999, 0.776471, 0.848615, 0.849957, 0.850738, 1.50217, 1.50328, 1.41136, 1.46793, 1.46925, 0, 0, 0, 0, 0, 0, 0, 0, 0, 0.72842, 0.729597, 0, 0.788304, 0.828336, 0.829894, 0.831214, 0.832497, 0, 0, 0, 0, 0, 0, 0.816632, 0.818216, 0, 1.53913, 1.54024, 1.44832, 1.50489, 1.50631, 0, 1.509, 1.51032, 1.49439, 1.51726, 1.51878, 0.8652, 0.86652, 0.942205, 0.782099, 0.766837, 0.861328, 0.862912, 0, 0, 0.779673, 0, 0, 0, 0, 0, 0, 0.75685, 0.75817, 0.818239, 0.767806, 0.769126, 1.26964, 1.3367, 1.33866, 1.33965, 1.34098, 0.70572, 0, 0, 0, 0, 0.843067, 0.873803, 0.875112, 0.983216, 0.984514, 0.791234, 0.902249, 0.902953, 0, 0.8422, 0.88108, 0.881028, 0.882034, 0.883354, 0.851079, 0, 0.701003, 0, 0, 0.880044, 0.920076, 0.921634, 0.922954, 0.924237, 0.773928, 0.732346, 0.733666, 0.734986, 0.716153, 0, 0.908372, 0.909956, 0.788599, 1.63087, 1.63198, 1.54006, 1.59663, 1.59805, 0.906813, 0.910256, 0.911576, 0.912874, 1.36189, 1.3998, 1.40096, 1.40228, 1.40414, 1.00412, 0.968993, 1.09698, 0.930957, 0.931957, 0.933805, 0.935125, 0.804629, 0.771154, 0.772474, 0.97577, 0.999447, 1.00077, 1.00273, 1.00373, 0.897143, 0.785178, 0.786498, 0.712852, 0.70156, 0.70288, 0.7042, 0.735116, 0.735618, 0, 0, 0, 0.768223, 0.949498, 0.950817, 0.951609, 0.953546, 0.933698, 0.883176, 0.88443, 0.88575, 0.774066, 0.949532, 0.822806, 0.824192, 0.825534, 0.826854, 0, 0, 0.714564, 0.715884, 0.717204, 0, 0.84086, 0.855746, 0.857066, 0.858914, 0.860234, 0.784539, 0, 0, 0, 0.761829, 0.767733, 0.769053, 0.770373, 0.771957, 0, 0, 0, 0, 0, 0, 0, 1.37799, 1.56184, 1.56354, 1.56486, 1.56614, 1.0819, 0.880211, 1.08351, 1.08418, 1.08411, 1.08538, 1.0718, 0.993592, 0.994912, 1.00542,
1.18074, 1.53355, 1.53034, 1.42076, 1.41683, 0, 0, 0.773035, 0, 0, 0, 0, 0, 0, 0, 0, 0, 0, 0, 0, 0, 0, 0, 1.1447, 1.14096, 0.90163, 0.897697, 1.15636, 0, 0, 0, 0, 0.97847, 0.81268, 0.807765, 0, 0, 0, 0, 0, 0.818264, 1.0103, 0.837706, 0.986182, 0.98225, 0, 0, 0, 0, 0, 0, 0, 0, 0, 1.08326, 1.12812, 1.12438, 0.965602, 1.25167, 1.76984, 1.7659, 1.9031, 1.89956, 1.02368, 0, 0, 0, 0, 0, 0, 0, 0, 0, 0, 0.752193, 0.748261, 0.876753, 0, 1.06711, 0.935281, 0.931349, 0.797304, 0.912912, 0, 0, 0, 0, 0, 1.6558, 1.65187, 1.64754, 1.64204, 0, 0, 0, 0.979146, 0.976001, 0.972658, 0, 0, 0, 0.944561, 0.940629, 0.708305, 1.35756, 1.37642, 0.71281, 0.989153, 0.986401, 0, 0.854616, 0.852552, 0, 0, 0.753632, 0, 0, 0, 0, 0, 0, 0, 0, 0, 0, 0, 0, 0, 0, 1.07124, 1.06731, 0, 0, 0, 0, 0, 0, 0, 0, 0, 1.45915, 2.45564, 1.5491, 1.54504, 1.59843, 0, 0, 0, 0, 0, 0, 0, 0.787097, 1.41397, 1.41004, 1.40572, 1.40021, 0, 0, 0, 0, 0, 0, 0, 0, 0, 0.717879, 0, 0, 0, 0, 0.841924, 0.837992, 0, 0, 0, 0, 0, 0.781478, 0.777546, 0, 0, 0, 0, 0, 0, 0, 0, 0, 1.42365, 1.27202, 0, 0, 0, 0, 0, 0, 0, 0, 0, 0, 0, 0, 0, 0, 0, 0, 0, 0, 0, 0, 0, 0, 0, 0, 0, 0, 0, 0, 0, 0, 0, 0, 0, 0, 0, 0, 0, 0, 0, 0, 0, 0, 0, 0, 0, 0, 0, 0, 0, 0, 0, 0, 0, 0, 0, 0, 0, 0, 0, 0, 0, 0, 0, 0, 0, 0, 0, 0, 0, 0, 0, 0, 0, 0, 0, 0, 0, 0, 0, 0, 0, 0, 0, 0, 0, 0, 0, 0, 0, 0, 0, 0, 0, 0, 0, 0, 0, 0, 1.05847, 0.912228, 1.05599, 1.05245, 0, 0, 0, 0, 0, 0, 0, 0, 0, 0, 0, 0, 0, 0, 0, 0, 0, 0, 0, 0, 0, 0, 0, 0, 0, 0, 0, 0, 0, 0, 0, 0, 0, 0, 0, 0, 0, 0, 0, 0, 0, 0, 0, 0, 0, 0, 0, 0, 0, 0, 0, 0, 0, 0, 0, 0, 0, 0, 0, 0, 0, 0, 0, 0, 0, 0, 0, 0, 0, 0, 0, 0, 0, 0, 0, 0, 0, 0, 0, 0, 0, 0, 0, 0, 0, 0, 0, 0, 0, 0, 0, 0, 0, 0, 0, 0, 0, 0, 0, 0, 0, 0, 0, 0, 0, 0, 0, 0, 0, 0, 0, 0, 0, 0, 0, 0, 0, 0, 0, 0, 0, 0, 0, 0, 0, 0, 0, 0, 0, 0, 0, 0, 0, 0, 0, 0, 0, 0, 0, 0, 0, 0, 0, 0, 0, 0, 0, 0, 0, 0, 0, 0, 0, 0, 0, 0, 0, 0, 0, 0, 0, 0,
1.17485, 1.63739, 1.63958, 1.57782, 1.57938, 0, 0, 0.716765, 0, 1.00625, 1.00781, 0.751017, 0, 0, 0, 0, 0, 0, 0, 0, 0, 0, 0, 1.35446, 1.35594, 1.04055, 1.04211, 1.30604, 0, 0, 0.70537, 0.707398, 1.08108, 0.995693, 0.997305, 0, 0.851466, 0, 0, 0, 1.12269, 1.10205, 0.923398, 1.07624, 1.0778, 0, 0, 0, 0, 0, 0, 0.718053, 0.828478, 0.830038, 1.60794, 1.71132, 1.55585, 1.27978, 1.3804, 2.15901, 2.09418, 2.27268, 2.27471, 1.35107, 0, 0, 0, 0, 0, 0, 0, 0, 0.972832, 1.02409, 1.12573, 1.12729, 1.26999, 0.757712, 1.37262, 1.45503, 1.45659, 1.42958, 1.5252, 0.782727, 0, 0, 0, 1.13649, 2.13787, 2.13943, 2.14114, 2.14266, 1.14429, 0, 0, 0, 0, 0, 0.735297, 0.736883, 0, 0.729997, 0.731557, 0, 1.09784, 1.10273, 0.976189, 1.35706, 1.35831, 1.04973, 1.57367, 1.57507, 1.17234, 1.27859, 1.42066, 0, 0, 0, 0, 0, 0, 0, 0, 0, 0, 0, 0.949182, 1.10482, 1.20654, 1.74552, 1.74708, 1.34726, 1.33991, 1.19411, 0.715064, 0.716598, 0, 0, 0, 0, 1.34217, 2.31188, 3.21637, 3.21856, 3.22051, 2.31963, 1.51061, 1.06236, 1.43265, 0.950325, 0.951716, 0.953198, 1.60106, 2.23381, 2.23537, 2.23708, 2.2386, 1.24021, 0, 0, 0, 0, 0.939834, 0.941706, 0, 1.51523, 1.60182, 1.33938, 1.44886, 1.45042, 0.805684, 1.79099, 1.79255, 1.61733, 1.61885, 1.71804, 0.719604, 1.72116, 1.81886, 1.82042, 1.57604, 1.5783, 0, 0, 0, 0, 1.63761, 1.63917, 1.64057, 2.36953, 2.29012, 1.29093, 1.55563, 1.55735, 0, 1.55891, 1.6455, 1.38306, 1.49254, 2.40917, 1.99343, 1.99533, 1.99696, 2.17269, 1.2709, 0.859912, 1.59489, 1.59645, 1.39739, 1.39887, 1.40043, 0, 0, 0, 1.46064, 1.46204, 1.46919, 1.47067, 1.47231, 0.721218, 0.945578, 0.784648, 1.36916, 1.37096, 1.14473, 1.18402, 1.1855, 1.4312, 1.43268, 1.70001, 1.61334, 1.61405, 0.752806, 0.754054, 0.870919, 0.873103, 0.874663, 0.883866, 0.885426, 0, 1.39424, 1.39642, 1.20996, 1.56529, 2.49063, 2.03848, 2.04094, 1.82071, 1.74987, 0.86371, 0.864646, 1.64081, 1.7274, 1.46496, 1.57444, 1.576, 1.65501, 1.55014, 1.68688, 1.52435, 1.52599, 0, 0.955538, 0, 0, 0.741493, 0.742819, 0, 0.731922, 0.912657, 0.840732, 0.842292, 0.982605, 1.15236, 0.960016, 0.961576, 1.28496, 1.13241, 0.766054, 1.10909, 1.11097, 0.761433, 1.68449, 1.77108, 1.50864, 1.61812, 1.62039, 0.768325, 1.60702, 2.60839, 2.43286, 2.51539, 2.85317, 2.31582, 1.47689, 1.47829, 1.39266, 1.23386, 0.847966, 0.849838, 0.717811, 0.719344, 1.72089, 1.45161, 1.45317, 1.45473, 1.45629, 0.765303, 0.766863, 0.86599, 0.86755, 0.99223, 0.84989, 0.85145, 1.35226, 1.47273, 1.89423, 1.89641, 2.06347, 1.45934, 1.31139, 0.782555, 1.16302, 0.861719, 1.21695, 1.50336, 1.50484, 1.21585, 1.2171, 1.04279, 0.896326, 0.897184, 0.764415, 0.903112, 1.07883, 0.942414, 1.16532, 1.16688, 1.04051, 0.73469, 0.890864, 0, 0, 0.840342, 1.02108, 0.949152, 0.950712, 1.09103, 1.26078, 1.06844, 1.07, 1.39337, 1.24083, 0.874474, 1.21751, 1.21939, 0.869853, 1.79291, 1.8795, 1.61706, 1.72654, 1.72881, 1.03774, 1.23656, 1.23812, 1.06242, 1.61558, 1.63685, 1.42528, 1.48159, 1.66661, 1.2669, 1.17084, 1.26583, 1.1008, 0.864133, 0.866317, 0.867877, 0.971442, 0.901378, 0.902938, 1.24192, 1.7799, 1.70106, 1.729, 1.73156, 1.57922, 0.946168, 0.947728, 0.954408, 1.04115, 1.04271, 1.04427, 1.33704, 1.21838, 0.924657, 0.926217, 0.927777, 0.891903, 1.13707, 1.13863, 1.13956, 1.3628, 1.18969, 1.9712, 1.97284, 1.9744, 1.73926, 1.91497, 0.916545, 0.918183, 0.919717, 0.921277, 0.851396, 0.852956, 1.11903, 1.12059, 1.12215, 0.887724, 1.10566, 1.14863, 1.15019, 1.15238, 1.15394, 1.12625, 0.895849, 0.897409, 0.898969, 1.14244, 1.14711, 1.14867, 1.15023, 1.1521, 0.911436, 0, 0.991517, 1.32619, 1.32775, 1.32931, 1.33087, 1.7456, 1.51542, 1.79283, 1.79439, 1.96096, 1.57659, 1.59691, 1.76114, 1.76231, 1.52577, 1.52726, 1.13574, 1.05776, 1.05932, 1.34324,
1.17488, 1.63769, 1.64004, 1.57838, 1.58006, 0, 0, 0.71791, 0, 1.00759, 1.00927, 0.752526, 0, 0, 0, 0, 0, 0, 0, 0, 0, 0, 0, 1.35726, 1.35902, 1.04358, 1.04526, 1.30931, 0, 0, 0.709284, 0.711258, 1.08509, 0.999708, 1.00128, 0, 0.855931, 0, 0, 0, 1.12776, 1.1072, 0.92864, 1.08162, 1.0833, 0, 0, 0, 0, 0, 0, 0.724269, 0.834984, 0.836664, 1.61445, 1.71799, 1.56276, 1.28681, 1.38747, 2.16618, 2.10154, 2.28014, 2.28204, 1.35878, 0, 0, 0, 0, 0, 0, 0, 0, 0.98146, 1.03281, 1.13472, 1.1364, 1.27924, 0.767115, 1.38204, 1.46458, 1.46626, 1.43931, 1.53511, 0.792738, 0, 0, 0, 1.1469, 2.14858, 2.15026, 2.15183, 2.1534, 1.15536, 0, 0, 0, 0, 0, 0.74697, 0.748734, 0, 0.74223, 0.74391, 0, 1.11043, 1.11544, 0.988943, 1.36993, 1.37127, 1.06275, 1.58659, 1.58811, 1.18546, 1.29184, 1.434, 0, 0, 0, 0, 0, 0, 0, 0, 0, 0, 0, 0.964199, 1.11992, 1.22175, 1.76111, 1.76279, 1.36303, 1.35568, 1.20972, 0.730859, 0.732455, 0, 0, 0, 0, 1.35874, 2.32853, 3.23314, 3.2355, 3.23732, 2.33679, 1.52787, 1.07962, 1.45004, 0.967797, 0.969267, 0.971031, 1.61901, 2.2519, 2.25358, 2.25515, 2.25672, 1.25865, 0, 0, 0, 0, 0.959045, 0.961061, 0, 1.53461, 1.62134, 1.35883, 1.4686, 1.47028, 0.825658, 1.81116, 1.81284, 1.63749, 1.63906, 1.73852, 0.740224, 1.74182, 1.8398, 1.84148, 1.59721, 1.59948, 0, 0, 0, 0, 1.65933, 1.66101, 1.6628, 2.39183, 2.31227, 1.31326, 1.57812, 1.57985, 0, 1.58165, 1.66838, 1.40587, 1.51564, 2.43218, 2.01681, 2.01885, 2.02051, 2.19638, 1.29478, 0.883888, 1.61882, 1.6205, 1.42152, 1.42329, 1.42497, 0, 0, 0, 1.48553, 1.4869, 1.49417, 1.49593, 1.49753, 0.746707, 0.971169, 0.810352, 1.39507, 1.39662, 1.17064, 1.21007, 1.21184, 1.45767, 1.45932, 1.72675, 1.6401, 1.64092, 0.779684, 0.781028, 0.898029, 0.900381, 0.902061, 0.911286, 0.912966, 0, 1.42205, 1.42441, 1.23806, 1.5935, 2.51876, 2.06694, 2.06931, 1.84954, 1.77876, 0.892466, 0.893614, 1.66985, 1.75658, 1.49407, 1.60384, 1.60552, 1.68478, 1.57993, 1.71686, 1.55431, 1.55607, 0.713644, 0.985872, 0, 0, 0.772081, 0.773537, 0, 0.762754, 0.94366, 0.871801, 0.873481, 1.0139, 1.18377, 0.991492, 0.993172, 1.31681, 1.16427, 0.798053, 1.14133, 1.14334, 0.793751, 1.71689, 1.80362, 1.54111, 1.65088, 1.65315, 0.801405, 1.64, 2.64168, 2.46599, 2.54891, 2.88652, 2.34937, 1.51072, 1.51223, 1.42671, 1.26799, 0.882164, 0.88418, 0.752105, 0.753701, 1.75532, 1.48632, 1.488, 1.48968, 1.49136, 0.800438, 0.802118, 0.901508, 0.903188, 1.028, 0.885792, 0.887472, 1.38824, 1.50899, 1.93058, 1.93293, 2.09975, 1.49616, 1.3482, 0.819467, 1.20006, 0.898854, 1.25407, 1.54063, 1.54239, 1.25354, 1.25489, 1.08064, 0.934244, 0.93514, 0.802421, 0.941261, 1.1171, 0.980731, 1.20376, 1.20544, 1.07922, 0.773445, 0.929793, 0.700654, 0.701662, 0.879514, 1.06042, 0.988561, 0.990241, 1.13066, 1.30053, 1.10825, 1.10993, 1.43357, 1.28103, 0.914813, 1.25809, 1.2601, 0.910511, 1.83365, 1.92038, 1.65787, 1.76764, 1.76991, 1.07913, 1.27805, 1.27973, 1.10413, 1.65744, 1.67877, 1.46737, 1.52388, 1.70893, 1.30917, 1.21318, 1.30834, 1.14365, 0.907065, 0.909417, 0.911097, 1.01473, 0.944594, 0.946274, 1.28557, 1.82369, 1.74494, 1.773, 1.77548, 1.62349, 0.99053, 0.99221, 0.998986, 1.08579, 1.08747, 1.08915, 1.38208, 1.26349, 0.969892, 0.971572, 0.973252, 0.937483, 1.18268, 1.18436, 1.18537, 1.40888, 1.23589, 2.01758, 2.01923, 2.02091, 1.78592, 1.96175, 0.963482, 0.965078, 0.966674, 0.968354, 0.898731, 0.900411, 1.16659, 1.16827, 1.16995, 0.935644, 1.15382, 1.19685, 1.19853, 1.20088, 1.20256, 1.17491, 0.944609, 0.946289, 0.947969, 1.19157, 1.19638, 1.19806, 1.19974, 1.20176, 0.96118, 0, 1.04148, 1.37628, 1.37796, 1.37964, 1.38132, 1.79625, 1.5662, 1.84369, 1.84537, 2.01218, 1.62782, 1.64831, 1.81263, 1.81372, 1.57721, 1.57883, 1.18741, 1.10975, 1.11143, 1.39548,
1.26974, 1.73098, 1.73075, 1.72886, 1.72862, 0.728685, 0, 0.702685, 0, 1.10977, 1.10953, 0.863495, 0.724371, 0.805818, 0, 0, 0, 0, 0, 0, 0, 0, 0, 1.31146, 1.31118, 0.993804, 0.99357, 1.31672, 0, 0, 0.819608, 0.819428, 1.16038, 0.93548, 0.935305, 0, 0.78453, 0, 0, 0, 1.06558, 1.06162, 0.845991, 0.997456, 0.997222, 0, 0, 0, 0, 0, 0, 0.781005, 0.89009, 0.889856, 1.63482, 1.82435, 1.48493, 1.2066, 1.30635, 2.20622, 1.98571, 2.17653, 2.17636, 1.28838, 0, 0, 0, 0, 0, 0, 0, 0, 0.842326, 0.90626, 1.06804, 1.06781, 1.30718, 0, 1.40383, 1.46097, 1.46074, 1.32976, 1.66488, 0, 0, 0, 0, 0.979418, 1.97916, 1.97893, 1.97875, 1.97858, 0.978598, 0, 0, 0, 0, 0, 0, 0, 0, 0, 0, 0, 0.947048, 0.983288, 0.854888, 1.25939, 1.2592, 0.891332, 1.41452, 1.41438, 0.974085, 1.07855, 1.26709, 0, 0, 0, 0, 0, 0, 0, 0, 0, 0, 0, 0.725411, 0.894003, 1.05583, 1.6909, 1.69067, 1.28974, 1.13469, 0.958436, 0, 0, 0, 0, 0, 0, 1.12227, 2.12211, 2.96722, 2.96705, 3.96687, 2.96685, 1.96667, 1.32009, 1.68899, 0.957534, 0.95737, 0.957089, 1.60289, 1.96478, 1.96454, 1.96437, 1.96419, 0.964165, 0, 0, 0, 0, 0, 0, 0, 1.22633, 1.36787, 1.10346, 1.28059, 1.28035, 0, 1.50577, 1.50554, 1.3143, 1.31413, 1.47452, 0, 1.47379, 1.66755, 1.66731, 1.37977, 1.37958, 0, 0, 0, 0, 1.31126, 1.31103, 1.31074, 2.03788, 1.95641, 0.956191, 1.22024, 1.22012, 0, 1.21978, 1.36132, 1.09691, 1.27404, 2.20489, 1.78719, 1.76976, 1.76954, 2.09614, 1.17416, 0.761604, 1.49469, 1.49445, 1.16192, 1.16164, 1.16141, 0, 0, 0, 1.10291, 1.1028, 1.15947, 1.15919, 1.159, 0, 0, 0, 1.02887, 1.0287, 0.800603, 0.875458, 0.875177, 1.29256, 1.29234, 1.55843, 1.21445, 1.21433, 0, 0, 0, 0, 0, 0, 0, 0, 0.987171, 0.986982, 0.796443, 1.16516, 2.16492, 1.61363, 1.74666, 1.44657, 1.42092, 0, 0, 1.2075, 1.34904, 1.08463, 1.26176, 1.26152, 1.29609, 1.13333, 1.42932, 1.26639, 1.26615, 0, 0, 0, 0, 0, 0, 0, 0, 0, 0, 0, 0, 0.734251, 0, 0, 0.88959, 0, 0, 0, 0, 0, 1.20095, 1.34249, 1.07808, 1.25521, 1.25502, 0, 1.12649, 2.12624, 1.93501, 2.01601, 2.42551, 2.22262, 1.22239, 1.24024, 1.13464, 0.724765, 0, 0, 0, 0, 1.20457, 0.932517, 0.932283, 0.932049, 0.931815, 0, 0, 0, 0, 0, 0, 0, 0.861081, 0.985279, 1.42519, 1.42496, 1.70028, 0.997962, 0.84736, 0, 0, 0, 0, 0.989858, 0.989577, 0.706316, 0.706035, 0, 0, 0, 0, 0, 0, 0, 0.720745, 0.720511, 0, 0, 0, 0, 0, 0, 0, 0, 0, 0, 0.717994, 0, 0, 0.873333, 0, 0, 0, 0, 0, 1.1847, 1.32623, 1.06182, 1.23895, 1.23877, 0, 0.767793, 0.767559, 0, 1.14082, 1.16036, 0.843837, 0.924841, 1.18601, 0.730298, 0, 0.78567, 0, 0, 0, 0, 0, 0, 0, 0, 1.31603, 1.09235, 1.07323, 1.15587, 0.921066, 0, 0, 0, 0, 0, 0, 0.853248, 0, 0, 0, 0, 0, 0, 0, 0, 0, 0, 1.28166, 1.28144, 1.2812, 1.04314, 1.21694, 0, 0, 0, 0, 0, 0, 0, 0, 0, 0, 0, 0, 0, 0, 0, 0, 0, 0, 0, 0, 0, 0, 0, 0, 0, 0, 0, 0, 0, 0, 0, 0.989463, 0.757221, 1.15177, 1.15153, 1.398, 0.932059, 1.0658, 1.14238, 1.14219, 0.877004, 0.986197, 0, 0, 0, 0,
0, 0.808261, 0.813463, 0.817459, 0.82284, 0.762116, 0, 0.74336, 0, 1.10698, 1.11236, 0.862187, 0.797008, 0.880483, 0, 0, 0, 0, 0, 0, 0, 0, 0, 0, 0, 0, 0, 0, 0, 0, 0.788253, 0.792244, 1.14191, 0.921265, 0.925301, 0.826785, 0.889624, 0, 0, 0, 0, 0, 0, 0, 0, 0, 0, 0, 0, 0.723212, 0, 1.07049, 1.16691, 1.17229, 1.00832, 1.13772, 0.87194, 0, 0.703436, 1.63941, 1.4246, 1.61955, 1.62367, 1.64026, 0, 0, 0, 0, 0, 0, 0, 0, 0, 0.71765, 0.824139, 0.82952, 0.981042, 0.986423, 1.74234, 1.90324, 1.90862, 1.78298, 2.12372, 1.1478, 0.83437, 0.839752, 0.845133, 0, 1.57528, 1.58066, 1.5847, 1.58874, 1.49498, 0, 0, 0.749136, 0.754607, 0.759675, 0.865316, 0.870967, 0.857275, 0.982256, 0.987637, 0.76913, 0.905463, 0.920628, 0.799624, 1.17872, 1.182, 1.10983, 1.12269, 1.12753, 0, 0.802563, 0.962945, 0.902489, 0.90814, 0.914598, 0.815275, 0, 0, 1.04788, 1.05326, 1.05864, 1.06402, 1.0694, 0.838003, 0.996322, 1.10389, 1.6486, 1.65398, 1.66044, 1.59206, 1.42142, 1.01387, 1.01898, 0.943663, 1.07543, 1.08189, 0.891095, 0.993062, 1.9989, 2.8481, 2.8525, 3.75831, 3.76261, 2.77184, 1.85819, 2.23283, 1.50377, 1.50843, 1.51408, 1.53817, 1.90624, 1.91163, 1.91566, 1.9197, 1.82486, 0.834086, 1.22049, 1.22587, 1.23125, 1.5027, 1.507, 1.12921, 1.23171, 1.37664, 1.11704, 1.26729, 1.27267, 1.2519, 2.16751, 2.17289, 1.98736, 1.9914, 2.43031, 1.43846, 1.54353, 1.71067, 1.71605, 1.43385, 1.43798, 1.37833, 1.15424, 1.15962, 1.05471, 2.05732, 2.0627, 2.06943, 2.17294, 2.09863, 1.10342, 1.37217, 1.37607, 1.27989, 1.3824, 1.52732, 1.26772, 1.41797, 2.2938, 2.28962, 2.27768, 2.28198, 2.61758, 1.70295, 1.70833, 1.71711, 1.72249, 1.3945, 1.40015, 1.40553, 1.44816, 1.45354, 1.26199, 1.36467, 1.36907, 1.43135, 1.43701, 1.44212, 1.57615, 1.80395, 1.64532, 1.71516, 1.71915, 1.50082, 1.55626, 1.56191, 2.52597, 2.53162, 2.55491, 2.3205, 2.32301, 1.46397, 1.46828, 1.6558, 1.66333, 1.66871, 1.81416, 1.81954, 1.52574, 1.69082, 1.69835, 1.51505, 1.87431, 2.80244, 2.73486, 2.7758, 2.78145, 2.68531, 1.70416, 1.70901, 1.66492, 1.80985, 1.55025, 1.7005, 1.70588, 2.57341, 2.52224, 2.76596, 2.66572, 2.67084, 1.67649, 1.8188, 1.51532, 1.51819, 1.59435, 1.59915, 1.46315, 1.5828, 1.76924, 1.70075, 1.70613, 1.8886, 2.18595, 2.01116, 2.01654, 2.37106, 2.17704, 1.81488, 2.08659, 2.0909, 1.7131, 1.8156, 1.96053, 1.70093, 1.85118, 1.8553, 1.79584, 1.77288, 2.77666, 2.59104, 2.67611, 3.01702, 3.43988, 2.48906, 2.49444, 2.47562, 2.17623, 1.79224, 1.7987, 1.69318, 1.69865, 2.70015, 2.55513, 2.56051, 2.56589, 2.57128, 1.68386, 1.68924, 1.75112, 1.75651, 1.91285, 1.88079, 1.88617, 1.91406, 2.03687, 2.46425, 2.46829, 2.6539, 2.65928, 2.56822, 2.0034, 2.38828, 2.04502, 2.13083, 2.46453, 2.47018, 2.17045, 2.1761, 2.11945, 1.95907, 1.96181, 1.854, 2.09882, 2.13548, 2.07485, 2.31352, 2.3189, 2.18584, 2.08652, 2.1647, 1.83376, 1.83717, 1.95681, 2.14326, 2.07477, 2.08015, 2.26262, 2.55996, 2.38517, 2.39055, 2.74507, 2.55105, 2.18889, 2.4606, 2.46491, 2.08711, 2.18962, 2.33455, 2.07494, 2.22519, 2.22932, 2.20182, 2.42844, 2.43383, 2.33359, 2.35985, 2.4451, 2.17624, 2.23576, 2.43141, 2.41116, 2.31983, 2.4767, 2.51039, 2.25099, 2.25705, 2.26243, 2.2869, 2.35358, 2.35896, 2.40537, 3.00381, 2.86644, 2.83502, 2.85937, 2.86475, 2.3316, 2.33698, 2.42804, 2.60344, 2.60882, 2.6142, 2.95848, 2.75554, 2.4663, 2.47168, 2.47707, 2.34339, 2.52479, 2.53018, 2.53341, 2.76167, 2.59238, 3.32414, 3.32844, 3.33383, 3.21143, 3.19664, 2.20613, 2.21124, 2.21636, 2.22174, 2.53983, 2.54521, 2.81474, 2.82012, 2.8255, 2.53024, 2.59844, 2.57981, 2.58519, 2.59272, 2.59811, 2.8012, 2.4726, 2.47798, 2.48336, 2.96638, 2.97564, 2.98102, 2.9864, 2.99286, 2.61204, 2.23596, 2.64119, 2.98117, 2.98655, 2.99193, 2.99731, 2.7701, 2.54343, 2.86342, 2.8688, 3.03157, 3.03695, 3.46661, 3.24862, 3.25149, 3.01504, 3.08956, 2.61318, 2.61817, 2.62356, 2.93323,
Main Loop Time: 4.59001
Number of Graph Matching Computed: 7735
Number of Zero Entries Cells: 3931
Number of Pruned Cells: 0
Number of Estimated Cells Above Threshold: 0
Number of Cells Above Threshold: 0
Env Time: 0.00138728
Dataloader Time: 0.035047
FaissIndex Time: 0.0261158
Algorithm Time: 4.67002
