creating environment with lakes: /root/data/en/king_james_bible_para/9_16/, /root/data/en/esv_para/9_16/
1 text1_files listed
1 text2_files listed
Inverted Index Size: 55
Words: 20
Vector Size: 300
Normalized vector storage check
Index Trained: 1
Ntotal: 9
Sliding Window Computation time: 4.9028e-05
Out of dictionary words: 11
K: 9
NB: 9
Faiss Search Time: 0.000305494
size of I: 81
Size of valid edges: 90
0, 0.8, 1, 0.8, 0.8, 0, 0, 0, 0, 0, 0, 0.791385, 0.791385, 0, 0, 0, 0, 0, 0, 0, 0, 0, 0,
0, 0, 0.8, 1, 0.8, 0, 0, 0, 0, 0, 0, 0, 0, 0, 0, 0, 0, 0, 0, 0, 0, 0, 0,
0, 0, 0.8, 0.8, 1, 0.8, 0, 0, 0, 0, 0, 0, 0, 0, 0, 0, 0, 0, 0, 0, 0, 0, 0,
0, 0, 0, 0, 0.832624, 0.8, 0.8, 0.8, 0, 0, 0, 0, 0, 0, 0, 0, 0, 0, 0, 0, 0, 0, 0,
0, 0, 0, 0, 0, 0, 0.8, 1, 0.8, 0.8, 0, 0, 0, 0, 0, 0, 0, 0, 0, 0, 0, 0, 0,
0, 0, 0, 0, 0, 0, 0, 0.8, 0.8, 0.8, 0.866036, 0.764705, 0, 0, 0, 0, 0, 0, 0, 0, 0, 0, 0,
0, 0, 0, 0, 0, 0, 0, 0.8, 0.8, 0.8, 0.866036, 0.764705, 0, 0, 0, 0, 0, 0, 0, 0, 0, 0, 0,
0, 0, 0, 0, 0, 0, 0, 0, 0, 0.8, 1, 0.801832, 0, 0, 0, 0, 0, 0, 0, 0, 0, 0, 0,
0, 0.791385, 0.791385, 0, 0, 0, 0, 0, 0, 0, 0.801832, 1, 0.8, 0, 0, 0, 0, 0, 0, 0, 0, 0, 0,
0, 0.791385, 0.991385, 0.791385, 0.791385, 0, 0, 0, 0, 0, 0, 0.8, 0.8, 0, 0, 0, 0, 0, 0, 0, 0, 0, 0,
0, 0, 0.791385, 0.991385, 0.791385, 0, 0, 0, 0, 0, 0, 0, 0, 0, 0, 0, 0, 0, 0, 0, 0, 0, 0,
0, 0, 0.791385, 0.791385, 0.791385, 0, 0, 0, 0, 0, 0, 0, 0, 0, 0, 0, 0, 0, 0, 0, 0, 0, 0,
0, 0, 0, 0, 0, 0, 0, 0, 0, 0, 0, 0, 0, 0, 0, 0, 0, 0, 0, 0, 0, 0, 0,
0, 0, 0, 0, 0, 0, 0, 0, 0, 0, 0, 0, 0, 0, 0, 0, 0, 0, 0, 0, 0, 0, 0,
0, 0, 0, 0, 0, 0, 0, 0, 0, 0, 0, 0, 0, 0, 0, 0, 0, 0, 0, 0, 0, 0, 0,
0, 0, 0, 0, 0, 0, 0, 0, 0, 0, 0, 0, 0, 0, 0, 0.8, 0.8, 0, 0, 0, 0, 0, 0,
0, 0, 0, 0, 0, 0, 0, 0, 0, 0, 0, 0, 0, 0, 0, 0.8, 0.8, 0, 0, 0, 0, 0, 0,
0, 0, 0, 0, 0, 0, 0, 0, 0, 0, 0, 0, 0, 0, 0, 0, 0, 0, 0, 0, 0, 0, 0,
0, 0, 0, 0, 0, 0, 0, 0, 0, 0, 0, 0, 0, 0, 0, 0, 0, 0, 0.8, 0, 0, 0, 0,
0, 0, 0, 0, 0, 0, 0, 0, 0, 0, 0, 0, 0, 0, 0, 0, 0, 0, 0, 0.8, 0, 0, 0,
0, 0, 0, 0, 0, 0, 0, 0, 0, 0, 0, 0, 0, 0, 0, 0, 0, 0, 0, 0, 0.8, 0.8, 0,
0, 0, 0, 0, 0, 0, 0, 0, 0, 0, 0, 0, 0, 0, 0, 0, 0, 0, 0, 0, 0.8, 1, 0.8,
0, 0, 0, 0, 0, 0, 0, 0, 0, 0, 0, 0, 0, 0, 0, 0, 0, 0, 0, 0, 0, 0.8, 1,
Main Loop Time: 0.0097139
Number of Graph Matching Computed: 529
Number of Zero Entries Cells: 465
Env Time: 0.000518569
Dataloader Time: 0.112069
FaissIndex Time: 0.0112024
Algorithm Time: 0.0103358
