creating environment with lakes: /root/data/en/king_james_bible_para/5_10/, /root/data/en/esv_chapter/5/
1 text1_files listed
1 text2_files listed
Inverted Index Size: 380
Words: 182
Vector Size: 300
Normalized vector storage check
Index Trained: 1
Ntotal: 121
Sliding Window Computation time: 5.4567e-05
Out of dictionary words: 61
K: 121
NB: 121
Faiss Search Time: 0.0151505
size of I: 14641
Size of valid edges: 14325
Vector Size: 1500
Normalized vector storage check
Index Trained: 1
Ntotal: 52230
K: 52230
NB: 36
0, 0.77616, 0.77616, 0.77616, 0.77616, 0, 0, 0, 0, 0, 0, 0, 0, 0, 0, 0, 0, 0, 0, 0, 0, 0, 0, 0, 0, 0, 0, 0, 0, 0, 0, 0, 0, 0, 0, 0, 0, 0, 0, 0, 0, 0, 0, 0, 0, 0.860648, 0.860648, 0.932635, 0.932635, 0.932635, 0, 0, 0, 0, 0, 0, 0, 0, 0, 0, 0, 0, 0, 0, 0, 0, 0, 0, 0, 0, 0, 0, 0, 0, 0.94888, 0.94888, 0.94888, 0.94888, 0, 0, 0, 0, 0, 0, 0, 0.989014, 0.989014, 0.989014, 0.989014, 0, 0, 0, 0, 0, 0, 0, 0, 0, 0, 0, 0, 0, 0, 0, 0, 0, 0, 0, 0, 0, 0, 1.061, 1.061, 1.061, 1.061, 0.707858, 0, 0, 0, 0.734539, 0.734539, 1.38084, 1.34583, 1.34583, 1.34583, 1.34583, 0, 0, 0, 0, 0, 0, 0, 0, 0, 0, 0, 0.989014, 0.989014, 1.63531, 1.63531, 1.63531, 1.2787, 1.17217, 0, 0, 0, 0, 0, 1.13407, 1.13407, 1.13407, 1.06208, 1.06208, 1.10359, 1.46558, 1.46558, 1.46558, 1.46558, 0.729882, 0, 0, 0.760762, 0.760762, 0.760762, 0, 0, 0, 0, 0, 0, 0, 0, 0, 0.989014, 0.989014, 1.061, 1.061, 1.061, 0, 0.773, 0, 0, 0, 0, 0, 0, 0, 0, 0, 0, 0, 0, 0, 0, 0, 0, 0, 0, 0, 0, 0, 0, 0, 0.822454, 0.822454, 0.822454, 0.822454, 0, 0, 0, 0, 0, 0, 0, 0, 0, 0, 0, 0, 0, 0, 0, 0, 0, 0, 0, 0, 0, 0, 0, 0, 0, 0, 0, 0, 0, 0, 0.734539, 0.734539, 1.38084, 1.34583, 1.34583, 1.34583, 1.34583, 0, 0, 0, 0, 0, 0, 0, 0, 0, 0, 0, 0, 0, 0, 0, 0.989014, 0.989014, 1.63531, 1.63531, 1.63531, 1.5, 1.5, 0, 0, 0, 0, 0, 0, 0, 1.07556, 1.50695, 1.50695, 1.50695, 1.50695, 0.950249, 0, 0, 0, 0, 0, 0, 0, 0, 0, 0, 0, 0, 0, 0, 0, 0, 0, 1.16751, 1.21454, 1.21454, 1.21454, 1.5, 0, 0, 0, 0, 0, 0, 0, 0, 0, 0, 0, 0, 0, 1.27701, 1.56897, 1.56897, 1.56897, 1.56897, 0.780621, 0, 0, 0, 0, 0, 0, 0, 0, 0, 0, 0, 0, 0, 0, 0, 0, 0, 0, 0, 0, 0, 0, 0, 0, 0, 0, 0, 0, 0, 0, 0, 0, 0, 0, 1.10359, 1.63531, 1.63531, 1.63531, 1.63531, 1.061, 0.806525, 0.806525, 0.806525, 0, 0, 0, 0, 0, 0, 0, 0, 0, 0, 0, 0, 0, 0, 0, 0, 0, 0, 0, 0, 0, 0, 0, 0, 0, 0, 0, 0, 0, 0, 0, 0, 0, 0, 0, 0.780098, 0.780098, 0.780098, 0.780098, 0, 0, 0, 0, 0, 0, 0, 0, 0, 0, 0, 0, 0.788566, 0.788566, 0.788566, 0.788566, 0.716553, 0, 0, 0, 0, 0, 0, 0, 0, 0, 0, 0.734907, 0.734907, 1.00252, 1.00252, 1.00252, 0, 0, 0, 0, 0, 0, 0, 0, 0, 0, 0, 0, 0, 0, 0, 0, 1.35366, 1.35366, 1.35366, 1.35366, 1, 0, 0,
0, 0.776461, 0.776631, 0.776759, 0.776886, 0, 0, 0, 0, 0, 0, 0, 0, 0, 0, 0, 0, 0, 0, 0, 0, 0, 0, 0, 0, 0, 0, 0, 0, 0, 0, 0, 0, 0, 0, 0, 0, 0, 0, 0, 0, 0, 0, 0, 0, 0.8677, 0.867827, 0.940032, 0.940159, 0.940295, 0, 0, 0, 0, 0, 0, 0, 0, 0, 0, 0, 0, 0, 0, 0, 0, 0, 0, 0, 0, 0, 0, 0, 0, 0.960841, 0.96101, 0.961172, 0.961376, 0, 0, 0, 0, 0, 0, 0, 1.00252, 1.00269, 1.00283, 1.00296, 0, 0, 0, 0, 0, 0, 0, 0, 0, 0, 0, 0, 0, 0, 0, 0, 0, 0, 0, 0, 0, 0, 1.07889, 1.07906, 1.07923, 1.07936, 0.726578, 0, 0, 0, 0.753691, 0.753827, 1.40028, 1.36544, 1.36561, 1.36577, 1.3659, 0, 0, 0, 0, 0, 0, 0, 0.71023, 0.7104, 0, 0, 1.01093, 1.01102, 1.65747, 1.65764, 1.6578, 1.30136, 1.195, 0, 0, 0, 0, 0, 1.15794, 1.15811, 1.15831, 1.08648, 1.08668, 1.12833, 1.49051, 1.49068, 1.49085, 1.49098, 0.755535, 0, 0, 0.786871, 0.787075, 0.787236, 0, 0, 0, 0, 0, 0, 0, 0, 0, 1.01696, 1.01705, 1.08927, 1.08939, 1.08952, 0, 0.801879, 0, 0, 0, 0, 0, 0, 0, 0, 0, 0, 0, 0, 0, 0, 0, 0, 0, 0, 0, 0, 0, 0, 0, 0.855412, 0.855581, 0.855751, 0.855955, 0, 0, 0, 0, 0, 0, 0, 0, 0, 0, 0, 0, 0, 0, 0, 0, 0, 0, 0, 0, 0, 0, 0, 0, 0, 0, 0, 0, 0, 0, 0.77287, 0.773074, 1.41953, 1.38469, 1.38486, 1.38503, 1.38516, 0, 0, 0, 0, 0, 0, 0, 0, 0, 0, 0, 0, 0, 0, 0, 1.03107, 1.03128, 1.67773, 1.67789, 1.67807, 1.54294, 1.54307, 0, 0, 0, 0, 0, 0, 0, 1.11999, 1.55153, 1.5517, 1.55188, 1.55205, 0.995701, 0, 0, 0, 0, 0, 0, 0, 0, 0, 0, 0, 0, 0, 0, 0, 0, 0, 1.21585, 1.26305, 1.26321, 1.26342, 1.54904, 0, 0, 0, 0, 0, 0, 0, 0, 0, 0, 0, 0.723407, 0.723492, 1.32775, 1.6199, 1.62007, 1.62024, 1.62038, 0.832374, 0, 0, 0, 0, 0, 0, 0, 0, 0, 0, 0, 0, 0, 0, 0, 0, 0.704342, 0.704512, 0.704682, 0, 0, 0, 0, 0, 0, 0, 0, 0, 0, 0, 0, 0, 0, 0, 1.16068, 1.69258, 1.69274, 1.69291, 1.69308, 1.11892, 0.864628, 0.864789, 0.864951, 0, 0, 0, 0, 0.758835, 0.759014, 0, 0, 0, 0, 0, 0, 0, 0, 0, 0, 0, 0, 0, 0, 0, 0, 0, 0, 0, 0, 0, 0, 0, 0, 0, 0, 0, 0, 0, 0.844601, 0.844805, 0.844932, 0.845102, 0.757084, 0.753324, 0.753473, 0, 0, 0, 0, 0.739127, 0.739297, 0.739467, 0.739637, 0.719845, 0.855812, 0.855982, 0.856152, 0.856314, 0.784345, 0, 0, 0, 0, 0, 0, 0, 0, 0, 0, 0.804594, 0.804696, 1.07236, 1.07246, 1.07263, 0, 0.732727, 0.732854, 0.733024, 0.733194, 0, 0, 0, 0, 0, 0, 0, 0, 0, 0, 0, 1.42647, 1.42668, 1.42685, 1.42702, 1.07353, 0, 0,
0, 0, 0, 0, 0, 0, 0, 0, 0, 0, 0, 0, 0, 0, 0, 0, 0, 0, 0, 0, 0, 0, 0, 0, 0, 0, 0, 0, 0, 0, 0, 0, 0, 0, 0, 0, 0, 0, 0, 0, 0, 0, 0, 0, 0, 0.755169, 0.754966, 0.754718, 0.754508, 0.700515, 0, 0, 0, 0, 0, 0, 0, 0, 0, 0, 0, 0, 0, 0, 0, 0, 0, 0, 0, 0, 0, 0, 0, 0, 0, 0, 0, 0, 0, 0, 0, 0, 0, 0, 0, 0.878619, 0.873913, 0.873661, 0.87345, 0, 0, 0, 0, 0, 0, 0, 0, 0, 0, 0, 0, 0, 0, 0, 0, 0, 0, 0, 0, 0, 0, 1.01717, 1.01692, 0.700718, 0.700508, 0, 0, 0, 0, 0, 0, 0, 0, 0, 0, 0, 0, 0, 0, 0, 0, 0, 0, 0, 0, 0, 0, 0.86193, 0.861753, 0.861509, 0.861307, 0.794892, 0, 0, 0, 0, 0, 0, 0, 0.765485, 0.765237, 0.765001, 0.931352, 0.931108, 0, 0, 0, 0, 0.711316, 0.711068, 0, 0, 0, 0, 0, 0, 0, 0, 0, 0, 0, 0, 0, 0, 0.877471, 0.877273, 0.852657, 0.852447, 0, 0, 0, 0, 0, 0, 0, 0, 0, 0, 0, 0, 0, 0, 0, 0, 0, 0, 0, 0, 0, 0, 0, 0, 0, 0, 0, 0, 0, 0, 0, 0, 0, 0, 0, 0, 0, 0, 0, 0, 0, 0, 0, 0, 0, 0, 0, 0, 0, 0, 0, 0, 0, 0, 0, 0, 0, 0, 0, 0, 0, 0, 0, 0, 0, 0, 0, 0, 0, 0, 0, 0, 0, 0, 0, 0, 0, 0, 0, 0, 0, 0, 0.832558, 0.832265, 0.832017, 0.734903, 0.734606, 0, 0, 0.715847, 0, 0, 0, 0, 0, 0, 0, 0, 0, 0, 0, 0.78081, 0, 0, 0, 0, 0, 0, 0, 0, 0, 0, 0, 0, 0, 0, 0, 0, 0, 0, 0, 0, 0, 0, 0, 0, 0, 0, 0, 0, 0, 0, 0, 0, 0, 0, 0, 0, 0, 0, 0, 0, 1.15568, 0, 0, 0, 0, 0, 0, 0, 0, 0, 0, 0, 0, 0, 0, 0, 0, 0, 0, 0, 0, 0, 0, 0, 0, 0, 0, 0, 0, 0, 0, 0, 0, 0, 0, 0, 0.810283, 0.81008, 0.756071, 0.755827, 0.755625, 0, 0, 0, 0, 0, 0, 0, 0, 0, 0, 0, 0, 0, 0, 0, 0, 0, 0, 0, 0, 0, 0, 0, 0, 0, 0, 0, 0, 0, 0, 0, 0, 0, 0, 0, 0, 0, 0, 0, 0, 0, 0, 0, 0, 0, 0, 0, 0, 0, 0, 0, 0, 0, 0, 0, 0, 0, 0, 0, 0, 0, 0, 0, 0, 0, 0, 0, 0, 0, 0.744993, 0.744844, 0.805492, 0.805264, 0.805017, 0, 0, 0, 0, 0, 0, 0, 0, 0, 0, 0, 0, 0, 0, 0, 0, 0, 0, 0, 0, 0, 0, 0,
0, 0, 0, 0, 0, 0, 0, 0, 0, 0, 0, 0, 0, 0, 0, 0, 0, 0, 0, 0, 0, 0, 0, 0, 0, 0, 0, 0, 0, 0, 0, 0, 0, 0, 0, 0, 0, 0, 0, 0, 0, 0, 0, 0, 0, 0, 0, 0, 0, 0, 0, 0, 0, 0, 0, 0, 0, 0, 0, 0, 0, 0, 0, 0, 0, 0, 0, 0, 0, 0, 0, 0, 0, 0, 0, 0, 0, 0, 0, 0, 0, 0, 0, 0, 0, 0, 0, 0, 0, 0, 0, 0, 0, 0, 0, 0, 0, 0, 0, 0, 0, 0, 0, 0, 0, 0, 0, 0, 0, 0, 0, 0, 0, 0, 0, 0, 0, 0, 0, 0, 0, 0, 0, 0, 0, 0, 0, 0, 0, 0, 0, 0, 0, 0, 0, 0, 0, 0, 0, 0, 0, 0, 0, 0, 0, 0, 0, 0, 0, 0, 0, 0, 0, 0, 0, 0, 0, 0, 0, 0, 0, 0, 0, 0, 0, 0, 0, 0, 0, 0, 0, 0, 0, 0, 0, 0, 0, 0, 0, 0, 0, 0, 0, 0, 0, 0, 0, 0, 0, 0, 0, 0, 0, 0, 0, 0, 0, 0, 0, 0, 0, 0, 0, 0, 0, 0, 0, 0, 0, 0, 0, 0, 0, 0, 0, 0, 0, 0, 0, 0, 0, 0, 0, 0, 0, 0, 0, 0, 0, 0, 0, 0, 0, 0, 0, 0, 0, 0, 0, 0, 0, 0, 0, 0, 0, 0, 0, 0, 0, 0, 0, 0, 0, 0, 0, 0, 0, 0, 0, 0, 0, 0, 0, 0, 0, 0, 0, 0, 0, 0, 0, 0, 0, 0, 0, 0, 0, 0, 0, 0, 0, 0, 0, 0, 0, 0, 0, 0, 0, 0, 0, 0, 0, 0, 0, 0, 0, 0, 0, 0, 0, 0, 0, 0, 0, 0, 0, 0, 0, 0, 0, 0, 0, 0, 0, 0, 0, 0, 0, 0, 0.771438, 0.771801, 0.772161, 0.772531, 0.772891, 0, 0, 0, 0, 0, 0, 0, 0, 0, 0, 0, 0, 0, 0, 0, 0, 0, 0, 0, 0, 0, 0, 0, 0, 0, 0, 0, 0, 0, 0, 0, 0, 0, 0, 0, 0, 0, 0, 0, 0, 0, 0, 0, 0, 0, 0, 0, 0, 0, 0, 0, 0, 0, 0, 0, 0, 0, 0, 0, 0, 0, 0, 0, 0, 0, 0, 0, 0, 0, 0, 0, 0, 0, 0, 0, 0, 0, 0, 0, 0, 0, 0, 0, 0, 0, 0, 0, 0, 0, 0, 0, 0, 0, 0, 0, 0, 0, 0, 0, 0, 0, 0, 0, 0, 0, 0, 0, 0, 0, 0, 0, 0, 0, 0, 0, 0, 0, 0, 0, 0, 0, 0, 0, 0, 0, 0, 0, 0, 0, 0, 0, 0, 0,
0, 0, 0, 0, 0, 0, 0, 0, 0, 0, 0, 0, 0, 0, 0, 0, 0, 0, 0, 0, 0, 0, 0, 0, 0, 0, 0, 0, 0, 0, 0, 0, 0, 0, 0, 0, 0, 0, 0, 0, 0, 0, 0, 0, 0, 0, 0, 0, 0, 0, 0, 0, 0, 0, 0, 0, 0, 0, 0, 0, 0, 0, 0, 0, 0, 0, 0, 0, 0, 0, 0, 0, 0, 0, 0, 0, 0, 0, 0, 0, 0, 0, 0, 0, 0, 0, 0, 0, 0, 0, 0, 0, 0, 0, 0, 0, 0, 0, 0, 0, 0, 0, 0, 0, 0, 0, 0, 0, 0, 0, 0, 0, 0, 0, 0, 0, 0, 0, 0, 0, 0, 0, 0, 0, 0, 0, 0, 0, 0, 0, 0, 0, 0, 0, 0, 0, 0, 0, 0, 0, 0, 0, 0, 0, 0, 0, 0, 0, 0, 0, 0, 0, 0, 0, 0, 0, 0, 0, 0, 0, 0, 0, 0, 0, 0, 0, 0, 0, 0, 0, 0, 0, 0, 0, 0, 0, 0, 0, 0, 0, 0, 0, 0, 0, 0, 0, 0, 0, 0, 0, 0, 0, 0, 0, 0, 0, 0, 0, 0, 0, 0, 0, 0, 0, 0, 0, 0, 0, 0, 0, 0, 0, 0, 0, 0, 0, 0, 0, 0, 0, 0, 0, 0, 0, 0, 0, 0, 0, 0, 0, 0, 0, 0, 0, 0, 0, 0, 0, 0, 0, 0, 0, 0, 0, 0, 0, 0, 0, 0, 0, 0, 0, 0, 0, 0, 0, 0, 0, 0, 0, 0, 0, 0, 0, 0, 0, 0, 0, 0, 0, 0, 0, 0, 0, 0, 0, 0, 0, 0, 0, 0, 0, 0, 0, 0, 0, 0, 0, 0, 0, 0, 0, 0, 0, 0, 0, 0, 0, 0, 0, 0, 0, 0, 0, 0, 0, 0, 0, 0, 0, 0, 0, 0, 0, 0, 0, 0, 0, 0, 0, 0.807922, 0.808406, 0.808886, 0.809379, 0.809859, 0, 0, 0, 0, 0, 0, 0, 0, 0, 0, 0, 0, 0, 0, 0, 0, 0, 0, 0, 0, 0, 0, 0, 0, 0, 0, 0, 0, 0, 0, 0, 0, 0, 0, 0, 0, 0, 0, 0, 0, 0, 0, 0, 0, 0, 0, 0, 0, 0, 0, 0, 0, 0, 0, 0, 0, 0, 0, 0, 0, 0, 0, 0, 0, 0, 0, 0, 0, 0, 0, 0, 0, 0, 0, 0, 0, 0, 0, 0, 0, 0, 0, 0, 0, 0, 0, 0, 0, 0, 0, 0, 0, 0, 0, 0, 0, 0, 0, 0, 0, 0, 0, 0, 0, 0, 0, 0, 0, 0, 0, 0, 0, 0, 0, 0, 0, 0, 0, 0, 0, 0, 0, 0, 0, 0, 0, 0, 0, 0, 0, 0, 0, 0,
0, 0, 0, 0, 0, 0, 0, 0, 0, 0, 0, 0, 0, 0, 0, 0, 0, 0, 0, 0, 0, 0, 0, 0, 0, 0, 0, 0, 0, 0, 0, 0, 0, 0.713319, 0.713555, 0, 0, 0, 0, 0, 0, 0, 0, 0, 0, 0, 0, 0, 0, 0, 0, 0, 0, 0, 0, 0, 0, 0, 0, 0, 0, 0, 0, 0, 0, 0, 0, 0, 0, 0, 0, 0, 0, 0, 0, 0, 0, 0, 0, 0, 0, 0, 0, 0, 0, 0, 0, 0, 0, 0, 0, 0, 0, 0, 0, 0, 0, 0, 0, 0, 0, 0, 0, 0, 0, 0, 0, 0, 0, 0, 0, 0, 0, 0, 0, 0, 0, 0, 0, 0, 0, 0, 0, 0, 0, 0, 0, 0, 0, 0, 0, 0, 0, 0, 0, 0, 0, 0, 0, 0, 0, 0, 0, 0, 0, 0, 0, 0, 0, 0, 0, 0, 0, 0, 0, 0, 0, 0, 0, 0, 0, 0, 0, 0, 0, 0, 0, 0, 0, 0, 0, 0, 0, 0, 0, 0, 0, 0, 0, 0, 0, 0, 0, 0, 0, 0, 0, 0, 0, 0, 0, 0, 0, 0, 0, 0, 0, 0, 0, 0.738298, 0.738868, 0.739588, 0, 0, 0, 0, 0, 0, 0, 0, 0, 0, 0, 0, 0, 0, 0, 0, 0, 0, 0, 0.718089, 0.718569, 0, 0, 0, 0, 0, 0, 0, 0, 0, 0, 0, 0, 0, 0, 0, 0, 0, 0, 0, 0, 0, 0, 0, 0, 0, 0, 0, 0, 0, 0, 0, 0, 0, 0, 0, 0, 0, 0, 0, 0, 0, 0, 0, 0, 0, 0, 0, 0, 0, 0, 0, 0, 0, 0, 0, 0, 0, 0, 0, 0, 0, 0, 0, 0, 0, 0, 0, 0, 0, 0, 0.773866, 0.774596, 0.775196, 0, 0, 0, 0, 0, 0, 0, 0, 0, 0, 0, 0, 0, 0, 0, 0, 0, 0, 0, 0, 0, 0, 0, 0, 0.972732, 0.845035, 0.845635, 1.8461, 1.8467, 1.2095, 1.2101, 1.2107, 0, 0, 0, 0, 0, 0, 0, 0, 0, 0, 0, 0, 0, 0, 0, 0, 0, 0, 0, 0, 0, 0, 0, 0, 0, 0.742764, 0.743484, 0, 0, 0, 0, 0, 0, 0, 0, 0, 0, 0, 0, 0, 0, 0, 0, 0.759824, 0.760369, 0, 0, 0.710502, 0, 0, 0, 0, 0, 0, 0, 0, 0, 0, 0, 0, 0, 0, 0, 0.705422, 0.706022, 0.706622, 0.707222, 0, 0, 0, 0, 0, 0, 0, 0, 0, 0, 0.719508, 0, 0, 0, 0, 0, 0, 0, 0, 0, 0, 0, 0, 0, 0, 0, 0, 0, 0, 0, 0, 0, 0, 0, 0, 0, 0, 0.710507, 0.711112, 0, 0, 0, 0, 0, 0, 0, 0.745707, 0, 0, 0.787739, 0.788241, 0, 0.803924, 0.804589, 0, 0, 0, 0, 0, 0, 0, 0, 0,
0, 0, 0, 0, 0, 0, 0, 0, 0, 0, 0, 0, 0, 0, 0, 0, 0, 0, 0, 0, 0, 0, 0, 0, 0, 0, 0, 0, 0, 0, 0, 0, 0, 0, 0, 0, 0, 0, 0, 0, 0, 0, 0, 0, 0, 0, 0, 0, 0, 0, 0, 0, 0, 0, 0, 0, 0, 0, 0, 0, 0, 0, 0, 0, 0, 0, 0, 0, 0, 0, 0, 0, 0, 0, 0, 0, 0, 0, 0, 0, 0, 0, 0, 0, 0, 0, 0, 0, 0, 0, 0, 0, 0, 0, 0, 0, 0, 0, 0, 0, 0, 0, 0, 0, 0, 0, 0, 0, 0, 0, 0, 0, 0, 0, 0, 0, 0, 0, 0, 0, 0, 0, 0, 0, 0, 0, 0, 0, 0, 0, 0, 0, 0, 0, 0, 0, 0, 0, 0, 0, 0, 0, 0, 0, 0, 0, 0, 0, 0, 0, 0, 0, 0, 0, 0, 0, 0, 0, 0, 0, 0, 0, 0, 0, 0, 0, 0, 0, 0, 0, 0, 0, 0, 0, 0, 0, 0, 0, 0, 0, 0, 0, 0, 0, 0, 0, 0, 0, 0, 0, 0, 0, 0, 0, 0, 0, 0, 0, 0, 0, 0, 0, 0, 0, 0, 0, 0, 0, 0, 0, 0, 0, 0, 0, 0, 0, 0, 0, 0, 0, 0, 0, 0, 0, 0, 0, 0, 0, 0, 0, 0, 0, 0, 0, 0, 0, 0, 0, 0, 0, 0, 0, 0, 0, 0, 0, 0, 0, 0, 0, 0, 0, 0, 0, 0, 0, 0, 0, 0, 0, 0, 0, 0, 0, 0, 0, 0, 0, 0, 0, 0, 0, 0, 0, 0, 0, 0, 0, 0, 0, 0, 0, 0, 0, 0, 0, 0, 0, 0, 0, 0, 0, 0, 0, 0, 0, 0, 0, 0, 0, 0, 0, 0, 0, 0, 0, 0, 0, 0, 0, 0, 0, 0, 0, 0, 0, 0, 0, 0, 0, 0, 0, 0, 0, 0, 0, 0, 0, 0, 0, 0, 0, 0, 0, 0, 0, 0, 0, 0, 0, 0, 0, 0, 0, 0, 0, 0, 0, 0, 0, 0, 0, 0, 0, 0, 0, 0, 0, 0, 0, 0, 0, 0, 0, 0, 0, 0, 0, 0, 0, 0, 0, 0, 0, 0, 0, 0, 0, 0, 0, 0, 0, 0, 0, 0, 0, 0, 0, 0, 0, 0, 0, 0, 0, 0, 0, 0, 0, 0, 0, 0, 0, 0, 0, 0, 0, 0, 0, 0, 0, 0, 0, 0, 0, 0, 0, 0, 0, 0, 0, 0, 0, 0, 0, 0, 0, 0, 0, 0, 0, 0, 0, 0, 0, 0, 0, 0, 0, 0, 0, 0, 0, 0, 0, 0, 0, 0, 0, 0, 0, 0, 0, 0, 0, 0, 0, 0, 0,
0, 0, 0, 0, 0, 0, 0, 0, 0, 0, 0, 0, 0, 0, 0, 0, 0, 0, 0, 0, 0, 0, 0, 0, 0, 0, 0, 0, 0, 0, 0, 0, 0, 0, 0, 0, 0, 0, 0, 0, 0, 0, 0, 0, 0, 0, 0, 0, 0, 0, 0, 0, 0, 0, 0, 0, 0, 0, 0, 0, 0, 0, 0, 0, 0, 0, 0, 0, 0, 0, 0, 0, 0, 0, 0, 0, 0, 0, 0, 0, 0, 0, 0, 0, 0, 0, 0, 0, 0, 0, 0, 0, 0, 0, 0, 0, 0, 0, 0, 0, 0, 0, 0, 0, 0, 0, 0, 0, 0, 0, 0, 0, 0, 0, 0, 0, 0, 0, 0, 0, 0, 0, 0, 0, 0, 0, 0, 0, 0, 0, 0, 0, 0, 0, 0, 0, 0, 0, 0, 0, 0, 0, 0, 0, 0, 0, 0, 0, 0, 0, 0, 0, 0, 0, 0, 0, 0, 0, 0, 0, 0, 0, 0, 0, 0, 0, 0, 0, 0, 0, 0, 0, 0, 0, 0, 0, 0, 0, 0, 0, 0, 0, 0, 0, 0, 0, 0, 0, 0, 0, 0, 0, 0, 0, 0, 0, 0, 0, 0, 0, 0, 0, 0, 0, 0, 0, 0, 0, 0, 0, 0, 0, 0, 0, 0, 0, 0, 0, 0, 0, 0, 0, 0, 0, 0, 0, 0, 0, 0, 0, 0, 0, 0, 0, 0, 0, 0, 0, 0, 0, 0, 0, 0, 0, 0, 0, 0, 0, 0, 0, 0, 0, 0, 0, 0, 0, 0, 0, 0, 0, 0, 0, 0, 0, 0, 0, 0, 0, 0, 0, 0, 0, 0, 0, 0, 0, 0, 0, 0, 0, 0, 0, 0, 0, 0, 0, 0, 0, 0, 0, 0, 0, 0, 0, 0, 0, 0, 0, 0, 0, 0, 0, 0, 0, 0, 0, 0, 0, 0, 0, 0, 0, 0, 0, 0, 0, 0, 0, 0, 0, 0.726094, 0.726942, 0.727782, 1.25837, 1.25921, 1.25976, 1.2606, 1.26144, 0, 0, 0, 0, 0, 0, 0, 0, 0, 0, 0, 0, 0, 0, 0, 0, 0, 0, 0, 0, 0, 0, 0, 0, 0, 0, 0, 0, 0, 0, 0, 0, 0, 0, 0, 0, 0, 0, 0, 0, 0, 0, 0, 0, 0, 0, 0, 0, 0, 0, 0, 0, 0, 0, 0, 0, 0, 0, 0, 0, 0, 0, 0, 0, 0, 0, 0, 0, 0, 0, 0, 0, 0, 0, 0, 0, 0, 0, 0, 0, 0, 0, 0, 0, 0, 0, 0, 0, 0, 0, 0, 0, 0, 0, 0, 0, 0, 0, 0, 0, 0, 0, 0, 0, 0, 0, 0, 0, 0, 0, 0, 0, 0, 0, 0, 0, 0, 0, 0, 0, 0, 0, 0, 0, 0, 0, 0, 0, 0, 0,
0, 0, 0, 0, 0, 0, 0, 0, 0, 0, 0, 0, 0, 0, 0, 0, 0, 0, 0, 0, 0, 0, 0, 0, 0, 0, 0, 0, 0, 0, 0, 0, 0, 0, 0, 0, 0, 0, 0, 0, 0, 0, 0, 0, 0, 0, 0, 0, 0, 0, 0, 0, 0, 0, 0, 0, 0, 0, 0, 0, 0, 0, 0, 0, 0, 0, 0, 0, 0, 0, 0, 0, 0, 0, 0, 0, 0, 0, 0, 0, 0, 0, 0, 0, 0, 0, 0, 0, 0, 0, 0, 0, 0, 0, 0, 0, 0, 0, 0, 0, 0, 0, 0, 0, 0, 0, 0, 0, 0, 0, 0, 0, 0, 0, 0, 0, 0, 0, 0, 0, 0, 0, 0, 0, 0, 0, 0, 0, 0, 0, 0, 0, 0, 0, 0, 0, 0, 0, 0, 0, 0, 0, 0, 0, 0, 0, 0, 0, 0, 0, 0, 0, 0, 0, 0, 0, 0, 0, 0, 0, 0, 0, 0, 0, 0, 0, 0, 0, 0, 0, 0, 0, 0, 0, 0, 0, 0, 0, 0, 0, 0, 0, 0, 0, 0, 0, 0, 0, 0, 0, 0, 0, 0, 0, 0, 0, 0, 0, 0, 0.747223, 0.748199, 0.749351, 0, 0, 0, 0, 0, 0, 0, 0, 0, 0, 0, 0, 0, 0, 0, 0, 0, 0, 0, 0.702649, 0.703417, 0, 0, 0, 0, 0, 0, 0, 0, 0, 0, 0, 0, 0, 0, 0, 0, 0, 0, 0.714383, 0.715535, 0, 0.73158, 0.73254, 0, 0, 0, 0, 0, 0, 0, 0, 0, 0, 0, 0, 0, 0, 0, 0, 0, 0, 0, 0, 0, 0, 0, 0, 0, 0, 0, 0, 0, 0, 0, 0, 0, 0.759575, 0, 0, 0, 0.793472, 0, 0, 0, 0, 0, 0, 0, 0, 0, 0.833839, 0.835007, 0.835967, 0.836678, 0.837638, 0, 0, 0, 0, 0, 0, 0, 0, 0, 0, 0, 0, 0, 0, 0, 0, 0, 0, 0, 0, 0, 0, 0.931041, 0.763589, 0.764549, 1.59048, 1.59144, 1.70817, 1.70913, 1.71009, 0.878713, 0.879673, 0, 0, 0, 0, 0, 0.708043, 0, 0, 0, 0, 0, 0, 0, 0, 0, 0, 0, 0, 0, 0, 0.708032, 0.7088, 0, 0.805892, 0.807044, 0, 0, 0.851208, 0.781359, 0.782367, 0.783103, 0.784217, 0.873398, 0.76918, 0.746868, 0.861412, 0.862372, 0, 0.830415, 0.831359, 0, 0.847571, 0.848355, 0.766535, 0.767495, 0.768231, 0.746609, 0.747569, 0.705137, 0.710544, 0.711712, 0, 0, 0, 0, 0.797396, 0.842315, 0.84345, 0.844602, 0.845514, 0.785804, 0.829827, 0.830787, 0.831747, 0.832707, 0.791558, 0, 0, 0, 0, 0, 0.710154, 0.711114, 0, 0, 0.79726, 0.802007, 0.802967, 0.803783, 0.805432, 0, 0, 0, 0, 0, 0, 0, 0, 0, 0, 0, 0.747547, 0.748651, 0.806555, 0.807515, 0.809181, 0, 0, 0, 0, 0, 0, 0.766101, 0.766885, 0.767851, 0, 0.725249, 0.709873, 0.710833, 0.711793, 0.768527, 0.90625, 0.756401, 0.757361, 0.939047, 0.93985, 0, 0.918131, 0.919107, 0.845318, 0.85186, 0.85282, 0, 0, 0, 0, 0, 0.802021,
0, 0, 0, 0, 0, 0, 0, 0, 0, 0, 0, 0, 0, 0, 0, 0, 0, 0, 0, 0, 0, 0, 0, 0, 0, 0, 0, 0, 0, 0, 0, 0, 0, 0, 0, 0, 0, 0, 0, 0, 0, 0, 0, 0, 0, 0, 0, 0, 0, 0, 0, 0, 0, 0, 0, 0, 0, 0, 0, 0, 0, 0, 0, 0, 0, 0, 0, 0, 0, 0, 0, 0, 0, 0, 0, 0, 0, 0, 0, 0, 0, 0, 0, 0, 0, 0, 0, 0, 0, 0, 0, 0, 0, 0, 0, 0, 0, 0, 0, 0, 0, 0, 0, 0, 0, 0, 0, 0, 0, 0, 0, 0, 0, 0, 0, 0, 0, 0, 0, 0, 0, 0, 0, 0, 0, 0, 0, 0, 0, 0, 0, 0, 0, 0, 0, 0, 0, 0, 0, 0, 0, 0, 0, 0, 0, 0, 0, 0, 0, 0, 0, 0, 0, 0, 0, 0, 0, 0, 0, 0, 0, 0, 0, 0, 0, 0, 0, 0, 0, 0, 0, 0, 0, 0.750508, 0.751205, 0.752036, 0, 0, 0, 0, 0, 0, 0, 0, 0, 0, 0, 0, 0, 0, 0, 0, 0, 0, 0, 0, 0, 0.779546, 0.781013, 0.843486, 0.844978, 0.846151, 0, 0, 0, 0, 0, 0, 0, 0, 0, 0, 0, 0, 0, 0, 0, 0, 0, 0, 0, 0.808878, 0.810161, 0, 0, 0, 0, 0, 0, 0, 0, 0, 0, 0.718998, 0, 0, 0, 0, 0.717552, 0.719313, 0.721073, 0.830506, 0.831679, 0, 0.849469, 0.850936, 0, 0, 0.774708, 0, 0, 0, 0, 0, 0, 0, 0, 0, 0, 0, 0, 0, 0.715017, 0, 0, 0, 0, 0.761431, 0.762911, 0.764084, 0.765527, 0.790668, 0, 0, 0, 0.700283, 0, 0, 0, 0.893875, 0.823776, 0.825243, 0.82671, 0.929511, 0.738658, 0.739905, 0.741103, 0.742264, 0, 0, 0, 0.7011, 0.70286, 0.97618, 0.977378, 0.978845, 0.979928, 0.981395, 0.810947, 0.812438, 0.814199, 0, 0, 0, 0, 0, 0, 0, 0, 0.823624, 0.824406, 0.825127, 0.708575, 0.709785, 0, 0, 0.724979, 0.709931, 0.711398, 0.712571, 1.086, 0.918939, 0.920406, 1.74632, 1.74779, 1.86502, 1.86649, 1.86796, 1.0379, 1.03937, 0, 0.782955, 0.784422, 0, 0, 0.868687, 0.733976, 0.815242, 0.816709, 0.818176, 0, 0, 0, 0, 0, 0, 0, 0.782725, 0, 0, 0.8762, 0.877484, 0.77326, 0.975488, 0.976551, 0.842188, 0.843361, 1.02188, 0.952976, 0.954736, 0.955983, 0.957474, 1.04727, 0.943004, 0.920951, 1.03611, 1.03757, 0.740379, 1.00678, 1.00822, 0.780771, 1.02552, 1.02635, 0.945771, 0.947238, 0.948485, 0.92709, 0.928557, 0.885319, 0.893086, 0.894284, 0, 0.792946, 0.794413, 0.715288, 0.981984, 1.02754, 1.0293, 1.03084, 1.03201, 0.974019, 1.01842, 1.01989, 1.02136, 1.02282, 0.98212, 0.745108, 0.746575, 0.841207, 0.842674, 0.782589, 0.904059, 0.905526, 0.807799, 0.808667, 0.991294, 0.996654, 0.998121, 0.999808, 1.00105, 0.789029, 0.712589, 0.714056, 0.715523, 0.762945, 0.762193, 0.76366, 0.765127, 0.862202, 0.71267, 0.707936, 0.95013, 0.951377, 1.01137, 1.01284, 1.01404, 0.893242, 0.894709, 0.772408, 0.778225, 0.761462, 0.762245, 0.97422, 0.975051, 0.976518, 0.893537, 0.934419, 0.921232, 0.922699, 0.924166, 0.981049, 1.11983, 0.970185, 0.971652, 1.15263, 1.15409, 0.888591, 1.13334, 1.13425, 1.06133, 1.06794, 1.06941, 0.891171, 0.892637, 0.894104, 0.735035, 0.848342, 1.02365,
0, 0, 0, 0, 0, 0, 0, 0, 0, 0, 0, 0, 0, 0, 0, 0, 0, 0, 0, 0, 0, 0, 0, 0, 0, 0, 0, 0, 0, 0, 0, 0, 0, 0, 0, 0, 0, 0, 0, 0, 0, 0, 0, 0, 0, 0, 0, 0, 0, 0, 0, 0, 0, 0, 0, 0, 0, 0, 0, 0, 0, 0, 0, 0, 0, 0, 0, 0, 0, 0, 0, 0, 0, 0, 0, 0, 0, 0, 0, 0, 0, 0, 0, 0, 0, 0, 0, 0, 0, 0, 0, 0, 0, 0, 0, 0, 0, 0, 0, 0, 0, 0, 0, 0, 0, 0, 0, 0, 0, 0, 0, 0, 0, 0, 0, 0, 0, 0, 0, 0, 0, 0, 0, 0, 0, 0, 0, 0, 0, 0, 0, 0, 0, 0, 0, 0, 0, 0, 0, 0, 0, 0, 0, 0, 0, 0, 0, 0, 0, 0, 0, 0, 0, 0, 0, 0, 0, 0, 0, 0, 0, 0, 0, 0, 0, 0, 0, 0, 0, 0, 0, 0, 0, 0, 0, 0, 0, 0, 0, 0, 0, 0, 0, 0, 0, 0, 0, 0, 0, 0, 0, 0, 0, 0, 0, 0, 0, 0, 0, 0, 0, 0, 0, 0, 0, 0, 0, 0, 0, 0, 0, 0, 0, 0, 0, 0, 0, 0, 0, 0, 0, 0, 0, 0, 0, 0, 0, 0, 0, 0, 0, 0, 0, 0, 0, 0, 0, 0, 0, 0, 0, 0, 0, 0, 0, 0, 0, 0, 0, 0, 0, 0, 0, 0, 0, 0, 0, 0, 0, 0, 0, 0, 0, 0, 0, 0, 0, 0, 0, 0, 0, 0, 0, 0, 0, 0, 0, 0, 0, 0, 0, 0, 0, 0, 0, 0, 0, 0, 0, 0, 0, 0, 0, 0, 0, 0, 0, 0, 0, 0, 0, 0, 0, 0, 0, 0, 0, 0, 0, 0, 0, 0, 0, 0, 0, 0, 0, 0, 0, 0, 0, 0, 0, 0, 0, 0.782572, 0.783772, 0.784972, 0.787037, 0.788237, 0, 0, 0, 0, 0, 0, 0, 0, 0, 0, 0, 0, 0, 0, 0, 0, 0, 0, 0, 0, 0, 0, 0, 0, 0, 0, 0, 0, 0, 0, 0, 0, 0.760748, 0.761948, 0.763388, 0.764588, 0.765787, 0, 0, 0, 0, 0, 0, 0, 0, 0, 0.711818, 0.713018, 0.714938, 0.716181, 0.717378, 0, 0, 0, 0, 0, 0, 0, 0, 0, 0, 0.713898, 0.715098, 0.716298, 0.717498, 0.719194, 0, 0, 0, 0, 0, 0, 0, 0, 0, 0, 0, 0, 0, 0, 0, 0, 0, 0, 0, 0, 0, 0, 0, 0, 0, 0.777291, 0.778731, 0.780224, 0.781424, 0.782993, 0, 0, 0, 0, 0, 0, 0, 0, 0, 0, 0, 0.780232, 0.781432, 0.782632, 0.783652, 0.785281, 0.772307, 0.773507, 0.774707, 0.775711, 0, 0.754206, 0.755496, 0.756991, 0.757931, 0.759131, 0, 0, 0, 0, 0, 0,
0, 0, 0, 0, 0, 0, 0, 0, 0, 0, 0, 0, 0, 0, 0, 0, 0, 0, 0, 0, 0, 0, 0, 0, 0, 0, 0, 0, 0, 0, 0, 0, 0, 0, 0, 0, 0, 0, 0, 0, 0, 0, 0, 0, 0, 0, 0, 0, 0, 0, 0, 0, 0, 0, 0, 0, 0, 0, 0, 0, 0, 0, 0, 0, 0, 0, 0, 0, 0, 0, 0, 0, 0, 0, 0, 0, 0, 0, 0, 0, 0, 0, 0, 0, 0, 0, 0, 0, 0, 0, 0, 0, 0, 0, 0, 0, 0, 0, 0, 0, 0, 0, 0, 0, 0, 0, 0, 0, 0, 0, 0, 0, 0, 0, 0, 0, 0, 0, 0, 0, 0, 0, 0, 0, 0, 0, 0, 0, 0, 0, 0, 0, 0, 0, 0, 0, 0, 0, 0, 0, 0, 0, 0, 0, 0, 0, 0, 0, 0, 0, 0, 0, 0, 0, 0, 0, 0, 0, 0, 0, 0, 0, 0, 0, 0, 0, 0, 0, 0, 0, 0, 0, 0, 0, 0, 0, 0, 0, 0, 0, 0, 0, 0, 0, 0, 0, 0, 0, 0, 0, 0, 0, 0, 0, 0, 0, 0, 0, 0, 0, 0, 0, 0, 0, 0, 0, 0, 0, 0, 0, 0, 0, 0, 0, 0, 0, 0, 0, 0, 0, 0, 0, 0, 0, 0, 0, 0, 0, 0, 0, 0, 0, 0, 0, 0, 0, 0, 0, 0, 0, 0, 0.711214, 0.71272, 0.71404, 0.730576, 0.708446, 0, 0, 0.747371, 0, 0, 0, 0, 0, 0, 0, 0, 0, 0, 0, 0, 0, 0, 0, 0, 0, 0, 0.792061, 0.793114, 0.795457, 0.796755, 0.752938, 0, 0, 0, 0, 0.701157, 0.702543, 0.703863, 0.717642, 0, 0, 0, 0.753038, 0, 0, 0, 0, 0, 0, 0, 0, 0, 0.799817, 0.801335, 0.802655, 0.80385, 0.848402, 0.849494, 0.85124, 0.852549, 0, 0.785094, 0.772907, 0.773435, 0.775475, 0.757258, 0.72758, 0.728625, 0.969283, 0.969751, 0.970368, 1.00203, 1.00406, 0.869803, 0.931941, 1.01906, 0.746722, 0.74759, 0.748921, 0.828665, 0, 0, 0.838054, 0.839374, 0.956464, 0.957785, 0.959105, 1.42112, 1.42244, 1.01227, 1.1496, 1.15092, 0, 0, 0, 0, 0, 0, 0, 0, 0, 0, 0, 0, 0, 0, 0.825174, 0, 0, 0.893112, 0.894168, 0.78981, 0.930529, 0.932113, 0.764968, 0.766539, 0.887598, 0.888918, 0.890238, 0.870748, 0.872279, 0.96183, 0.963172, 0.964767, 0.963319, 0.964639, 0, 0.81667, 0.818056, 0, 0.834501, 0.8357, 0.854631, 0.855951, 0.856963, 0.898857, 0.900177, 0.78447, 0.97939, 0.980908, 0, 0.879535, 0.880855, 0, 0.822304, 0.908015, 0.836125, 0.837709, 0.839051, 0.786195, 0.83062, 0.83194, 0.83326, 0.83458, 0.856584, 0, 0, 0.79544, 0.797127, 0.760108, 0.830647, 0.846528, 0.746878, 0.747527, 0.871963, 0.873451, 0.810111, 0.811233, 1.18581, 1.06971, 0.992288, 0.993608, 0.994928, 0.888636, 0.89266, 0.89398, 0.8953, 0.992545, 0.734801, 0, 0.985295, 0.98689, 0.964315, 0.965635, 0.967838, 0.845912, 0.847232, 0.71255, 0.804479, 0.768072, 0.76904, 0.838687, 0.839765, 0.841093, 0.749283, 0.822109, 0.963598, 0.964918, 0.966238, 0.967935, 1.09151, 0.932458, 0.933778, 0.955165, 0.95627, 0.700817, 0.931521, 0.932984, 0.935561, 0.937056, 0.990805, 0.908814, 0.910134, 0.911196, 0.752146, 0, 0.843203,
0, 0, 0, 0, 0, 0, 0, 0, 0, 0, 0, 0, 0, 0, 0, 0, 0, 0, 0, 0, 0, 0, 0, 0, 0, 0, 0, 0, 0, 0, 0, 0, 0, 0, 0, 0, 0, 0, 0, 0, 0, 0, 0, 0, 0, 0, 0, 0, 0, 0, 0, 0, 0, 0, 0, 0, 0, 0, 0, 0, 0, 0, 0, 0, 0, 0, 0, 0, 0, 0, 0, 0, 0, 0, 0, 0, 0, 0, 0, 0, 0, 0, 0, 0, 0, 0, 0, 0, 0, 0, 0, 0, 0, 0, 0, 0, 0, 0, 0, 0, 0, 0, 0, 0, 0, 0, 0, 0, 0, 0, 0, 0, 0, 0, 0, 0, 0, 0, 0, 0, 0, 0, 0, 0, 0, 0, 0, 0, 0, 0, 0, 0, 0, 0, 0, 0, 0, 0, 0, 0.701995, 0.722036, 0.723983, 0.726274, 0.701798, 0, 0, 0, 0, 0, 0, 0, 0, 0, 0, 0, 0, 0, 0, 0.767855, 0, 0.730197, 0.73245, 0.74086, 0, 0, 0, 0, 0, 0, 0, 0, 0.792557, 0.725494, 0.746169, 0.747544, 0.749854, 0, 0, 0, 0, 0, 0, 0.75707, 0.758903, 0.76085, 0.723213, 0.725503, 0, 0, 0, 0, 0.7274, 0.729691, 0.731982, 0.815136, 0.817427, 0, 0.748264, 0.750555, 0.8144, 0.816232, 0.818638, 0, 0.745446, 0.706527, 0.708818, 0.770384, 0.772675, 0.773878, 0.703388, 0.705393, 0, 0, 0, 0, 0.713157, 0.715906, 0.718655, 0.820614, 0.80776, 0.715393, 0.842733, 0.844966, 0, 0, 0.708717, 0, 0, 0, 0, 0, 0.755282, 0.757458, 0.908385, 0.909473, 0.911707, 0.876858, 0.879149, 0.816592, 0.819341, 0.84269, 0.934181, 0.936472, 0.938763, 0.956168, 0.93511, 0.780033, 0.781866, 0.975441, 0.734785, 0.737076, 0.739367, 0.768039, 0, 0, 0, 0, 0, 0.702733, 0.705024, 0.794317, 0.797028, 0.892632, 0.854391, 0.856682, 0.858973, 0.91335, 1.04044, 1.04275, 1.04458, 1.04684, 1.00375, 0.869682, 0.871973, 0.889318, 0.95427, 0.95656, 0.95931, 0.961601, 0.976364, 0.912077, 0.914368, 0.916659, 1.01582, 0.90606, 0.826714, 0.891331, 0.893145, 0.769641, 0.771952, 0.774242, 0.931618, 0.933451, 1.07221, 1.07416, 1.07645, 1.07967, 1.12518, 1.12701, 1.12884, 1.13115, 0.953171, 1.06563, 1.05513, 1.0565, 1.05814, 1.04224, 1.01278, 1.015, 1.25574, 1.25719, 1.25831, 1.29107, 1.29273, 1.16007, 1.22079, 1.31036, 1.03901, 1.0413, 1.04358, 1.12503, 0.995825, 0.998115, 1.13733, 1.13962, 1.25719, 1.25948, 1.26177, 1.72437, 1.72666, 1.31713, 1.45582, 1.45811, 0.862261, 0.863636, 0.991987, 0.871115, 0.986805, 0.989096, 0.991387, 0.854607, 0.856898, 0.746248, 0.9493, 0.951591, 0.953424, 0.955715, 1.14528, 0.947272, 0.948704, 1.21536, 1.2176, 1.11418, 1.25537, 1.25703, 1.09124, 1.09307, 1.21662, 1.21891, 1.2212, 1.20245, 1.2044, 1.2958, 1.29813, 1.29994, 1.29946, 1.30176, 1.02629, 1.15533, 1.15808, 0.944196, 1.17595, 1.17826, 1.1979, 1.20019, 1.20214, 1.24561, 1.2479, 1.13194, 1.32759, 1.32953, 1.04895, 1.2318, 1.23409, 1.03475, 1.17611, 1.26409, 1.19302, 1.19485, 1.19718, 1.14504, 1.19199, 1.19428, 1.19657, 1.19886, 1.22144, 1.05635, 1.05864, 1.1636, 1.16589, 1.13014, 1.20089, 1.21722, 1.11947, 1.12083, 1.24412, 1.24641, 1.18435, 1.18699, 1.56156, 1.44794, 1.37305, 1.37534, 1.37763, 1.27231, 1.27677, 1.27906, 1.28135, 1.3787, 1.12176, 1.07671, 1.37524, 1.37706, 1.35523, 1.35752, 1.35946, 1.2415, 1.24379, 1.10993, 1.20258, 1.16639, 1.16784, 1.23743, 1.23873, 1.24102, 1.15018, 1.22321, 1.36748, 1.36977, 1.37206, 1.37401, 1.49831, 1.34254, 1.34483, 1.36458, 1.36687, 1.11258, 1.34433, 1.34618, 1.34947, 1.35142, 1.40611, 1.32654, 1.32883, 1.33112, 1.1728, 1.08958, 1.26655,
0, 0, 0, 0, 0, 0, 0, 0, 0, 0, 0, 0, 0, 0, 0, 0, 0, 0, 0, 0, 0, 0, 0, 0, 0, 0, 0, 0, 0, 0, 0, 0, 0, 0, 0, 0, 0, 0, 0, 0, 0, 0, 0, 0, 0, 0, 0, 0, 0, 0, 0, 0, 0, 0, 0, 0, 0, 0, 0, 0, 0, 0, 0, 0, 0, 0, 0, 0, 0, 0, 0, 0, 0, 0, 0, 0, 0, 0, 0, 0, 0, 0, 0, 0, 0, 0, 0, 0, 0, 0, 0, 0, 0, 0, 0, 0, 0, 0, 0, 0, 0, 0, 0, 0, 0, 0, 0, 0, 0, 0, 0, 0, 0, 0, 0, 0, 0, 0, 0, 0, 0, 0, 0, 0, 0, 0, 0, 0, 0, 0, 0, 0, 0, 0, 0, 0, 0, 0, 0, 0, 0, 0, 0, 0, 0, 0, 0, 0, 0, 0, 0, 0, 0, 0, 0, 0, 0, 0, 0, 0, 0, 0, 0, 0, 0, 0, 0, 0, 0, 0, 0, 0, 0, 0, 0, 0, 0, 0, 0, 0, 0, 0, 0, 0, 0, 0, 0, 0, 0, 0, 0, 0, 0, 0, 0, 0, 0, 0, 0, 0, 0, 0, 0, 0, 0, 0, 0, 0, 0, 0, 0, 0, 0, 0, 0, 0, 0, 0, 0, 0, 0, 0, 0, 0, 0, 0, 0, 0, 0, 0, 0, 0, 0, 0, 0, 0, 0, 0, 0, 0, 0, 0, 0, 0, 0, 0, 0, 0, 0, 0, 0, 0, 0, 0, 0, 0, 0, 0, 0, 0, 0, 0, 0, 0, 0, 0, 0, 0, 0, 0, 0, 0, 0, 0, 0, 0, 0, 0, 0, 0, 0, 0, 0, 0, 0, 0, 0, 0, 0, 0, 0, 0, 0, 0, 0, 0, 0, 0, 0, 0, 0, 0, 0.743442, 0.744563, 0.745499, 0.747465, 0.748284, 0, 0, 0.806835, 0.80781, 0.80859, 0.917645, 0.918888, 0.919707, 0.921228, 0.922554, 0, 0, 0, 0, 0, 0, 0, 0, 0, 0, 0, 1.08462, 1.08618, 1.08767, 1.08926, 1.09082, 0, 0, 0, 0, 0, 0, 0, 0, 0, 0, 0, 0, 0, 0, 0.703457, 0.705017, 0.705992, 0.867607, 0.868855, 0.870025, 0.870649, 0.872521, 0.705543, 0.707478, 0.760005, 0.761565, 0.763125, 0.764452, 0.766261, 0.746124, 0.747684, 0.749556, 0.751116, 0.752676, 0.701073, 0.702659, 0.704141, 0, 0.70504, 0.706405, 0.707735, 0.709295, 0.710621, 0.732052, 0.733612, 0.736108, 0.781193, 0.783065, 0.784625, 0.786057, 0.787617, 0.768371, 0.769931, 0.771359, 0, 0.701527, 0.703061, 0, 0, 0, 0, 0, 0, 0, 0, 0, 0, 0, 0.726889, 0.743079, 0.744327, 0.745289, 0.793905, 0.795664, 0.797224, 0.799122, 1.06148, 1.06319, 1.06475, 1.06631, 1.06787, 0.961816, 0.962905, 0.964465, 0.966025, 0.967273, 0.782569, 0.784207, 0.849663, 0.851535, 0.853477, 0.855037, 0.857077, 0.770767, 0.772327, 0.741107, 0.74297, 0.79543, 0.796405, 0.797185, 0.79855, 0.800119, 0.772914, 0.781747, 0.783073, 0.784633, 0.786193, 0.788199, 0.91195, 0.91351, 0.91507, 0.91663, 0.917936, 0.788887, 0.8197, 0.821377, 0.823321, 0.824542, 0.849836, 0.851422, 0.852982, 0.854521, 0.856109, 0.772403, 0.784516,
0, 0, 0, 0, 0, 0, 0, 0, 0, 0, 0, 0, 0, 0, 0, 0, 0, 0, 0, 0, 0, 0, 0, 0, 0, 0, 0, 0, 0, 0, 0, 0, 0, 0, 0, 0, 0, 0, 0, 0, 0, 0, 0, 0, 0, 0, 0, 0, 0, 0, 0, 0, 0, 0, 0, 0, 0, 0, 0, 0, 0, 0, 0, 0, 0, 0, 0, 0, 0, 0, 0, 0, 0, 0, 0, 0, 0, 0, 0, 0, 0, 0, 0, 0, 0, 0, 0, 0, 0, 0, 0, 0, 0, 0, 0, 0, 0, 0, 0, 0, 0, 0, 0, 0, 0, 0, 0, 0, 0, 0, 0, 0, 0, 0, 0, 0, 0, 0, 0, 0, 0, 0, 0, 0, 0, 0, 0, 0, 0, 0, 0, 0, 0, 0, 0, 0, 0, 0, 0, 0, 0, 0, 0, 0, 0, 0, 0, 0, 0, 0, 0, 0, 0, 0, 0, 0, 0, 0, 0, 0, 0, 0, 0, 0, 0, 0, 0, 0, 0, 0, 0, 0, 0, 0, 0, 0, 0, 0, 0, 0, 0, 0, 0, 0, 0, 0, 0, 0, 0, 0, 0, 0, 0, 0, 0, 0, 0, 0, 0, 0, 0, 0, 0, 0, 0, 0, 0, 0, 0, 0, 0, 0, 0, 0, 0, 0, 0, 0, 0, 0, 0, 0, 0, 0, 0, 0, 0, 0, 0, 0, 0, 0, 0, 0, 0, 0, 0, 0, 0, 0, 0, 0, 0, 0, 0, 0, 0, 0, 0, 0, 0, 0, 0, 0, 0, 0, 0, 0, 0, 0, 0, 0, 0, 0, 0, 0, 0, 0, 0, 0, 0, 0, 0, 0, 0, 0, 0, 0, 0, 0, 0, 0, 0, 0, 0, 0, 0, 0, 0, 0, 0, 0, 0, 0, 0, 0, 0, 0, 0, 0, 0, 0, 0.778325, 0.77949, 0.780498, 0.782657, 0.783497, 0, 0, 0.842341, 0.843349, 0.844189, 0.953355, 0.954736, 0.955576, 0.957256, 0.958516, 0, 0, 0, 0, 0, 0, 0, 0, 0, 0, 0, 1.12215, 1.12383, 1.12543, 1.12714, 1.12882, 0, 0, 0, 0, 0, 0, 0, 0, 0, 0, 0, 0, 0, 0, 0.7432, 0.74488, 0.745888, 0.907428, 0.908772, 0.9102, 0.910872, 0.912888, 0.745752, 0.747836, 0.800737, 0.802417, 0.804097, 0.805469, 0.807306, 0.787427, 0.789107, 0.791123, 0.792803, 0.794483, 0.74278, 0.744544, 0.746308, 0.716334, 0.747276, 0.748788, 0.75022, 0.7519, 0.75316, 0.774867, 0.776547, 0.779235, 0.824416, 0.826432, 0.828112, 0.829486, 0.831166, 0.812194, 0.813874, 0.815412, 0.743676, 0.745692, 0.747288, 0.711309, 0.718048, 0.719728, 0.721408, 0.723088, 0.725462, 0.725805, 0.727485, 0.739721, 0.741401, 0.743061, 0.772761, 0.788904, 0.790248, 0.791382, 0.840006, 0.841901, 0.843581, 0.845681, 1.1083, 1.11014, 1.11182, 1.1135, 1.11518, 1.00924, 1.01042, 1.0121, 1.01378, 1.01512, 0.830557, 0.832152, 0.897866, 0.899882, 0.901805, 0.903485, 0.905626, 0.819656, 0.821336, 0.79015, 0.792156, 0.844712, 0.84572, 0.84656, 0.848072, 0.849762, 0.822515, 0.831664, 0.832924, 0.834604, 0.836284, 0.838443, 0.962453, 0.964133, 0.965813, 0.967493, 0.968898, 0.839814, 0.870756, 0.872604, 0.874529, 0.875789, 0.901144, 0.902908, 0.904588, 0.906246, 0.907956, 0.824566, 0.836898,
0, 0, 0, 0, 0, 0, 0, 0, 0, 0, 0, 0, 0, 0, 0, 0, 0, 0, 0, 0, 0, 0, 0, 0, 0, 0, 0, 0, 0, 0, 0, 0, 0, 0, 0, 0, 0, 0, 0, 0, 0, 0, 0, 0, 0, 0, 0, 0, 0, 0, 0, 0, 0, 0, 0, 0, 0, 0, 0, 0, 0, 0, 0, 0, 0, 0, 0, 0, 0, 0, 0, 0, 0, 0, 0, 0, 0, 0, 0, 0, 0, 0, 0, 0, 0, 0, 0.701596, 0.704896, 0.708404, 0, 0, 0, 0, 0, 0, 0, 0, 0, 0, 0, 0.789182, 0.792552, 1.03519, 1.03931, 1.04344, 0.98006, 0.984186, 0, 0.806422, 0.810549, 0.744278, 0.896193, 0.899494, 0.823935, 0.82727, 0.778389, 0, 0.877987, 0.881012, 0.927868, 0.931031, 0.98858, 1.04418, 1.04851, 1.05264, 1.05601, 1.03942, 0.889173, 0, 0, 0.841638, 0, 0, 0.823994, 0.82812, 0, 0, 0.90151, 0.987285, 1.04483, 1.04917, 1.05336, 1.05749, 1.00971, 0.982087, 0.893007, 0.89734, 1.03575, 1.03991, 0.899302, 0.903428, 0.908379, 0.901024, 0.905975, 0.814489, 1.00018, 1.0043, 1.00843, 1.01173, 0.994313, 0.888669, 0.893621, 0.968106, 0.95266, 0.956992, 0.825252, 0.829447, 0.832818, 0.999987, 1.00349, 1.00762, 1.01175, 0.995181, 0.928593, 1.07918, 1.08317, 1.0669, 1.07041, 1.07378, 0.834606, 1.18355, 1.05263, 1.13936, 1.14266, 1.22358, 1.07915, 1.08327, 0.902158, 0.906284, 0.741652, 0.818322, 1.23704, 1.24117, 1.2453, 1.32976, 1.33388, 0.936165, 1.15612, 1.16024, 1.19472, 1.19892, 1.20222, 0.991479, 1.12989, 1.04896, 1.05309, 1.29103, 1.29599, 1.23474, 1.2161, 1.21971, 0.901878, 0.906073, 0.910199, 1.01679, 1.14432, 1.14841, 1.15247, 1.23943, 1.24417, 1.10401, 1.23211, 1.23572, 0.998901, 1.0022, 1.1611, 1.04085, 1.0458, 1.04992, 1.18088, 1.0292, 1.37835, 1.38227, 1.39692, 1.39888, 1.4029, 1.39851, 1.40263, 1.39337, 1.39832, 1.45587, 1.51147, 1.5156, 1.51973, 1.52323, 1.50644, 1.12197, 1.12527, 1.35904, 1.20855, 1.21267, 1.2168, 1.43338, 1.24698, 1.25111, 1.25523, 1.25936, 1.01192, 1.13961, 1.14373, 1.39115, 1.39604, 1.45359, 1.45778, 1.46184, 1.43687, 1.54421, 1.61987, 1.62396, 1.62726, 1.63132, 1.62108, 1.51998, 1.5241, 1.4308, 1.48017, 1.48429, 1.48835, 1.49248, 1.51013, 1.3506, 1.34879, 1.35292, 1.52275, 1.41777, 1.34153, 1.40549, 1.40883, 1.20044, 1.20457, 1.2087, 1.27996, 1.28491, 1.42562, 1.42899, 1.43312, 1.54258, 1.58896, 1.59329, 1.59749, 1.60244, 1.58569, 1.70391, 1.70594, 1.7079, 1.71127, 1.5293, 1.53024, 1.53381, 1.7781, 1.7803, 1.78233, 1.91102, 1.91443, 1.72229, 1.73601, 1.78895, 1.51756, 1.52169, 1.52499, 1.51885, 1.39134, 1.39547, 1.53672, 1.54084, 1.61067, 1.6148, 1.61893, 2.08558, 2.0897, 1.89545, 2.1029, 2.10702, 1.51315, 1.51535, 1.64311, 1.44288, 1.52048, 1.52461, 1.52873, 1.44871, 1.45283, 1.34408, 1.42352, 1.42765, 1.43095, 1.43508, 1.57843, 1.55546, 1.55752, 1.80586, 1.80947, 1.72705, 1.76227, 1.76567, 1.59971, 1.8136, 2.01029, 2.01442, 2.01854, 2.00526, 2.00877, 1.96508, 1.96928, 1.97261, 2.02821, 2.03234, 1.82702, 1.95471, 1.95877, 1.57451, 1.70216, 1.70449, 1.79128, 1.79541, 1.87487, 1.90676, 1.91089, 1.90809, 1.99773, 2.0011, 1.71216, 2.02954, 2.03366, 1.81826, 1.94677, 1.98777, 1.91758, 1.92191, 1.92521, 1.87838, 2.10216, 2.10628, 2.11041, 2.11453, 2.14062, 1.79225, 1.79637, 2.06282, 2.06694, 2.04056, 2.1145, 2.12974, 1.82552, 1.82927, 1.88797, 1.89209, 1.83506, 1.83981, 2.2155, 2.11191, 2.10548, 2.10961, 2.11373, 2.01034, 2.22133, 2.22546, 2.22958, 2.32698, 2.06964, 1.98798, 2.21642, 2.21975, 1.95064, 1.95477, 2.13124, 2.04943, 2.05355, 1.92103, 2.01694, 2.15941, 2.16203, 2.19875, 2.20109, 2.20522, 1.88588, 1.9056, 1.9923, 1.99643, 2.00055, 2.19798, 2.32626, 2.33038, 2.33451, 2.33864, 2.05044, 1.87778, 2.00543, 2.00798, 2.32847, 2.33197, 2.35929, 2.36425, 2.36837, 2.14823, 1.96545, 1.88827, 2.12977,
0, 0, 0, 0, 0, 0, 0, 0, 0, 0, 0, 0, 0, 0, 0, 0, 0, 0, 0, 0, 0, 0, 0, 0, 0, 0, 0, 0, 0, 0, 0, 0, 0, 0, 0, 0, 0, 0, 0, 0, 0, 0, 0, 0, 0, 0, 0, 0, 0, 0, 0, 0, 0, 0, 0, 0, 0, 0, 0, 0, 0, 0, 0, 0, 0, 0, 0, 0, 0, 0, 0, 0, 0, 0, 0, 0, 0, 0, 0, 0, 0, 0, 0, 0, 0, 0, 0, 0, 0, 0, 0, 0, 0, 0, 0, 0, 0, 0, 0, 0, 0, 0, 0.866364, 0.764677, 0.766597, 0.719083, 0.721003, 0, 0, 0, 0, 0, 0, 0, 0, 0, 0, 0, 0, 0, 0, 0, 0, 0, 0, 0, 0, 0, 0, 0, 0, 0, 0, 0, 0, 0, 0, 0, 0.888661, 0.89031, 0.893762, 0.89549, 0, 0, 0.70699, 0, 0, 0, 0, 0, 0, 0, 0, 0, 0, 0, 0, 0, 0, 0, 0, 0, 0, 0, 0, 0, 0, 0, 0, 0, 0, 0, 0, 0, 0.754236, 0.755947, 0, 0, 0, 0, 0.72893, 0, 0.920516, 0.92282, 0.925848, 0.751525, 0.753445, 0, 0, 0, 0, 0.888588, 0.890508, 0.892428, 0.894792, 0.883723, 0, 0, 0, 0.783919, 0.785935, 0.788239, 0, 0, 0, 0, 0.78064, 0.782528, 0.771861, 0.831125, 0.832757, 0, 0, 0, 0, 0.735276, 0.737164, 0.738988, 0.769407, 0, 0, 0.729052, 0.730588, 0, 0, 0, 0, 0, 0, 0, 0, 0.839013, 0.840549, 0.844286, 0.845918, 0.877788, 0.871185, 0.873105, 0.875114, 0.876379, 0.859531, 0.912926, 0.91523, 0.831549, 0.850893, 0.852813, 0, 0, 0.701767, 0, 0, 0, 0.813464, 0.715373, 0.717293, 0.719213, 0.721133, 0, 0, 0, 0.822895, 0.824623, 0.840435, 1.00918, 1.01072, 0.700157, 0.865496, 0.868593, 0.810917, 0.866702, 0.868526, 0.824707, 0.826635, 0.828555, 0, 0.789591, 0.74414, 0.745676, 0.747596, 0.836096, 0.851283, 0.852669, 0.854589, 0.915856, 0.918224, 0.792692, 0.815967, 0.818303, 0, 0, 0, 0, 0, 0.737185, 0.739585, 0.741505, 0.84939, 0.85131, 0.830622, 0.833161, 0.835081, 0.816128, 0.819146, 0.777382, 0.77815, 0.868719, 0.774067, 0.868122, 0.869562, 0.89327, 0.893983, 0.894847, 0.82646, 0.869138, 0.762215, 0.763655, 0.883574, 0.807804, 0.809067, 0.811019, 0.898271, 0.718537, 0.720457, 0.849349, 0.851269, 0.918893, 0.920813, 0.922733, 0.921287, 0.923207, 0.799651, 0.84579, 0.84771, 0.813429, 0.814453, 0.902007, 0, 0.774793, 0.776713, 0.778633, 0, 0, 0, 0.71814, 0.72006, 0.722364, 0.724284, 0.811329, 0.75112, 0.75232, 0.922686, 0.924222, 0.811197, 0.897567, 0.899871, 0.779286, 1.00808, 1.39825, 1.40029, 1.4026, 1.4045, 1.17216, 1.17931, 1.18133, 1.18367, 1.23706, 1.23898, 1.05766, 1.14525, 1.14707, 0.760082, 0.886478, 0.888206, 0.872655, 0.874575, 1.00186, 1.07677, 1.07869, 1.08176, 1.08385, 1.00885, 0.773832, 1.03351, 1.03543, 1.01418, 1.1018, 1.10356, 1.06727, 1.06958, 1.07159, 0.999225, 1.21018, 1.2121, 1.21402, 1.21594, 1.21866, 0.961698, 0.963618, 1.13468, 1.15689, 1.15787, 1.16117, 1.16309, 0.864439, 0.852415, 0.952598, 1.07779, 1.07971, 1.08115, 1.08464, 1.05652, 0.940295, 0.942215, 0.944135, 1.05295, 1.30266, 1.30458, 1.3065, 1.41515, 1.41588, 1.10503, 1.15718, 1.15952, 0.95785, 0.95977, 1.06632, 1.05068, 1.0526, 1.02099, 1.07863, 1.21974, 1.22118, 1.25179, 1.25352, 1.25545, 0.933907, 0.952814, 1.1076, 1.10952, 1.11144, 1.37924, 1.38184, 1.17057, 1.17249, 1.23431, 1.07641, 0.901202, 1.0276, 1.02971, 1.24889, 1.25126, 1.25318, 1.23718, 1.2391, 1.01661, 0.878981, 0.896738, 1.07453,
0, 0, 0, 0, 0, 0, 0, 0, 0, 0, 0, 0, 0, 0, 0, 0, 0, 0, 0, 0, 0, 0, 0, 0, 0, 0, 0, 0, 0, 0, 0, 0, 0, 0, 0, 0, 0, 0, 0, 0, 0, 0, 0, 0, 0, 0, 0, 0, 0, 0, 0, 0, 0, 0, 0, 0, 0, 0, 0, 0, 0, 0, 0, 0, 0, 0, 0, 0, 0, 0, 0, 0, 0, 0, 0, 0, 0, 0, 0, 0, 0, 0, 0, 0, 0, 0, 0, 0, 0, 0, 0, 0, 0, 0, 0, 0, 0, 0, 0, 0, 0, 0, 0.877988, 0.776464, 0.778504, 0.731068, 0.733108, 0, 0, 0, 0, 0.704104, 0.706552, 0, 0, 0, 0, 0, 0, 0, 0, 0, 0.70941, 0.711653, 0, 0, 0, 0, 0, 0, 0, 0, 0, 0, 0, 0, 0, 0, 0.904294, 0.906046, 0.909713, 0.911549, 0, 0, 0.723355, 0, 0, 0, 0, 0, 0, 0, 0, 0, 0, 0, 0, 0, 0, 0, 0, 0, 0, 0, 0, 0, 0, 0, 0, 0, 0, 0, 0, 0, 0.774022, 0.77584, 0, 0, 0, 0, 0.749404, 0, 0.941249, 0.943697, 0.946915, 0.772648, 0.774688, 0, 0, 0, 0, 0.910401, 0.912441, 0.914481, 0.916993, 0.905998, 0, 0, 0, 0.806716, 0.808858, 0.811306, 0, 0, 0, 0, 0.804346, 0.806403, 0.79566, 0.85502, 0.856754, 0, 0, 0, 0, 0.759795, 0.761869, 0.763807, 0.794298, 0.718056, 0, 0.754249, 0.755881, 0, 0, 0, 0, 0, 0, 0, 0, 0.865392, 0.867024, 0.870863, 0.872597, 0.904599, 0.898116, 0.900156, 0.902291, 0.903635, 0.886924, 0.94044, 0.942888, 0.859283, 0.878749, 0.880789, 0, 0, 0.73015, 0.714237, 0.716277, 0.718317, 0.842297, 0.744324, 0.746364, 0.748404, 0.750444, 0, 0, 0, 0.852729, 0.854565, 0.870504, 1.03936, 1.04099, 0.730531, 0.896021, 0.899243, 0.84168, 0.897653, 0.899591, 0.85585, 0.857898, 0.859938, 0.706731, 0.821232, 0.775859, 0.777491, 0.779531, 0.86825, 0.883515, 0.884988, 0.887028, 0.948409, 0.950925, 0.825515, 0.848892, 0.851306, 0, 0, 0, 0, 0.70048, 0.770944, 0.773494, 0.775534, 0.883527, 0.885567, 0.864966, 0.867664, 0.869704, 0.850871, 0.854078, 0.812299, 0.813115, 0.903855, 0.809212, 0.903345, 0.904875, 0.928748, 0.929506, 0.930424, 0.862079, 0.904946, 0.79802, 0.79955, 0.919654, 0.84401, 0.845352, 0.847358, 0.934784, 0.755168, 0.757208, 0.886222, 0.888262, 0.956006, 0.958046, 0.960086, 0.95876, 0.9608, 0.837362, 0.883623, 0.885663, 0.851524, 0.852595, 0.940314, 0.738003, 0.813316, 0.815356, 0.817396, 0.733706, 0.735746, 0, 0.757333, 0.759373, 0.761821, 0.763861, 0.851046, 0.790913, 0.792188, 0.962625, 0.964257, 0.85132, 0.937764, 0.940212, 0.819669, 1.04856, 1.4389, 1.44108, 1.44352, 1.44555, 1.21335, 1.22057, 1.22272, 1.22513, 1.27864, 1.28069, 1.09948, 1.18728, 1.18922, 0.802246, 0.928733, 0.930569, 0.915108, 0.917148, 1.04453, 1.11954, 1.12158, 1.12485, 1.12706, 1.05218, 0.817267, 1.07707, 1.07911, 1.05795, 1.14572, 1.14759, 1.11143, 1.11388, 1.11602, 1.04374, 1.2548, 1.25684, 1.25888, 1.26092, 1.26381, 1.00691, 1.00895, 1.18016, 1.20252, 1.20356, 1.20707, 1.20911, 0.910548, 0.898564, 0.998905, 1.12418, 1.12622, 1.12775, 1.13146, 1.10345, 0.98723, 0.98927, 0.99131, 1.10024, 1.3501, 1.35214, 1.35418, 1.46307, 1.46384, 1.15309, 1.20535, 1.20776, 1.00625, 1.00829, 1.11501, 1.09943, 1.10147, 1.06998, 1.12773, 1.26897, 1.2705, 1.30119, 1.30302, 1.30508, 0.983651, 1.00266, 1.15757, 1.15961, 1.16165, 1.42961, 1.43238, 1.22111, 1.22315, 1.28521, 1.12736, 0.952186, 1.07867, 1.08092, 1.30019, 1.3027, 1.30474, 1.28881, 1.29085, 1.06846, 0.930936, 0.948849, 1.12674,
0.758794, 0.800787, 0.802947, 0.708112, 1.00679, 0.954209, 0.708532, 0.739383, 0.742839, 0, 0, 0, 0, 0, 0.980245, 0.894457, 0.838687, 0.957654, 0.959814, 0, 0.915421, 1.04038, 0.973302, 0.9744, 1.32721, 1.22358, 1.16278, 1.16494, 1.1671, 0.752255, 0.869453, 0.984148, 0.986308, 0.988056, 0.978598, 1.00614, 0.971217, 0.974281, 0, 0, 0, 0, 0, 0, 1.13742, 1.30725, 1.38716, 1.38927, 1.39345, 1.08067, 0.914745, 0, 0, 0, 0, 0, 0, 0, 0, 0, 0, 0, 0, 0, 0, 0, 0.701383, 0.704407, 0, 0, 0, 0, 0, 0, 0.827045, 0.829205, 0.743544, 0.745272, 0, 0, 0, 0.717575, 0.719303, 0, 1.21527, 1.52949, 1.48727, 1.48953, 1.49214, 0, 0, 0.892642, 0.951242, 0.953402, 0.955562, 0.957722, 0, 0, 0, 0, 0.826872, 0, 1.04749, 0.804938, 0.807098, 0.794066, 0.796227, 0, 0.953521, 0.955681, 0.848287, 1.10684, 1.10943, 0.820757, 0.978379, 0.706016, 0, 0, 0, 1.58041, 1.58234, 1.58403, 1.63766, 1.65924, 1.01552, 1.01856, 0.956966, 0.78506, 0, 0, 0.734451, 0, 0, 1.45083, 1.45299, 1.27751, 1.36374, 1.62522, 1.92006, 1.92179, 1.9258, 1.2811, 0.970306, 0.92044, 0.7396, 0, 0, 0.902206, 0.904258, 0.761775, 0.763936, 0.766077, 1.49371, 1.49584, 1.36277, 1.53222, 1.53481, 0.89074, 0.910439, 0.831429, 0.728672, 0.730796, 0.855817, 0.785902, 0.788494, 0, 0, 0, 0, 0, 0, 0.807244, 0.80836, 1.48048, 1.79392, 1.79587, 1.6724, 1.6752, 0.951995, 0, 0.988018, 0.715654, 0.962134, 0.964726, 1.18402, 0.841486, 0.843647, 0, 0, 0, 0, 0.963994, 0.966154, 0.968314, 1.08146, 0.979286, 0, 1.13658, 1.13874, 1.21961, 1.22187, 1.22447, 0, 0.937757, 0.806245, 0.808405, 1.09041, 1.09255, 0.919797, 0.910622, 0.91253, 0, 0, 0, 0, 0.784186, 0.786454, 0.788722, 0.954669, 0.826625, 0, 1.69381, 1.69554, 1.4572, 1.45947, 1.61714, 0, 0, 0, 0.776046, 0, 0.969579, 0.971307, 1.04771, 0.973724, 1.08022, 1.07386, 1.07602, 1.9296, 1.9309, 1.82865, 1.88228, 1.88488, 1.24081, 1.2604, 1.18139, 0.796337, 0.798605, 1.03114, 0.742784, 0.744944, 0.747104, 0.871282, 0.773351, 0.775511, 0.777671, 0.779831, 0, 1.53186, 1.53402, 1.84917, 1.85112, 1.90043, 1.42337, 1.4251, 1.1147, 1.28013, 1.05233, 0.995286, 1.05164, 1.05337, 1.01012, 1.0004, 1.00256, 1.092, 1.20672, 1.16137, 1.1631, 1.16526, 1.56832, 1.56833, 1.51787, 1.52003, 1.73615, 1.17484, 0.996374, 1.07383, 1.07634, 0.864516, 0.78871, 0.79087, 0.731619, 0.734211, 1.01311, 1.01559, 1.1169, 1.22527, 1.27368, 1.25311, 1.25596, 1.2581, 1.23939, 1.01017, 0.965035, 0.965899, 1.05997, 0.914728, 1.00894, 1.01065, 1.12639, 1.02628, 1.02734, 1.11806, 1.1845, 0.954714, 1.18922, 1.30951, 1.22285, 1.18815, 1.19033, 1.08512, 0.905658, 0.907818, 1.08986, 1.09202, 1.1317, 1.13386, 1.13602, 1.20533, 1.20749, 1.01139, 1.21768, 1.21984, 0.889695, 0.890775, 1.89292, 1.69062, 1.76613, 1.76829, 1.77045, 0.822578, 0.824738, 0.703602, 0.796546, 0.798706, 0.801298, 0.803458, 0.955279, 0.866223, 0.867573, 1.19199, 1.19372, 1.08082, 1.89233, 1.89492, 1.77414, 2.08889, 2.47969, 2.18877, 2.19044, 2.19364, 1.93945, 1.96883, 1.5385, 1.29903, 1.35267, 1.35483, 1.14114, 2.14339, 2.14566, 1.75865, 1.88527, 1.88723, 1.23024, 1.2324, 1.37775, 1.3058, 1.30796, 1.16802, 1.30206, 1.2045, 0.91367, 1.2299, 1.23206, 1.1018, 2.10394, 2.16795, 2.06996, 2.07255, 2.07474, 1.11444, 1.33696, 1.33912, 1.34128, 1.34344, 1.37865, 1.0522, 1.05436, 1.29588, 1.53529, 1.53639, 1.5458, 1.54805, 1.25095, 1.19284, 1.7019, 1.87821, 1.77329, 1.77491, 1.90179, 1.30664, 1.15505, 1.15721, 1.15937, 1.21568, 1.39768, 1.39984, 1.402, 1.62895, 1.51195, 1.20102, 1.33237, 1.33485, 1.1912, 1.19336, 1.33339, 1.28479, 1.28695, 1.11904, 1.23376, 1.32386, 1.32539, 2.32071, 2.32265, 2.26899, 1.94769, 1.98628, 1.51404, 1.5162, 1.51836, 1.68906, 1.65395, 1.41742, 1.41958, 2.27604, 2.09259, 1.91741, 2.04403, 2.04642, 1.62417, 1.62676, 1.71002, 1.69424, 1.6964, 1.47411, 1.28948, 1.15217, 1.39157,
0.755928, 0.789701, 0.786037, 0, 0.979766, 0.922233, 0, 0, 0, 0, 0, 0, 0, 0, 0.897499, 0.806509, 0.7468, 0.856401, 0.852738, 0, 0.79685, 0.916658, 0.843812, 0.841247, 1.18858, 1.08027, 1.0126, 1.00893, 1.00527, 0, 0, 0.804379, 0.800716, 0.798915, 0.787293, 0.810789, 0.770314, 0.768055, 0, 0, 0, 0, 0, 0, 0.902205, 1.06403, 1.1388, 1.13514, 1.13233, 0.814252, 0, 0, 0, 0, 0, 0, 0, 0, 0, 0, 0, 0, 0, 0, 0, 0, 0, 0, 0, 0, 0, 0, 0, 0, 0, 0, 0, 0, 0, 0, 0, 0, 0, 0, 0.75549, 1.06537, 1.01936, 1.01564, 1.01143, 0, 0, 0, 0, 0, 0, 0, 0, 0, 0, 0, 0, 0, 0, 0, 0, 0, 0, 0, 0, 0, 0, 0, 0, 0, 0, 0, 0, 0, 0, 0.922672, 0.919374, 0.91568, 0.96371, 0.980102, 0, 0, 0, 0, 0, 0, 0, 0, 0, 0.711896, 0.708233, 0, 0, 0.873444, 1.16235, 1.15865, 1.15593, 0, 0, 0, 0, 0, 0, 0, 0, 0, 0, 0, 0, 0, 0, 0, 0, 0, 0, 0, 0, 0, 0, 0, 0, 0, 0, 0, 0, 0, 0, 0, 0, 0, 0.834934, 0.831392, 0.705164, 0.700218, 0, 0, 0, 0, 0, 0, 0, 0, 0, 0, 0, 0, 0, 0, 0, 0, 0, 0, 0, 0, 0, 0, 0, 0, 0, 0, 0, 0, 0, 0, 0, 0, 0, 0, 0, 0, 0, 0, 0, 0, 0, 0, 0, 0, 0, 0, 0, 0, 0, 0, 0, 0, 0, 0, 0, 0, 0, 0, 0, 0, 0, 0, 0, 0, 0, 0, 0, 0, 0, 0, 0, 0, 0, 0, 0, 0, 0, 0, 0, 0, 0, 0, 0, 0, 0, 0, 0, 0, 0, 0, 0, 0, 0, 0, 0, 0, 0, 0, 0, 0, 0, 0, 0, 0, 0, 0, 0, 0, 0, 0, 0, 0, 0, 0, 0, 0, 0, 0, 0, 0, 0, 0, 0, 0, 0, 0, 0, 0, 0, 0, 0, 0, 0, 0, 0, 0, 0, 0, 0, 0, 0, 0, 0, 0, 0, 0, 0, 0, 0, 0, 0, 0, 0, 0, 0, 0, 0, 0, 0, 0, 0, 0, 0, 0, 0, 0, 0, 0, 0, 0, 0, 0, 0, 0, 0, 0, 0, 0, 0, 0, 0, 0, 0, 0, 0, 0, 0, 0, 0, 0, 0, 0, 0, 0, 0, 0, 0, 0, 0, 0, 0, 0, 0, 0, 0, 0, 0, 0, 0, 0, 0, 0, 0, 0, 0, 0, 0, 0, 0, 0, 0, 0, 0, 0, 0, 0, 0, 0, 0, 0, 0, 0, 0, 0, 0, 0, 0, 0, 0, 0, 0, 0, 0, 0, 0, 0, 0, 0, 0, 0, 0, 0, 0, 0, 0, 0, 0, 0, 0, 0, 0, 0, 0, 0, 0, 0, 0, 0, 0, 0, 0, 0, 0, 0, 0, 0, 0, 0, 0, 0,
0, 0, 0, 0, 0.895985, 0.861951, 0, 0.87965, 0.893569, 0, 0, 0.771835, 0, 0, 1.09064, 1.07267, 1.01599, 1.10346, 1.1162, 0.794471, 1.08519, 1.16553, 1.11539, 1.12304, 1.43553, 1.38944, 1.42592, 1.43866, 1.45141, 1.04655, 1.17736, 1.12533, 1.13807, 1.19545, 1.14184, 1.19165, 1.1993, 1.20885, 0.868761, 0.761627, 1.01199, 1.02346, 0.980368, 0.986421, 1.57827, 1.81852, 1.91334, 1.92609, 1.93671, 1.6267, 1.46116, 1.06023, 1.02186, 1.1165, 1.18363, 1.19638, 0.996878, 1.0467, 0.951969, 0.803954, 1.11277, 1.13061, 1.05042, 1.33769, 1.35043, 1.11974, 1.33183, 1.34585, 1.30853, 1.32128, 1.27607, 0.999834, 1.01513, 1.22522, 1.53479, 1.54754, 1.5666, 1.5787, 1.40919, 1.24266, 1.25158, 1.45406, 1.46649, 1.42136, 2.03724, 2.33299, 2.34574, 2.35827, 2.36825, 1.37887, 1.08315, 1.8026, 1.86137, 1.87412, 1.88686, 1.8996, 1.54049, 1.30562, 1.56617, 1.57701, 1.84133, 1.71571, 1.83589, 1.61784, 1.63058, 1.52859, 1.54133, 1.44237, 1.96436, 1.9771, 1.95445, 2.22432, 2.2377, 1.95905, 1.98698, 1.7336, 1.44042, 1.54196, 1.55024, 2.47702, 2.48977, 2.57297, 2.64085, 2.67784, 2.04493, 2.05555, 2.00237, 1.91635, 1.84458, 1.85796, 2.10813, 1.83289, 1.84563, 2.85837, 2.87112, 2.63752, 2.75867, 3.07893, 3.11104, 3.12314, 3.20917, 2.57349, 2.31839, 2.29305, 2.12356, 1.91752, 1.92771, 2.21456, 2.22475, 2.29305, 2.3058, 2.31876, 3.05698, 3.06908, 2.93419, 3.1611, 3.1764, 2.54348, 2.57362, 2.50262, 2.27888, 2.29418, 2.54434, 2.48973, 2.50503, 2.24452, 2.25748, 2.10574, 2.28041, 2.29825, 2.31099, 2.47243, 2.40577, 3.12666, 3.44533, 3.4568, 3.43834, 3.44822, 2.73304, 2.43732, 2.52702, 2.26662, 2.52463, 2.53482, 2.76979, 2.70207, 2.71482, 2.4874, 2.50014, 2.29066, 2.43667, 2.56621, 2.57896, 2.5917, 2.7121, 2.6214, 2.52244, 3.04443, 3.05717, 3.22334, 3.23354, 3.24692, 2.6965, 2.98334, 2.89429, 2.90704, 2.92141, 2.93436, 2.74981, 2.74727, 2.7581, 2.69474, 2.70727, 2.72001, 2.83211, 2.98004, 2.993, 3.00511, 3.04983, 2.91139, 2.75859, 3.70464, 3.71707, 3.69784, 3.71122, 3.73916, 2.76008, 2.77537, 2.78812, 2.94012, 2.9349, 3.02715, 3.03735, 3.14327, 3.07867, 3.19309, 3.22468, 3.23743, 4.01021, 4.02487, 4.01625, 4.08413, 4.09942, 3.4665, 3.4992, 3.42586, 3.27512, 3.2885, 3.39973, 3.12215, 3.1349, 3.14764, 3.21485, 3.12889, 3.14164, 3.15438, 3.16713, 3.1254, 4.13794, 4.15068, 4.47189, 4.4874, 4.57124, 4.16744, 4.18273, 3.88191, 3.95772, 3.73834, 3.45002, 3.57136, 3.58665, 3.55853, 3.55854, 3.57128, 3.7152, 4.01535, 4.02932, 4.04142, 4.05417, 4.46784, 4.36032, 4.36931, 4.38205, 4.50609, 4.04819, 3.88305, 4.01931, 4.03025, 3.92722, 3.72261, 3.73536, 3.76616, 3.78145, 4.06855, 4.08448, 4.19315, 4.14342, 4.20241, 4.34448, 4.35531, 4.36827, 4.38701, 4.16597, 4.13049, 4.13559, 4.24407, 4.12407, 4.23038, 4.23994, 4.30405, 4.21978, 4.22552, 4.08808, 4.1694, 4.11242, 4.36053, 4.49002, 4.48626, 4.43298, 4.44551, 4.34872, 4.1338, 4.14654, 4.28684, 4.29958, 4.33247, 4.34521, 4.35795, 4.43541, 4.44815, 4.33479, 4.71897, 4.73172, 4.41697, 4.42377, 5.43609, 5.07463, 5.40001, 5.41275, 5.4255, 4.43824, 4.45098, 4.15131, 4.44207, 4.45481, 4.4701, 4.48285, 4.64287, 4.37484, 4.38281, 4.74396, 4.75415, 4.61696, 5.35932, 5.37461, 5.36206, 5.68901, 5.74125, 5.46092, 5.47302, 5.48449, 5.2349, 5.29686, 4.8771, 4.6865, 4.80363, 4.81638, 4.61365, 5.62618, 5.63828, 5.47629, 5.51492, 5.52639, 5.03292, 5.04566, 5.0775, 4.9835, 4.99624, 4.88266, 5.08055, 5.03373, 4.91357, 5.02166, 5.0344, 4.7702, 5.78294, 5.86962, 5.78702, 5.80231, 5.81569, 4.86357, 4.89573, 4.90847, 4.92122, 4.93396, 4.98007, 4.86934, 4.88209, 5.05584, 5.30286, 5.31752, 5.34389, 5.35663, 5.30198, 5.25016, 5.76848, 5.95569, 5.87036, 5.88587, 6.02327, 5.43658, 5.29731, 5.31005, 5.3228, 5.21553, 5.46802, 5.48077, 5.49351, 5.5465, 5.49643, 5.2007, 5.27204, 5.28287, 5.41406, 5.42681, 5.61836, 5.58273, 5.59547, 5.44084, 5.51242, 5.37816, 5.38485, 6.37041, 6.38315, 6.35501, 6.30005, 6.53765, 6.07751, 6.09025, 6.10299, 5.86728, 5.83391, 5.64197, 5.65471, 6.66746, 6.58812, 6.41298, 6.45162, 6.46564, 5.94346, 6.11547, 6.19117, 6.20413, 6.21687, 6.10568, 5.8748, 5.74567, 5.99676,
0, 0, 0, 0, 0.796358, 0.799165, 0, 0.799142, 0.802298, 0, 0, 0, 0, 0, 0.827172, 0.849866, 0.85289, 0.859559, 0.862079, 0, 0.867444, 0.870972, 0.834908, 0.836252, 1.1166, 1.08607, 1.16288, 1.1654, 1.16792, 0.753602, 0.756146, 0.744494, 0.747014, 0.748316, 0.730252, 0.775396, 0.777711, 0.781285, 0, 0, 0, 0, 0, 0, 1.16058, 1.39266, 1.39623, 1.39875, 1.40179, 1.11156, 0.932334, 0, 0, 0, 0, 0, 0, 0, 0, 0, 0, 0, 0, 0.724982, 0.727502, 0, 0, 0, 0, 0, 0, 0, 0, 0, 0.753806, 0.756326, 0.758748, 0.761394, 0, 0, 0, 0, 0, 0, 1.19843, 1.38278, 1.38593, 1.38832, 1.39122, 0, 0, 0.923365, 0.925885, 0.928405, 0.930925, 0.933445, 0, 0, 0, 0, 0, 0, 0, 0, 0, 0, 0, 0, 0.828764, 0.831284, 0.829789, 1.01477, 1.01779, 0.728911, 0.732197, 0, 0, 0, 0, 1.31063, 1.31281, 1.36062, 1.46045, 1.46322, 0.819312, 0.822504, 0.761735, 0, 0, 0, 0.843123, 0, 0, 1.56065, 1.56317, 1.32374, 1.44279, 1.50783, 1.51009, 1.51274, 1.54889, 0.90539, 0.90791, 0.910472, 0, 0, 0, 0.753863, 0.756362, 0.851767, 0.854287, 0.856933, 1.58493, 1.58758, 1.43973, 1.66119, 1.66422, 1.02031, 1.02235, 0.96181, 0, 0, 0.918975, 0.905985, 0.909009, 0, 0, 0, 0, 0, 0, 0.781497, 0.732521, 1.4483, 1.59721, 1.59952, 1.60189, 1.60479, 0.881875, 0.701894, 0.784115, 0, 0, 0, 0.818272, 0.820067, 0.822587, 0, 0, 0, 0, 0.707471, 0.709991, 0.712511, 0.72403, 0.724438, 0, 1.04233, 1.04485, 1.12001, 1.12257, 1.1256, 0, 0.839067, 0.906012, 0.908532, 0.911777, 0.914423, 0.726334, 0.71698, 0.719374, 0, 0, 0, 0.751848, 0.889519, 0.892165, 0.894811, 0.89811, 0.782603, 0, 1.54273, 1.54475, 1.53359, 1.53598, 1.55653, 0, 0, 0, 0.717269, 0.701132, 0.783857, 0.785873, 0.87816, 0.809896, 0.868361, 0.869795, 0.872315, 1.64144, 1.64404, 1.64601, 1.74584, 1.74886, 1.10495, 1.1075, 1.04658, 0.880826, 0.88322, 0.972097, 0, 0, 0, 0.749042, 0, 0, 0, 0, 0, 1.62028, 1.6228, 1.80782, 1.81042, 1.81294, 1.29048, 1.29351, 1.29542, 1.29782, 1.07353, 0.820209, 0.883388, 0.886034, 0.896591, 0.899121, 0.901641, 1.01417, 1.30421, 1.30743, 1.3099, 1.31242, 1.71655, 1.43733, 1.43454, 1.43706, 1.5537, 1.0884, 1.0908, 1.09803, 1.1011, 1.10362, 0.888679, 0.891199, 0.913971, 0.916995, 1.19647, 1.19953, 1.23178, 1.17459, 1.22336, 1.30396, 1.30729, 1.30993, 1.38669, 1.15815, 1.15964, 1.16065, 1.20473, 1.13394, 1.23514, 1.23708, 1.24217, 1.19883, 1.20007, 1.05752, 1.06141, 1.03795, 1.23652, 1.3414, 1.34385, 1.34551, 1.3479, 1.24353, 1.01564, 1.01815, 1.12475, 1.12727, 1.13298, 1.1355, 1.13802, 1.20792, 1.21044, 1.12461, 1.5014, 1.50392, 1.17422, 1.17556, 2.17787, 1.8055, 2.12339, 2.12591, 2.12843, 1.13108, 1.1336, 0.820869, 1.10423, 1.10675, 1.10978, 1.1123, 1.26469, 0.98574, 0.987252, 1.34542, 1.34743, 1.20127, 1.94033, 1.94335, 1.91977, 2.03294, 2.03619, 1.74563, 1.74828, 1.75021, 1.68458, 1.68714, 1.25714, 1.11348, 1.2591, 1.26162, 1.04815, 2.05042, 2.0529, 1.88507, 1.92054, 1.9226, 1.42171, 1.42423, 1.42617, 1.29532, 1.29784, 1.21624, 1.2932, 1.29627, 1.21584, 1.25964, 1.26216, 1.04385, 2.04624, 2.04855, 2.03063, 2.03366, 2.03605, 1.07643, 1.10049, 1.10301, 1.10553, 1.10805, 1.14385, 1.02015, 1.02267, 1.18903, 1.42897, 1.43026, 1.43459, 1.43711, 1.37284, 1.32233, 1.82409, 1.82693, 1.73127, 1.73442, 1.86443, 1.27032, 1.27172, 1.27424, 1.27676, 1.19016, 1.29807, 1.30059, 1.30311, 1.30577, 1.2885, 1.10843, 1.16664, 1.16964, 1.29472, 1.29724, 1.43223, 1.43475, 1.43727, 1.26974, 1.33369, 1.14197, 1.14376, 2.07791, 2.08022, 2.06396, 2.04844, 2.27454, 1.58406, 1.58658, 1.5891, 1.46296, 1.4215, 1.3067, 1.30922, 2.25119, 2.2533, 2.07029, 2.10576, 2.10833, 1.57873, 1.61632, 1.68187, 1.68452, 1.68704, 1.68907, 1.44522, 1.30859, 1.5522,
0, 0, 0, 0, 0.786521, 0.786995, 0, 0.783675, 0.78419, 0, 0, 0, 0, 0, 0.800023, 0.820846, 0.821452, 0.82641, 0.827016, 0, 0.82835, 0.828865, 0.790887, 0.791312, 1.07018, 1.03774, 1.11317, 1.11377, 1.11438, 0, 0, 0, 0, 0, 0, 0.711546, 0.712107, 0.712486, 0, 0, 0, 0, 0, 0, 1.08168, 1.31232, 1.31284, 1.31344, 1.31392, 1.02289, 0.84412, 0, 0, 0, 0, 0, 0, 0, 0, 0, 0, 0, 0, 0, 0, 0, 0, 0, 0, 0, 0, 0, 0, 0, 0, 0, 0, 0, 0, 0, 0, 0, 0, 0, 1.04744, 1.23034, 1.23094, 1.23143, 1.23194, 0, 0, 0.759372, 0.759979, 0.760585, 0.761191, 0.761797, 0, 0, 0, 0, 0, 0, 0, 0, 0, 0, 0, 0, 0, 0, 0, 0.812175, 0.81266, 0, 0, 0, 0, 0, 0, 1.0942, 1.09467, 1.14039, 1.2391, 1.23961, 0, 0, 0, 0, 0, 0, 0, 0, 0, 1.31716, 1.31776, 1.07738, 1.19601, 1.26031, 1.2607, 1.26143, 1.29572, 0, 0, 0, 0, 0, 0, 0, 0, 0, 0, 0, 1.30889, 1.30962, 1.15933, 1.38004, 1.38052, 0.735089, 0.735574, 0, 0, 0, 0, 0, 0, 0, 0, 0, 0, 0, 0, 0, 0, 1.13354, 1.28185, 1.28222, 1.28279, 1.28331, 0, 0, 0, 0, 0, 0, 0, 0, 0, 0, 0, 0, 0, 0, 0, 0, 0, 0, 0, 0, 0, 0.757127, 0.757723, 0.758208, 0, 0, 0, 0, 0, 0, 0, 0, 0, 0, 0, 0, 0, 0, 0, 0, 0, 0, 0, 1.14153, 1.14206, 1.12784, 1.12832, 1.14748, 0, 0, 0, 0, 0, 0, 0, 0, 0, 0, 0, 0, 1.2083, 1.20904, 1.20903, 1.30774, 1.30822, 0, 0, 0, 0, 0, 0, 0, 0, 0, 0, 0, 0, 0, 0, 0, 1.14851, 1.14911, 1.33221, 1.33295, 1.33355, 0.809941, 0.810547, 0.811153, 0.811638, 0, 0, 0, 0, 0, 0, 0, 0, 0.800277, 0.800883, 0.8015, 0.802106, 1.2034, 0.921836, 0.917095, 0.917701, 1.03295, 0, 0, 0, 0, 0, 0, 0, 0, 0, 0, 0, 0, 0, 0, 0.75684, 0.757477, 0.758204, 0.832993, 0, 0, 0, 0, 0, 0, 0, 0, 0, 0, 0, 0, 0, 0, 0.766246, 0.766853, 0.767459, 0.767944, 0, 0, 0, 0, 0, 0, 0, 0, 0, 0, 0, 0.900526, 0.901132, 0, 0, 1.56739, 1.19305, 1.50955, 1.51016, 1.51076, 0, 0, 0, 0, 0, 0, 0, 0, 0, 0, 0.70779, 0.708321, 0, 1.29989, 1.30032, 1.27478, 1.38656, 1.38707, 1.09567, 1.09639, 1.09687, 1.02918, 1.03036, 0, 0, 0, 0, 0, 1.38055, 1.38117, 1.21239, 1.24717, 1.24752, 0.745336, 0.745942, 0.746457, 0, 0, 0, 0, 0, 0, 0, 0, 0, 1.34627, 1.34691, 1.32683, 1.32747, 1.32795, 0, 0, 0, 0, 0, 0, 0, 0, 0, 0.702585, 0.703312, 0.703827, 0.704433, 0, 0, 1.08545, 1.08606, 0.988482, 0.98922, 1.11784, 0, 0, 0, 0, 0, 0, 0, 0, 0, 0, 0, 0, 0, 0, 0, 0, 0, 0, 0, 0, 0, 0, 1.29039, 1.29075, 1.27308, 1.25565, 1.47915, 0.788586, 0.789192, 0.789798, 0, 0, 0, 0, 1.44077, 1.44137, 1.25694, 1.29172, 1.29209, 0.761054, 0.796239, 0.860268, 0.860995, 0.861602, 0.862208, 0, 0, 0.721861,
0, 0, 0, 0, 0, 0, 0, 0, 0, 0, 0, 0, 0, 0, 0, 0, 0, 0, 0, 0, 0, 0, 0, 0, 0, 0, 0, 0, 0, 0, 0, 0, 0, 0, 0, 0, 0, 0, 0, 0, 0, 0, 0, 0, 0, 0, 0, 0, 0, 0, 0, 0, 0, 0, 0, 0, 0, 0, 0, 0, 0, 0, 0, 0, 0, 0, 0, 0, 0, 0, 0, 0, 0, 0, 0, 0, 0, 0, 0, 0, 0, 0, 0, 0, 0, 0, 0, 0, 0, 0, 0, 0, 0, 0, 0, 0, 0, 0, 0, 0, 0, 0, 0, 0, 0, 0, 0, 0, 0, 0, 0, 0, 0, 0, 0, 0, 0, 0, 0, 0, 0, 0, 0, 0, 0, 0, 0, 0, 0, 0, 0, 0, 0, 0, 0, 0, 0, 0, 0, 0, 0, 0, 0, 0, 0, 0, 0, 0, 0, 0, 0, 0, 0, 0, 0, 0, 0, 0.702676, 0.705046, 0.707806, 0, 0, 0, 0, 0, 0, 0, 0, 0, 0, 0, 0, 0, 0, 0, 0, 0, 0, 0, 0, 0, 0, 0, 0, 0.708259, 0.710226, 0.712986, 0.715746, 0.718506, 0, 0, 0, 0, 0, 0, 0, 0, 0, 0, 0, 0, 0, 0, 0, 0, 0, 0, 0, 0, 0, 0, 0, 0, 0, 0.800866, 0.803626, 0.806386, 0.809146, 0.812759, 0.741032, 0, 0, 0.700887, 0.702794, 0.705416, 0.709038, 0, 0, 0, 0, 0, 0, 0, 0.781112, 0.78332, 0.78622, 0.78898, 0.79174, 0.743747, 0.747197, 0.747938, 0.801089, 0.804239, 0.806999, 0.809921, 0.812681, 0, 0, 0.738505, 0.741265, 0.744025, 0.746785, 0.748855, 0, 0, 0, 0, 0, 0.797738, 0.800498, 0.867509, 0.870407, 0.873167, 0.997338, 1.00065, 1.00275, 1.00551, 1.00991, 0.758695, 0.820075, 0.822835, 0.824905, 0.827676, 0.830436, 0.794575, 1.01393, 1.01745, 1.02035, 1.02311, 1.02587, 0.797829, 0.800589, 0.803349, 0.864103, 0.968971, 0.971604, 0.974428, 0.976848, 0.979608, 0.829148, 0.831908, 0.981109, 0.984421, 0.986491, 0.989665, 0.992425, 0.935728, 0.938488, 1.0193, 1.02295, 1.02571, 1.10252, 1.10645, 1.10803, 1.10948, 1.11185, 1.08292, 1.14359, 1.14608, 1.15006, 1.15144, 1.15282, 0.948604, 0.950873, 0.952253, 0.955013, 1.06009, 1.06278, 1.06459, 1.06735, 1.07174, 0.865412, 0.868172, 0.953684, 0.956444, 0.958257, 0.961017, 0.963777, 0.972062, 0.974822, 0.977454, 1.24597, 1.24873, 1.25053, 1.25191, 1.25467, 1.0006, 1.20062, 1.20338, 1.20614, 1.2089, 1.21166, 0.899047, 1.18277, 1.18553, 1.18884, 1.1916, 1.19367, 1.0634, 1.06506, 1.06616, 1.06837, 1.01968, 1.04158, 1.0449, 1.04779, 1.11412, 1.11782, 1.12058, 1.12334, 1.12541, 1.06724, 1.06994, 1.06573, 1.06904, 1.12592, 1.12868, 1.13157, 1.13447, 1.13737, 1.08774, 1.08885, 1.09129, 1.21631, 1.21907, 1.22114, 1.23768, 1.24044, 1.24486, 1.29675, 1.30007, 1.30283, 1.30508, 1.30784, 1.1315, 1.13426, 1.13679, 1.13266, 1.13598, 1.1386, 1.12791, 1.15243, 1.15519, 1.15795, 1.16071, 1.16461, 1.1039, 1.10666, 1.21009, 1.21285, 1.21557, 1.219, 1.22176, 1.15736, 1.15922, 1.16164, 1.16475, 1.12558, 1.12903, 1.20315, 1.20617, 1.20893, 1.21169, 1.21445, 1.15347, 1.27508, 1.27784, 1.2806, 1.28322, 1.28427, 1.13075, 1.13357, 1.136, 1.26183, 1.26459, 1.36009, 1.36285, 1.36561, 1.36784, 1.37113, 1.17394, 1.17532, 1.25339, 1.25594, 1.2587, 1.26218, 1.37464, 1.37671, 1.37947, 1.38223, 1.38578, 1.34478, 1.34754, 1.3503, 1.35306, 1.35537, 1.2906, 1.29171, 1.29454, 1.39085, 1.42885, 1.43161, 1.43437, 1.43713, 1.43935, 1.26667, 1.25425, 1.44464,
0, 0, 0, 0, 0, 0, 0, 0, 0, 0, 0, 0, 0, 0, 0, 0, 0, 0, 0, 0, 0, 0, 0, 0, 0, 0, 0, 0, 0, 0, 0, 0, 0, 0, 0, 0, 0, 0, 0, 0, 0, 0, 0, 0, 0, 0, 0, 0, 0, 0, 0, 0, 0, 0, 0, 0, 0, 0, 0, 0, 0, 0, 0, 0, 0, 0, 0, 0, 0, 0, 0, 0, 0, 0, 0, 0, 0, 0, 0, 0, 0, 0, 0, 0, 0, 0, 0, 0, 0, 0, 0, 0, 0, 0, 0, 0, 0, 0, 0, 0, 0, 0, 0, 0, 0, 0, 0, 0, 0, 0, 0, 0, 0, 0, 0, 0, 0, 0, 0, 0, 0, 0, 0, 0, 0, 0, 0, 0, 0, 0, 0, 0, 0, 0, 0, 0, 0, 0, 0, 0, 0, 0, 0, 0, 0, 0, 0, 0, 0, 0, 0, 0, 0, 0, 0, 0, 0, 0, 0, 0, 0, 0, 0, 0, 0, 0, 0, 0, 0, 0, 0, 0, 0, 0, 0, 0, 0, 0, 0, 0, 0, 0, 0, 0, 0, 0, 0, 0, 0, 0, 0, 0, 0, 0, 0, 0, 0, 0, 0, 0, 0, 0, 0, 0, 0, 0, 0, 0, 0, 0, 0, 0, 0, 0, 0, 0, 0, 0, 0, 0, 0, 0, 0, 0, 0, 0, 0, 0, 0, 0, 0, 0, 0, 0, 0, 0, 0, 0, 0, 0, 0, 0, 0, 0, 0, 0, 0, 0, 0, 0, 0, 0, 0, 0, 0, 0, 0, 0, 0, 0, 0, 0, 0, 0, 0, 0, 0, 0, 0, 0, 0, 0, 0, 0, 0, 0, 0, 0, 0, 0, 0, 0, 0, 0, 0, 0, 0, 0, 0, 0, 0, 0, 0, 0, 0, 0, 0, 0, 0, 0, 0, 0, 0, 0, 0, 0, 0, 0, 0, 0, 0, 0, 0, 0, 0, 0, 0, 0, 0, 0, 0, 0, 0, 0, 0, 0, 0, 0, 0, 0, 0, 0, 0, 0, 0, 0, 0, 0, 0, 0, 0, 0, 0, 0, 0, 0, 0, 0, 0, 0, 0, 0, 0, 0, 0, 0, 0, 0, 0, 0, 0, 0, 0, 0, 0, 0, 0, 0, 0, 0, 0, 0, 0, 0, 0, 0, 0, 0, 0, 0, 0, 0, 0, 0, 0, 0, 0, 0, 0, 0, 0, 0, 0, 0, 0, 0, 0, 0, 0, 0, 0, 0, 0, 0, 0, 0, 0, 0, 0, 0, 0, 0, 0, 0, 0, 0, 0, 0, 0, 0, 0, 0, 0, 0, 0, 0, 0, 0, 0, 0, 0, 0, 0, 0, 0, 0, 0, 0, 0, 0, 0, 0, 0, 0, 0, 0, 0, 0, 0, 0, 0, 0, 0, 0, 0, 0, 0, 0,
0, 0, 0, 0, 0, 0, 0, 0, 0, 0, 0, 0, 0, 0, 0, 0, 0, 0, 0, 0, 0, 0, 0, 0, 0, 0, 0, 0, 0, 0, 0, 0, 0, 0, 0, 0, 0, 0, 0, 0, 0, 0, 0, 0, 0, 0, 0, 0, 0, 0, 0, 0, 0, 0, 0, 0, 0, 0, 0, 0, 0, 0, 0, 0, 0, 0, 0, 0, 0, 0, 0, 0, 0, 0, 0, 0, 0, 0, 0, 0, 0, 0, 0, 0, 0, 0, 0, 0, 0, 0, 0, 0, 0, 0, 0, 0, 0, 0, 0, 0, 0, 0, 0, 0, 0, 0, 0, 0, 0, 0, 0, 0, 0, 0, 0, 0, 0, 0, 0, 0, 0, 0, 0, 0, 0, 0, 0, 0, 0, 0, 0, 0, 0, 0, 0, 0, 0, 0, 0, 0, 0, 0, 0, 0, 0, 0, 0, 0, 0, 0, 0, 0, 0, 0, 0, 0, 0, 0, 0, 0, 0, 0, 0, 0, 0, 0, 0, 0, 0, 0, 0, 0, 0, 0, 0, 0, 0, 0, 0, 0, 0, 0, 0, 0, 0, 0, 0, 0, 0, 0, 0, 0, 0, 0, 0, 0, 0, 0, 0, 0, 0, 0, 0, 0, 0, 0, 0, 0, 0, 0, 0, 0, 0, 0, 0, 0, 0, 0, 0, 0, 0, 0, 0, 0, 0, 0, 0, 0, 0, 0, 0, 0, 0, 0, 0, 0, 0, 0, 0, 0, 0, 0, 0, 0, 0, 0, 0.702725, 0.705725, 0.708125, 0.711125, 0.714125, 0.717125, 0.719525, 0.723125, 0.726125, 0.729125, 0.732125, 0.735725, 0.738725, 0.741725, 0.744725, 0.747846, 0.750846, 0.754306, 0.757306, 0.760306, 0.763306, 0.766913, 0.769913, 0.773449, 0.776449, 0.778849, 0.781249, 0.784249, 0.786725, 0.789725, 0.793558, 0.796558, 0.799558, 0.802558, 0.806063, 0.809063, 0.812063, 0.814463, 0.816863, 0.819725, 0.822944, 0.825725, 0.828725, 0.831725, 0.834725, 0.837799, 0.840725, 0.843125, 0.846725, 0.849725, 0.852125, 0.855125, 0.857758, 0.861725, 0.864725, 0.867725, 0.872141, 0.873641, 0.875141, 0.877861, 0.879361, 0.880561, 0.883311, 0.887584, 0.889084, 0.890584, 0.891927, 0.894327, 0.896127, 0.898827, 0.901227, 0.904151, 0.906699, 0.909699, 0.913894, 0.916894, 0.919894, 0.922894, 0.925894, 0.927864, 0.930864, 0.933864, 0.938369, 0.941369, 0.944369, 0.946769, 0.949769, 0.951725, 0.953225, 0.956225, 0.959225, 0.961625, 0.964625, 0.967625, 0.970625, 0.973625, 0.977225, 0.979625, 0.982625, 0.986225, 0.989225, 0.991625, 0.994625, 0.996425, 0.997625, 1.00003, 1.00243, 1.00363, 1.00723, 1.01023, 1.01395, 1.01665, 1.01965, 1.02265, 1.02505, 1.02823, 1.03115, 1.03415, 1.03723, 1.04023, 1.04323, 1.04622, 1.04923, 1.05222, 1.05373, 1.05492, 1.0578, 1.0602, 1.0632, 1.0656, 1.06944, 1.07244, 1.07623, 1.07918, 1.08223, 1.08522, 1.08783, 1.09083, 1.09383, 1.09683, 1.09937, 1.10263, 1.10623, 1.10923, 1.11245, 1.11528, 1.11828, 1.12128, 1.12428, 1.12809, 1.13109, 1.13409, 1.13649, 1.13949, 1.14246, 1.14618, 1.14918, 1.15158, 1.15338, 1.15608, 1.15946, 1.16246, 1.16606, 1.16943, 1.17183, 1.17483, 1.17783, 1.18083, 1.18398, 1.18758, 1.19058, 1.19358, 1.19658, 1.19773, 1.20072, 1.20394, 1.20673, 1.21031, 1.21331, 1.21728, 1.22028, 1.22328, 1.22628, 1.22868, 1.23077, 1.23227, 1.23377, 1.23677, 1.23977, 1.24356, 1.24726, 1.24966, 1.25266, 1.25566, 1.25821, 1.26214, 1.26514, 1.26814, 1.27114, 1.27414, 1.27423, 1.27542, 1.27873, 1.28231, 1.28471, 1.28771, 1.29071, 1.29371, 1.29667, 1.29972, 1.3046, 1.3076,
0, 0, 0, 0, 0, 0, 0, 0, 0, 0, 0, 0, 0, 0, 0, 0, 0, 0, 0, 0, 0, 0, 0, 0, 0, 0, 0, 0, 0, 0, 0, 0, 0, 0, 0, 0, 0, 0, 0, 0, 0, 0, 0, 0, 0, 0, 0, 0, 0, 0, 0, 0, 0, 0, 0, 0, 0, 0, 0, 0, 0, 0, 0, 0, 0, 0, 0, 0, 0, 0, 0, 0, 0, 0, 0, 0, 0, 0, 0, 0, 0, 0, 0, 0, 0, 0, 0, 0, 0, 0, 0, 0, 0, 0, 0, 0, 0, 0, 0, 0, 0, 0, 0, 0, 0, 0, 0, 0, 0, 0, 0, 0, 0, 0, 0, 0, 0, 0, 0, 0, 0, 0, 0, 0, 0, 0, 0, 0, 0, 0, 0, 0, 0, 0, 0, 0, 0, 0, 0, 0, 0, 0, 0, 0, 0, 0, 0, 0, 0, 0, 0, 0, 0, 0, 0, 0, 0, 0, 0, 0, 0, 0, 0, 0, 0, 0, 0, 0, 0, 0, 0, 0, 0, 0, 0, 0, 0, 0, 0, 0, 0, 0, 0, 0, 0.768633, 0.770856, 0.773976, 0.777096, 0.780216, 0, 0, 0.80071, 0.80383, 0.80695, 0.809602, 0.810673, 0.722586, 0.725531, 0.728651, 0, 0, 0, 0, 0, 0.769638, 0.772758, 0.776775, 0.779895, 0.781845, 0.713165, 0.716233, 0.718456, 0.721628, 0.724748, 0.760615, 0.810441, 0.813535, 0.816603, 0.819723, 0.821985, 0.770512, 0.771682, 0.774362, 0.743174, 0.74645, 0.750753, 0, 0, 0, 0.816076, 0.818689, 0.822082, 0.825826, 0.828478, 0.817603, 0.820803, 0.823923, 0.827043, 0.797569, 0.800533, 0.794207, 0.838547, 0.842107, 0.845227, 0.848531, 0.851651, 0.730834, 0.733954, 0.938851, 0.941971, 0.945091, 0.948211, 0.950863, 0.841799, 0.844919, 0.848039, 0.851159, 0.765154, 0.851022, 0.854142, 0.857262, 0.860456, 0.863576, 0.920709, 0.924453, 0.926823, 0.929943, 0.934923, 0.833979, 0.837656, 0.840724, 0.858129, 0.860781, 0.863901, 0.866319, 0.907611, 0.924797, 0.928096, 0.931216, 0.934336, 0.939293, 0.895976, 0.899096, 0.994829, 1.01068, 1.01365, 1.01716, 1.0201, 1.02322, 0.956302, 0.959422, 0.956448, 0.960192, 0.962844, 0.96664, 0.984935, 1.02965, 1.03277, 1.08643, 1.09056, 1.09368, 1.0968, 1.10155, 1.0461, 1.04758, 1.05046, 1.05193, 1.06623, 1.06893, 1.07343, 1.07509, 1.07663, 0.987986, 0.99056, 0.99207, 0.994774, 1.00702, 1.01006, 1.01211, 1.01523, 1.02019, 0.998622, 1.00174, 1.02827, 1.03139, 1.04831, 1.05143, 1.05455, 1.05992, 1.06304, 1.04781, 1.0772, 1.08032, 1.08235, 1.08402, 1.08703, 1.08034, 1.09938, 1.1025, 1.10562, 1.10874, 1.11186, 1.01631, 2.01858, 2.0217, 2.02544, 2.02856, 2.03121, 1.13831, 1.14026, 1.14143, 1.14392, 1.0898, 1.12647, 1.13021, 1.13317, 1.1372, 1.28868, 1.2918, 1.29492, 1.29758, 1.30119, 1.26388, 1.267, 1.27075, 1.27387, 1.27699, 1.21266, 1.21573, 1.21869, 1.1786, 1.17984, 1.18286, 1.27971, 1.28283, 1.28548, 1.31853, 1.32165, 1.32664, 1.32988, 1.33309, 1.25431, 1.25717, 1.26029, 1.22139, 1.22451, 1.36859, 1.37212, 1.37587, 1.37899, 1.3825, 1.29261, 1.29573, 1.29885, 1.30197, 1.30638, 1.26248, 1.2656, 1.26924, 1.28622, 1.2888, 1.29317, 1.29629, 1.29879, 1.2514, 1.25418, 1.26164, 1.26476, 1.26726, 1.27277, 1.27869, 1.28181, 1.28493, 1.28805, 1.29141, 1.29358, 1.2967, 1.29982, 1.30232, 1.28381, 1.26189, 1.42818, 1.43193, 1.49396, 1.49708, 1.50244, 1.50556, 1.50868, 1.42554, 1.42926, 1.32644, 1.32811, 1.36584, 1.36899, 1.37211, 1.3928, 1.39814, 1.42813, 1.43125, 1.43437, 1.43702, 1.44125, 1.38602, 1.38914, 1.40473, 1.40785, 1.40792, 1.40916, 1.41262, 1.45084, 1.47275, 1.47587, 1.47899, 1.48211, 1.48462, 1.39006, 1.40705, 1.51235,
0, 0, 0, 0, 0, 0, 0, 0, 0, 0, 0, 0, 0, 0, 0, 0, 0, 0, 0, 0, 0, 0, 0, 0, 0, 0, 0, 0, 0, 0, 0, 0, 0, 0, 0, 0, 0, 0, 0, 0, 0, 0, 0, 0, 0, 0, 0, 0, 0, 0, 0, 0, 0, 0, 0, 0, 0, 0, 0, 0, 0, 0, 0, 0, 0, 0, 0, 0, 0, 0, 0, 0, 0, 0, 0, 0, 0, 0, 0, 0, 0, 0, 0, 0, 0, 0, 0, 0, 0, 0, 0, 0, 0, 0, 0, 0, 0, 0, 0, 0, 0, 0, 0, 0, 0, 0, 0, 0, 0, 0, 0, 0, 0, 0, 0, 0, 0, 0, 0, 0, 0, 0, 0, 0, 0, 0, 0, 0, 0, 0, 0, 0, 0, 0, 0, 0, 0, 0, 0, 0, 0, 0.700363, 0.703603, 0.707005, 0.710022, 0, 0, 0, 0, 0, 0, 0, 0, 0, 0, 0, 0, 0, 0, 0, 0, 0, 0, 0, 0, 0, 0, 0, 0, 0, 0, 0, 0, 0, 0, 0, 0, 0, 0, 0, 0, 0, 0, 0, 0.78963, 0.791939, 0.795179, 0.798419, 0.801659, 0, 0, 0.822613, 0.825853, 0.829093, 0.831847, 0.832959, 0.745013, 0.748071, 0.751311, 0, 0, 0, 0, 0, 0.793001, 0.796241, 0.800413, 0.803653, 0.805678, 0.737075, 0.740261, 0.742569, 0.745863, 0.749103, 0.785058, 0.835047, 0.838314, 0.8415, 0.84474, 0.847089, 0.79563, 0.796845, 0.799628, 0.768601, 0.772003, 0.776472, 0.714815, 0.718703, 0.721943, 0.842219, 0.844932, 0.848456, 0.852344, 0.855098, 0.844316, 0.847639, 0.850879, 0.854119, 0.824724, 0.827802, 0.821597, 0.866033, 0.86973, 0.87297, 0.876401, 0.879641, 0.758943, 0.762183, 0.967194, 0.970434, 0.973674, 0.976914, 0.979668, 0.870742, 0.873982, 0.877222, 0.880462, 0.794583, 0.880597, 0.883837, 0.887077, 0.890394, 0.893634, 0.950857, 0.954745, 0.957206, 0.960446, 0.965617, 0.864801, 0.86862, 0.871806, 0.889301, 0.892055, 0.895295, 0.897806, 0.939224, 0.9565, 0.959926, 0.963166, 0.966406, 0.971553, 0.928279, 0.931519, 1.02743, 1.04337, 1.04646, 1.0501, 1.05315, 1.05639, 0.989589, 0.992829, 0.989951, 0.993839, 0.996593, 1.00054, 1.0189, 1.06375, 1.06699, 1.12076, 1.12505, 1.12829, 1.13153, 1.13646, 1.08107, 1.08261, 1.0856, 1.08713, 1.10147, 1.10428, 1.10895, 1.11068, 1.11227, 1.02368, 1.02636, 1.02794, 1.03074, 1.04308, 1.04624, 1.04837, 1.05161, 1.05676, 1.03524, 1.03848, 1.06521, 1.06845, 1.08541, 1.08865, 1.09189, 1.09747, 1.10071, 1.08551, 1.11509, 1.11833, 1.12044, 1.12217, 1.1253, 1.11874, 1.13787, 1.14111, 1.14435, 1.14759, 1.15083, 1.0554, 2.05778, 2.06102, 2.06491, 2.06815, 2.0709, 1.17811, 1.18013, 1.18135, 1.18394, 1.12991, 1.16664, 1.17052, 1.1736, 1.17778, 1.32936, 1.3326, 1.33584, 1.33859, 1.34235, 1.30513, 1.30837, 1.31225, 1.31549, 1.31873, 1.25453, 1.25772, 1.2608, 1.22077, 1.22207, 1.2252, 1.32214, 1.32538, 1.32813, 1.36129, 1.36453, 1.36971, 1.37307, 1.37641, 1.29774, 1.30071, 1.30395, 1.26515, 1.26839, 1.41258, 1.41625, 1.42014, 1.42338, 1.42702, 1.33723, 1.34047, 1.34371, 1.34695, 1.35153, 1.30768, 1.31092, 1.3147, 1.33182, 1.3345, 1.33904, 1.34228, 1.34487, 1.29756, 1.30045, 1.30801, 1.31125, 1.31384, 1.31956, 1.32558, 1.32882, 1.33206, 1.3353, 1.33877, 1.34104, 1.34428, 1.34752, 1.35011, 1.33174, 1.30994, 1.47633, 1.48021, 1.54234, 1.54558, 1.55115, 1.55439, 1.55763, 1.47452, 1.47839, 1.37569, 1.37742, 1.41522, 1.41848, 1.42172, 1.4425, 1.44805, 1.47813, 1.48137, 1.48461, 1.48737, 1.49176, 1.43658, 1.43982, 1.4556, 1.45884, 1.45891, 1.46021, 1.4638, 1.5021, 1.52416, 1.5274, 1.53064, 1.53388, 1.53648, 1.44207, 1.45916, 1.56468,
0, 0, 0, 0, 0, 0, 0, 0, 0, 0, 0, 0, 0, 0, 0, 0, 0, 0, 0, 0, 0, 0, 0, 0, 0, 0, 0, 0, 0, 0, 0, 0, 0, 0, 0, 0, 0, 0, 0, 0, 0, 0, 0, 0, 0, 0, 0, 0, 0, 0, 0, 0, 0, 0, 0, 0, 0, 0, 0, 0, 0, 0, 0, 0, 0, 0, 0, 0, 0, 0, 0, 0, 0, 0, 0, 0, 0, 0, 0, 0, 0, 0, 0, 0, 0, 0, 0, 0, 0, 0, 0, 0, 0, 0, 0, 0, 0, 0, 0, 0, 0, 0, 0, 0, 0, 0, 0, 0, 0, 0, 0, 0, 0, 0, 0, 0, 0, 0, 0, 0, 0, 0, 0, 0, 0, 0, 0, 0, 0, 0, 0, 0, 0, 0, 0, 0, 0, 0, 0, 0, 0.712504, 0.7164, 0.71976, 0.723288, 0.726305, 0, 0, 0, 0, 0, 0, 0, 0, 0, 0, 0, 0, 0, 0, 0, 0, 0, 0, 0, 0.702138, 0.705666, 0.70897, 0, 0, 0, 0, 0, 0, 0, 0, 0, 0, 0, 0, 0, 0, 0, 0, 0, 0.810658, 0.813052, 0.816412, 0.819772, 0.823132, 0, 0, 0.844547, 0.847907, 0.851267, 0.854123, 0.855276, 0.76747, 0.770642, 0.774002, 0.704497, 0.707819, 0.711851, 0, 0, 0.816394, 0.819754, 0.82408, 0.82744, 0.82954, 0.760902, 0.764318, 0.766712, 0.770016, 0.773376, 0.809531, 0.859595, 0.863011, 0.866427, 0.869787, 0.872223, 0.820778, 0.822038, 0.824924, 0.794058, 0.797586, 0.802108, 0.740608, 0.74464, 0.748, 0.868391, 0.871205, 0.874859, 0.878891, 0.881747, 0.871058, 0.874504, 0.877864, 0.881224, 0.85191, 0.855102, 0.849016, 0.893549, 0.897383, 0.900743, 0.904301, 0.907661, 0.787052, 0.790356, 0.995567, 0.998927, 1.00229, 1.00565, 1.0085, 0.899715, 0.903075, 0.906435, 0.909795, 0.824012, 0.91009, 0.91345, 0.91681, 0.920362, 0.923722, 0.981035, 0.985066, 0.987619, 0.990979, 0.996342, 0.895542, 0.899502, 0.902918, 0.920503, 0.923359, 0.926719, 0.929323, 0.970867, 0.988233, 0.991786, 0.995145, 0.998506, 1.00384, 0.960612, 0.963971, 1.06005, 1.07609, 1.0793, 1.08307, 1.08613, 1.08949, 1.02291, 1.02627, 1.02348, 1.02752, 1.03037, 1.03435, 1.0528, 1.09789, 1.10125, 1.15512, 1.15956, 1.16292, 1.16628, 1.1714, 1.11604, 1.11764, 1.12077, 1.12233, 1.13672, 1.13966, 1.1445, 1.14627, 1.14795, 1.05941, 1.06218, 1.06381, 1.06675, 1.07918, 1.08246, 1.08467, 1.08803, 1.09337, 1.0719, 1.07526, 1.10217, 1.10553, 1.12255, 1.12591, 1.12927, 1.13505, 1.13841, 1.12325, 1.15301, 1.15637, 1.15856, 1.16032, 1.1636, 1.15705, 1.17638, 1.17974, 1.1831, 1.18646, 1.18982, 1.09449, 2.09701, 2.10037, 2.1044, 2.10776, 2.11062, 1.21794, 1.22004, 1.2213, 1.22399, 1.17006, 1.20683, 1.21087, 1.21406, 1.21839, 1.37006, 1.37342, 1.37678, 1.37963, 1.38353, 1.3464, 1.34976, 1.35379, 1.35715, 1.36051, 1.29633, 1.29974, 1.30294, 1.26295, 1.26429, 1.26746, 1.36459, 1.36795, 1.37081, 1.40407, 1.40743, 1.41281, 1.41629, 1.41964, 1.34119, 1.34428, 1.34764, 1.30894, 1.3123, 1.4566, 1.4604, 1.46443, 1.46779, 1.47158, 1.38187, 1.38523, 1.38859, 1.39195, 1.3967, 1.35291, 1.35627, 1.3602, 1.37745, 1.38024, 1.38494, 1.3883, 1.39099, 1.34372, 1.34674, 1.3544, 1.35776, 1.36045, 1.36639, 1.37251, 1.37587, 1.37923, 1.38259, 1.38617, 1.38852, 1.39188, 1.39524, 1.39793, 1.3797, 1.35803, 1.5245, 1.52853, 1.59076, 1.59412, 1.59989, 1.60325, 1.60661, 1.52353, 1.52754, 1.42497, 1.42674, 1.4646, 1.4679, 1.47126, 1.49223, 1.49799, 1.52816, 1.53152, 1.53488, 1.53774, 1.5423, 1.48717, 1.49053, 1.50639, 1.50975, 1.50991, 1.51125, 1.51489, 1.55339, 1.5756, 1.57896, 1.58231, 1.58568, 1.58838, 1.494, 1.51129, 1.61703,
0, 0, 0, 0, 0, 0, 0, 0, 0, 0, 0, 0, 0, 0, 0, 0, 0, 0, 0, 0, 0, 0, 0, 0, 0, 0, 0, 0, 0, 0, 0, 0, 0, 0, 0, 0, 0, 0, 0, 0, 0, 0, 0, 0, 0, 0, 0, 0, 0, 0, 0, 0, 0, 0, 0, 0, 0, 0, 0, 0, 0, 0, 0, 0, 0, 0, 0, 0, 0, 0, 0, 0, 0, 0, 0, 0, 0, 0, 0, 0, 0, 0, 0, 0, 0, 0, 0, 0, 0, 0, 0, 0, 0, 0, 0, 0, 0, 0, 0, 0, 0, 0, 0, 0, 0, 0, 0, 0, 0, 0, 0, 0, 0, 0, 0, 0, 0, 0, 0, 0, 0, 0, 0, 0, 0, 0, 0, 0, 0, 0, 0, 0, 0, 0, 0, 0, 0, 0, 0, 0, 0.728522, 0.732557, 0.736037, 0.739343, 0.742352, 0, 0, 0, 0, 0, 0, 0, 0, 0, 0, 0, 0, 0, 0, 0, 0, 0, 0.712908, 0.716879, 0.721055, 0.724361, 0.727667, 0, 0, 0, 0, 0, 0, 0, 0, 0, 0, 0, 0, 0, 0, 0, 0, 0, 0.831805, 0.834285, 0.837765, 0.841245, 0.844725, 0, 0.720505, 0.866601, 0.870081, 0.87356, 0.876171, 0.877713, 0.790047, 0.792984, 0.796464, 0.727412, 0.730852, 0.735028, 0, 0, 0.839907, 0.843387, 0.847867, 0.851347, 0.853435, 0.784668, 0.788148, 0.790627, 0.793933, 0.797413, 0.834124, 0.883818, 0.887472, 0.891126, 0.894606, 0.897477, 0.845959, 0.847351, 0.85034, 0.819635, 0.822941, 0.827509, 0.766521, 0.770697, 0.774177, 0.894684, 0.897598, 0.901383, 0.905559, 0.908169, 0.897834, 0.90149, 0.90497, 0.90845, 0.878868, 0.882522, 0.876556, 0.921185, 0.925156, 0.928636, 0.932321, 0.935801, 0.814987, 0.818641, 1.02406, 1.02754, 1.03102, 1.0345, 1.03711, 0.928807, 0.932288, 0.935768, 0.939248, 0.853441, 0.939347, 0.942827, 0.946307, 0.950102, 0.953582, 1.01133, 1.01551, 1.01815, 1.02163, 1.02719, 0.926046, 0.930148, 0.933802, 0.951825, 0.954435, 0.957915, 0.96096, 1.00228, 1.02009, 1.02377, 1.02725, 1.03073, 1.03625, 0.993065, 0.996544, 1.0928, 1.10893, 1.11225, 1.11581, 1.11886, 1.12234, 1.05634, 1.05982, 1.05714, 1.06131, 1.06392, 1.06793, 1.08638, 1.13214, 1.13562, 1.1896, 1.1942, 1.19768, 1.20116, 1.20611, 1.1509, 1.15273, 1.15585, 1.15759, 1.17203, 1.17516, 1.18017, 1.18191, 1.18365, 1.09517, 1.09778, 1.09974, 1.10287, 1.1154, 1.11879, 1.12108, 1.12456, 1.13009, 1.10867, 1.11215, 1.13926, 1.14274, 1.1598, 1.16328, 1.16676, 1.17275, 1.17623, 1.1611, 1.19104, 1.19452, 1.19679, 1.19853, 1.20201, 1.19513, 1.21501, 1.21849, 1.22197, 1.22545, 1.22893, 1.13358, 2.13636, 2.13984, 2.14402, 2.1475, 2.15011, 1.25789, 1.25998, 1.26137, 1.26416, 1.21032, 1.2468, 1.25098, 1.25463, 1.25878, 1.41088, 1.41436, 1.41784, 1.42068, 1.42449, 1.38779, 1.39127, 1.39545, 1.39893, 1.40241, 1.33788, 1.34154, 1.34519, 1.30501, 1.3064, 1.30948, 1.40717, 1.41065, 1.41326, 1.44698, 1.45046, 1.45603, 1.45928, 1.46264, 1.38477, 1.38762, 1.3911, 1.35285, 1.35634, 1.50073, 1.50467, 1.50885, 1.51233, 1.5159, 1.42663, 1.43011, 1.43359, 1.43707, 1.44199, 1.39827, 1.40175, 1.40581, 1.42286, 1.42609, 1.43062, 1.4341, 1.43688, 1.38977, 1.39281, 1.40092, 1.4044, 1.40718, 1.41333, 1.41955, 1.42303, 1.42651, 1.42999, 1.43369, 1.43612, 1.4396, 1.44308, 1.44586, 1.42744, 1.40588, 1.57279, 1.57697, 1.63929, 1.64277, 1.64875, 1.65223, 1.65571, 1.57267, 1.57682, 1.47437, 1.47611, 1.51386, 1.51708, 1.52056, 1.54209, 1.54805, 1.57832, 1.5818, 1.58528, 1.58824, 1.59261, 1.53788, 1.54136, 1.55694, 1.56042, 1.56079, 1.56218, 1.56575, 1.60481, 1.62715, 1.63063, 1.63411, 1.63759, 1.64039, 1.5457, 1.56354, 1.6695,
0, 0, 0, 0, 0.70348, 0.703936, 0, 0, 0.700333, 0, 0, 0, 0, 0, 0.798259, 0.776384, 0.740696, 0.806862, 0.807397, 0, 0.808442, 0.815198, 0.815627, 0.815953, 0.826883, 0, 0, 0, 0, 0, 0, 0, 0, 0, 0, 0, 0, 0, 0, 0, 0, 0, 0, 0, 0, 0, 0, 0, 0, 0, 0, 0, 0, 0, 0, 0, 0, 0, 0, 0, 0, 0, 0, 0, 0, 0, 0, 0, 0, 0, 0, 0, 0, 0, 0, 0, 0, 0, 0, 0, 0, 0, 0, 0, 0.703129, 0.703571, 0, 0, 0, 0, 0, 0, 0, 0, 0, 0, 0, 0, 0, 0, 0, 0, 0, 0, 0, 0, 0, 0, 0.748271, 0.748807, 0, 0, 0, 0, 0, 0, 0, 0, 0, 0, 0, 0, 0.758886, 0.798627, 0, 0, 0, 0, 0, 0, 0, 0, 0, 0.816352, 0.816888, 0, 0.72355, 0.723742, 0.756459, 0.756986, 0.91299, 0, 0, 0, 0, 0, 0, 0, 0, 0, 0, 0, 0, 0, 0, 0.80861, 0.809172, 0, 0, 0, 0, 0, 0, 0, 0, 0, 0, 0, 0, 0, 0, 0, 0, 0, 0, 0.700152, 0.700795, 0.701228, 0, 0, 0, 0, 0, 0, 0, 0, 0, 0, 0, 0, 0, 0, 0, 0, 0, 0, 0, 0.793687, 0.794223, 0, 0, 0, 0, 0, 0, 0, 0, 0, 0, 0, 0, 0, 0, 0, 0, 0, 0, 0, 0, 0, 0, 0.803958, 0.80448, 0, 0, 0.708085, 0, 0, 0, 0, 0, 0, 0, 0, 0, 0, 0, 0, 0.788586, 0.78922, 0.732685, 0.819574, 0.820137, 0, 0, 0, 0, 0, 0, 0, 0, 0, 0, 0, 0, 0, 0, 0, 0.70428, 0.704816, 0.744255, 0.744889, 0.745425, 0, 0, 0, 0, 0, 0, 0, 0, 0, 0, 0, 0, 0, 0, 0, 0, 0.977502, 0.977931, 0.934758, 0.935294, 1.0248, 0, 0, 0, 0, 0, 0, 0, 0, 0, 0, 0, 0, 0, 0, 0, 0, 0, 0, 0, 0, 0, 0, 0, 0, 0, 0, 0, 0, 0, 0, 0, 0, 0, 0, 0, 0, 0, 0, 0, 0, 0, 0, 0, 0, 0.700766, 0.701302, 0, 0.710215, 0.710751, 0, 0, 0.835172, 0.743667, 0.842392, 0.842928, 0.843464, 0, 0, 0, 1.17433, 1.17486, 1.17529, 1.17583, 1.48693, 0, 0, 0.771231, 0.771753, 0, 0.797306, 0.797748, 0.79072, 0.792421, 0.986277, 0.800599, 0.801126, 0.801563, 0.801992, 0.762494, 0, 0, 0, 0, 0, 0.883968, 0.884611, 0.760543, 0.760757, 0.761244, 0, 0, 0, 0, 0, 0, 0, 0, 0, 0, 0, 0, 0.852093, 0.993458, 0.993985, 0.994413, 0.994958, 0, 0, 0, 0, 0, 0, 0, 0, 0, 0, 0, 0, 0, 0, 0, 0.990384, 0.997357, 0.997893, 0.998527, 0.998965, 0, 0, 0, 0, 0, 0, 0, 0, 0, 0, 0, 0, 0, 0, 0, 0, 0, 0, 0, 0, 0, 0, 0.839297, 0.839784, 0.801405, 0.896528, 0.896961, 0, 0, 0, 0, 0, 0, 0, 0.872916, 0.873451, 0.799929, 0.800144, 0.800738, 0, 0, 0, 0, 0, 0, 0, 0, 0,
0, 0, 0, 0, 0, 0, 0, 0, 0, 0, 0, 0, 0, 0, 0.783616, 0.788244, 0.791964, 0.795743, 0.799463, 0, 0.806766, 0.811974, 0.815694, 0.817585, 0.821274, 0, 0, 0, 0, 0.725712, 0.728688, 0.731821, 0.735541, 0.737567, 0, 0, 0, 0, 0, 0, 0, 0, 0, 0, 0.724757, 0.72869, 0.733245, 0.736965, 0.741544, 0, 0, 0, 0, 0, 0, 0, 0, 0, 0, 0, 0, 0, 0, 0, 0, 0, 0, 0, 0, 0, 0, 0, 0, 0, 0, 0, 0, 0, 0, 0, 0, 0, 0, 0, 0.865373, 0.870732, 0.874452, 0.878234, 0.881179, 0, 0, 0.706005, 0.709725, 0.713445, 0.717165, 0.720885, 0, 0, 0, 0, 0, 0, 0, 0, 0, 0, 0, 0, 0.935894, 0.939614, 0.943334, 0.947204, 0.951518, 0, 0, 0, 0, 0, 0, 0.992256, 0.995784, 0.999318, 1.00339, 1.00656, 0.751279, 0.75589, 0.710969, 0.714689, 0.719153, 0.723059, 0.726097, 0, 0, 1.04474, 1.04846, 1.05029, 1.05122, 1.054, 1.05698, 1.06064, 1.06522, 0.80911, 0.81283, 0.81634, 0, 0, 0, 0, 0, 0.704366, 0.708086, 0.711837, 1.11056, 1.11422, 1.1161, 1.12042, 1.12433, 0.869054, 0.872743, 0.828566, 0.830939, 0.834659, 0.837829, 0.754023, 0.758487, 0, 0, 0, 0.725497, 0.730667, 0.734387, 0.872851, 0.87468, 1.18328, 1.18566, 1.18904, 1.1935, 1.19645, 0.805018, 0.808738, 0.813528, 0.771678, 0.850391, 0.854297, 0.858227, 0.861947, 0.865667, 0.806502, 0.810221, 0, 0, 0.837208, 0.840928, 0.844648, 0.84781, 0.849086, 0.785028, 1.25116, 1.25488, 1.25865, 1.26232, 1.26679, 0.923908, 0.927628, 0.904462, 0.908182, 0.911902, 0.915653, 0.873818, 0.874957, 0.878212, 0.748389, 0.7518, 0.75552, 0.778815, 0.918338, 0.922089, 0.925747, 0.929467, 0.932164, 0.863416, 1.35356, 1.35719, 1.35976, 1.36367, 1.3688, 0.828671, 0.833135, 0.836855, 0.919577, 0.922693, 0.950424, 0.9534, 0.957505, 0.959724, 0.965074, 0.955368, 0.959088, 1.41558, 1.41998, 1.42061, 1.42468, 1.42859, 1.17331, 1.17666, 1.13208, 1.13672, 1.14063, 1.14367, 0.934766, 0.938486, 0.942206, 0.945368, 0.935857, 0.939577, 0.943297, 0.947017, 0.912299, 1.48835, 1.49207, 1.49579, 1.4996, 1.50332, 1.24861, 1.25233, 1.25605, 1.25974, 1.07943, 1.08243, 1.08903, 1.09275, 1.09591, 1.09817, 1.10189, 1.28878, 1.2925, 1.29725, 1.30097, 1.30469, 1.7272, 1.73154, 1.73526, 1.73898, 1.74202, 1.22717, 1.23071, 1.24748, 1.25194, 1.25566, 1.25938, 1.2631, 1.10364, 1.10811, 1.29443, 1.2989, 1.30262, 1.30578, 1.3736, 1.37686, 1.38178, 1.38553, 1.38925, 1.19452, 1.19635, 1.19811, 1.20155, 1.19488, 1.20174, 1.20497, 1.33088, 1.33324, 1.33507, 1.33868, 1.34175, 1.29265, 1.42782, 1.43079, 1.43442, 1.43758, 1.44127, 1.43569, 1.43944, 1.44316, 1.50552, 1.50924, 1.51169, 1.51541, 1.51913, 1.6099, 1.61362, 1.61716, 1.62096, 1.62468, 1.31512, 1.3171, 1.75805, 1.76177, 1.76475, 1.76847, 1.77219, 1.31625, 1.31997, 1.21176, 1.22678, 1.2305, 1.23496, 1.23868, 1.54008, 1.5438, 1.54612, 1.72835, 1.73133, 1.73412, 1.81676, 1.82123, 1.82476, 1.82956, 1.83298, 1.65048, 1.65414, 1.65718, 1.66112, 1.66475, 1.45965, 1.45779, 1.46151, 1.46523, 1.3796, 1.87337, 1.87709, 1.87892, 1.88041, 1.884, 1.57997, 1.58369, 1.58685, 1.39406, 1.39778, 1.384, 1.5287, 1.53316, 1.53688, 1.5403, 1.54402, 1.46068, 1.9324, 1.93555, 1.93952, 1.94399, 1.94777, 1.42873, 1.52223, 1.52595, 1.52967, 1.53339, 1.53865, 1.44598, 1.4497, 1.45855, 1.5725, 1.57558, 1.63225, 1.63597, 1.64014, 1.64213, 2.16563, 2.16982, 2.17354, 2.17794, 2.18218, 1.63477, 1.63849, 1.64221, 1.64593, 1.70045, 1.70305, 1.70677, 1.71049, 1.71346, 1.6053, 1.6092, 1.66642, 1.67089, 1.67551, 1.67923, 1.68422, 1.63392, 1.63764, 1.59374, 1.59818, 1.60411, 1.60646, 2.10217, 2.10592, 2.10964, 2.11434, 2.11891, 1.72875, 1.73247, 1.73619, 1.74097, 1.76258, 1.7663, 1.77002, 2.14854, 2.15226, 2.15234, 2.15383, 2.15795, 1.8556, 1.85863, 1.91, 1.91375, 1.91747, 1.92115, 1.92493, 1.85552, 1.86117,
0, 0, 0, 0, 0.792782, 1.02183, 1.02567, 1.03237, 1.03583, 0, 0, 0, 0, 0, 0.992418, 1.18376, 1.18837, 1.19235, 1.19619, 0, 0.888267, 1.16221, 1.16817, 1.17028, 1.18342, 1.01839, 0.828095, 0.831935, 0.835775, 0.884872, 1.04043, 1.04366, 1.0475, 1.04992, 0.890667, 0.817866, 0.821393, 0.83011, 0, 0, 0.822322, 0.82597, 0, 0, 1.12423, 0.795762, 0.988224, 0.992064, 0.998324, 0.747057, 0.750677, 0, 0, 0, 0, 0, 0, 0, 0, 0, 0, 0, 0, 0, 0, 0, 0.740693, 0.746069, 0.749909, 0.753749, 0, 0, 0, 0, 0, 0, 0, 0, 0, 0, 0, 0, 0, 0, 1.1112, 1.11673, 0.965921, 0.969953, 0.974496, 0, 0, 0.71626, 0.876927, 0.880767, 0.884607, 0.888447, 0, 0, 0, 0, 0.744754, 0.747679, 0.806483, 0.706495, 0.710335, 0, 0, 0, 1.10174, 1.10558, 1.11257, 1.11676, 1.12121, 0, 0, 0, 0, 0, 0, 1.15675, 1.16001, 1.21184, 1.21605, 1.21931, 0.919251, 0.924372, 0.8797, 0.786814, 0.743135, 0.747167, 0.928359, 0, 0, 1.24738, 1.25122, 1.06574, 1.4258, 1.42874, 1.19327, 1.27517, 1.27977, 0.945922, 0.949762, 0.868591, 0, 0, 0, 0.79464, 0.798512, 0.862471, 0.866311, 0.870215, 1.26906, 1.2727, 1.33239, 1.33685, 1.34088, 1.00706, 1.16544, 0.970702, 1.03586, 1.03951, 1.04356, 0.959904, 0.964512, 0.791406, 0.79531, 0.700562, 0.87459, 0.879966, 0.883806, 1.06517, 1.06709, 1.47771, 1.48016, 1.48362, 1.37027, 1.37331, 0.908968, 0.82901, 0.947141, 0.792319, 1.07116, 1.07577, 1.09341, 1.09614, 1.09998, 0.863291, 0.867131, 0, 0.777067, 0.939014, 0.942854, 0.946694, 1.02329, 1.02392, 0.870481, 1.42718, 1.43102, 1.55717, 1.56121, 1.56581, 1.01602, 1.19713, 1.07058, 1.07442, 1.07936, 1.08327, 1.04035, 0.980426, 0.98369, 0.854827, 0.858731, 0.862571, 0.803296, 0.952851, 0.956755, 0.960403, 1.10412, 1.10437, 0.952991, 1.52657, 1.52964, 1.38523, 1.38926, 1.43314, 0.864646, 0.869254, 0.873094, 1.01536, 0.988568, 1.12601, 1.12908, 1.13988, 1.14314, 1.14866, 1.13908, 1.14292, 1.59369, 1.59811, 1.64672, 1.65093, 1.65496, 1.35452, 1.47875, 1.31362, 1.17418, 1.17821, 1.37417, 1.11242, 1.11626, 1.1201, 1.16247, 0.969151, 0.972991, 0.976831, 0.980671, 0.941728, 1.51783, 1.52167, 1.60931, 1.61277, 1.7321, 1.36619, 1.37079, 1.37371, 1.37749, 1.26599, 1.2239, 1.263, 1.26753, 1.30081, 1.19823, 1.20207, 1.34546, 1.38739, 1.51296, 1.51702, 1.52086, 1.94338, 1.96807, 1.97085, 1.97469, 1.97879, 1.46479, 1.38864, 1.46132, 1.46587, 1.41439, 1.29271, 1.29655, 1.20334, 1.20795, 1.50334, 1.50814, 1.60565, 1.60891, 1.76644, 1.64608, 1.65116, 1.65506, 1.6589, 1.46453, 1.38097, 1.38251, 1.41021, 1.37989, 1.4094, 1.41228, 1.54051, 1.52833, 1.53006, 1.65798, 1.6639, 1.56858, 1.75028, 1.75354, 1.58138, 1.5839, 1.58768, 1.58235, 1.4761, 1.47994, 1.7663, 1.77014, 1.58715, 1.59099, 1.59483, 1.68653, 1.69037, 1.65491, 1.75746, 1.7613, 1.35324, 1.35526, 1.89578, 1.80007, 1.93674, 1.94058, 1.94442, 1.37593, 1.37977, 1.25085, 1.30114, 1.30498, 1.30959, 1.31343, 1.68922, 1.68096, 1.68336, 2.58725, 2.59033, 2.28282, 2.85649, 2.8611, 2.06394, 2.0689, 2.07229, 1.88992, 1.89382, 1.85494, 1.85901, 1.86276, 1.65441, 1.65053, 1.6575, 1.66134, 1.49347, 2.06957, 2.07322, 1.9211, 2.19732, 2.20078, 1.80964, 1.81348, 1.81693, 1.60478, 1.60862, 1.52066, 1.68065, 1.68545, 1.63956, 1.74733, 1.75117, 1.50448, 2.07996, 2.08348, 2.04776, 2.05237, 2.0564, 1.54163, 1.63548, 1.63932, 1.64316, 1.647, 1.64807, 1.51281, 1.51665, 1.56914, 1.6938, 1.69576, 1.86357, 1.86741, 1.87214, 1.84515, 2.36879, 2.42109, 2.42493, 2.42781, 2.51433, 1.94432, 1.92474, 1.92858, 1.93242, 1.92605, 1.83333, 1.83717, 1.84101, 1.92521, 1.73687, 1.68803, 1.86577, 1.87041, 1.85475, 1.85859, 1.86538, 1.80823, 1.81207, 1.69585, 1.72452, 1.73812, 1.741, 2.29883, 2.30228, 2.30615, 2.34808, 2.35459, 1.96412, 1.96796, 1.9718, 1.94169, 1.96952, 1.90829, 1.91213, 2.39525, 2.39846, 2.20334, 2.47956, 2.48379, 1.96006, 2.03732, 2.23639, 2.09268, 2.09652, 2.09961, 1.97686, 1.90766, 2.03977,
0, 0, 0, 0, 0.793581, 1.02271, 1.02667, 1.03359, 1.03662, 0, 0, 0, 0, 0, 0.994434, 1.18577, 1.19052, 1.19462, 1.19858, 0, 0.890894, 1.16489, 1.17108, 1.17319, 1.18613, 1.02109, 0.831016, 0.834976, 0.838936, 0.888542, 1.04436, 1.0477, 1.05166, 1.0537, 0.894437, 0.821558, 0.825196, 0.833965, 0, 0, 0.826977, 0.830805, 0, 0, 1.12937, 0.800993, 0.993191, 0.997151, 1.00348, 0.75275, 0.756484, 0, 0, 0, 0, 0, 0, 0, 0, 0, 0, 0, 0, 0, 0, 0, 0.748554, 0.754098, 0.758058, 0.762018, 0, 0, 0, 0, 0, 0, 0, 0, 0, 0, 0, 0, 0, 0, 1.12087, 1.12658, 0.975832, 0.979594, 0.984148, 0, 0, 0.726247, 0.887001, 0.890961, 0.894921, 0.898881, 0, 0, 0, 0, 0.756007, 0.759024, 0.818257, 0.71858, 0.72254, 0.706802, 0.710762, 0, 1.11443, 1.11839, 1.12549, 1.12968, 1.13427, 0, 0, 0, 0, 0, 0, 1.17045, 1.17388, 1.22584, 1.23018, 1.23315, 0.9332, 0.938217, 0.894299, 0.801525, 0.757798, 0.761956, 0.94304, 0, 0, 1.26245, 1.26641, 1.08106, 1.44135, 1.44422, 1.20873, 1.29069, 1.29531, 0.961484, 0.965444, 0.884386, 0, 0, 0, 0.810915, 0.814842, 0.879088, 0.883048, 0.887206, 1.28617, 1.29032, 1.35016, 1.35476, 1.35853, 1.02477, 1.18319, 0.989153, 1.05393, 1.05809, 1.06224, 0.978725, 0.983477, 0.810305, 0.814331, 0.719671, 0.893987, 0.899531, 0.903491, 1.08458, 1.08689, 1.49757, 1.50011, 1.50334, 1.39001, 1.39295, 0.928783, 0.848913, 0.967298, 0.813096, 1.09219, 1.09694, 1.11461, 1.11743, 1.12139, 0.88462, 0.88858, 0.711777, 0.798756, 0.961125, 0.965085, 0.969045, 1.04573, 1.04637, 0.892914, 1.45004, 1.454, 1.58027, 1.58429, 1.58905, 1.03918, 1.21995, 1.09361, 1.09757, 1.10267, 1.10683, 1.06433, 1.00449, 1.00798, 0.878946, 0.882972, 0.886932, 0.827913, 0.977088, 0.981246, 0.985404, 1.12933, 1.12959, 0.978115, 1.55193, 1.5551, 1.41083, 1.41459, 1.45859, 0.890415, 0.895167, 0.899127, 1.04168, 1.01482, 1.15257, 1.15574, 1.16624, 1.17, 1.1757, 1.16623, 1.17019, 1.62072, 1.62567, 1.67431, 1.67865, 1.68242, 1.38207, 1.50628, 1.34191, 1.20231, 1.20647, 1.40232, 1.14089, 1.14485, 1.14881, 1.19161, 0.9981, 1.00206, 1.00602, 1.00998, 0.971157, 1.54705, 1.55101, 1.6388, 1.64289, 1.76196, 1.39614, 1.40089, 1.4039, 1.40766, 1.29679, 1.25445, 1.29417, 1.29885, 1.33232, 1.22981, 1.23377, 1.37662, 1.41855, 1.54433, 1.54852, 1.55248, 1.97565, 2.00049, 2.00335, 2.00731, 2.01115, 1.49779, 1.42165, 1.49404, 1.49859, 1.44776, 1.32617, 1.33013, 1.23685, 1.2416, 1.53728, 1.54184, 1.63933, 1.64256, 1.80021, 1.68008, 1.68532, 1.68948, 1.69344, 1.49912, 1.416, 1.41759, 1.44552, 1.41519, 1.44476, 1.44789, 1.57629, 1.56399, 1.56593, 1.69378, 1.69989, 1.60454, 1.78606, 1.78929, 1.61737, 1.61997, 1.62374, 1.61916, 1.5129, 1.51686, 1.80348, 1.80744, 1.62443, 1.62839, 1.63235, 1.7243, 1.72826, 1.69278, 1.79545, 1.79941, 1.39151, 1.39349, 1.93385, 1.83811, 1.97504, 1.979, 1.98296, 1.41478, 1.41874, 1.28994, 1.34035, 1.34431, 1.34906, 1.35302, 1.7291, 1.72077, 1.72325, 2.62751, 2.63068, 2.32294, 2.89685, 2.9016, 2.10451, 2.10922, 2.11259, 1.93034, 1.9345, 1.89558, 1.89977, 1.90364, 1.69545, 1.69218, 1.69927, 1.70323, 1.53535, 2.11124, 2.11514, 1.96315, 2.23967, 2.24291, 1.85226, 1.85622, 1.85925, 1.64774, 1.6517, 1.56393, 1.72401, 1.72856, 1.68299, 1.79119, 1.79515, 1.54842, 2.12365, 2.12728, 2.09208, 2.09683, 2.10059, 1.58632, 1.6804, 1.68436, 1.68832, 1.69228, 1.69333, 1.55802, 1.56198, 1.6149, 1.73973, 1.74175, 1.9097, 1.91366, 1.91854, 1.89145, 2.41473, 2.46726, 2.47122, 2.47459, 2.56089, 1.99141, 1.97199, 1.97595, 1.97991, 1.97366, 1.88093, 1.88489, 1.88885, 1.97319, 1.78513, 1.73609, 1.91412, 1.91884, 1.90346, 1.90742, 1.91429, 1.85714, 1.8611, 1.74484, 1.77379, 1.78752, 1.79042, 2.34832, 2.35155, 2.35554, 2.39759, 2.40418, 2.0144, 2.01836, 2.02232, 1.99236, 2.02016, 1.95901, 1.96297, 2.44586, 2.44917, 2.25421, 2.53073, 2.53476, 2.01166, 2.08854, 2.2874, 2.14413, 2.14809, 2.15128, 2.02851, 1.95994, 2.0923,
0, 0, 0, 0, 0.77499, 1.00148, 1.00181, 1.0021, 1.00236, 0, 0, 0, 0, 0, 0.942936, 1.13077, 1.13111, 1.13139, 1.13173, 0, 0.816984, 1.08794, 1.08829, 1.08852, 1.09783, 0.930109, 0.737254, 0.737589, 0.737923, 0.783068, 0.935562, 0.93583, 0.936165, 0.93636, 0.775745, 0.700598, 0.700899, 0.708137, 0, 0, 0, 0, 0, 0, 0.98032, 0, 0.837576, 0.837911, 0.838195, 0, 0, 0, 0, 0, 0, 0, 0, 0, 0, 0, 0, 0, 0, 0, 0, 0, 0, 0, 0, 0, 0, 0, 0, 0, 0, 0, 0, 0, 0, 0, 0, 0, 0, 0, 0.83496, 0.835203, 0, 0, 0, 0, 0, 0, 0, 0, 0, 0, 0, 0, 0, 0, 0, 0, 0, 0, 0, 0, 0, 0, 0.741498, 0.741832, 0.745314, 0.745643, 0.745911, 0, 0, 0, 0, 0, 0, 0.760719, 0.760979, 0.808907, 0.809242, 0.80951, 0, 0, 0, 0, 0, 0, 0, 0, 0, 0.801777, 0.802112, 0, 0.974087, 0.974199, 0.7361, 0.814277, 0.814545, 0, 0, 0, 0, 0, 0, 0, 0, 0, 0, 0, 0.763736, 0.764138, 0.819373, 0.819708, 0.819976, 0, 0, 0, 0, 0, 0, 0, 0, 0, 0, 0, 0, 0, 0, 0, 0, 0.901667, 0.901826, 0.902018, 0.784216, 0.784479, 0, 0, 0, 0, 0, 0, 0, 0, 0, 0, 0, 0, 0, 0, 0, 0, 0, 0, 0, 0.76988, 0.770215, 0.892861, 0.893191, 0.893459, 0, 0, 0, 0, 0, 0, 0, 0, 0, 0, 0, 0, 0, 0, 0, 0, 0, 0, 0, 0.792034, 0.792327, 0, 0, 0, 0, 0, 0, 0, 0, 0, 0, 0, 0, 0, 0, 0, 0.798504, 0.798906, 0.846835, 0.84717, 0.847438, 0, 0, 0, 0, 0, 0, 0, 0, 0, 0, 0, 0, 0, 0, 0, 0, 0, 0.738514, 0.738921, 0.854136, 0, 0, 0, 0, 0, 0, 0, 0, 0, 0, 0, 0, 0, 0, 0, 0, 1.00616, 1.0265, 1.02684, 1.02717, 1.02746, 0, 0, 0, 0, 0, 0, 0, 0, 0, 0, 0, 0, 0, 0.767305, 0, 0, 0, 0, 0, 0, 0, 0, 0, 0, 0, 0, 0, 0, 0, 0, 0, 0.700196, 0.700525, 0, 0, 0, 0, 0, 0, 0, 0, 0, 0, 0, 0, 0, 0, 0, 0, 0, 0, 0.778066, 0, 0.812775, 0.81311, 0.813445, 0, 0, 0, 0, 0, 0, 0, 0, 0, 0, 1.41926, 1.41959, 1.11189, 1.68382, 1.68406, 0.883166, 0.883434, 0.883702, 0, 0, 0, 0, 0, 0, 0, 0, 0, 0, 0.843008, 0.843348, 0, 0.964452, 0.964645, 0, 0, 0, 0, 0, 0, 0, 0, 0, 0, 0, 0, 0.79826, 0.798612, 0.759308, 0.75966, 0.759928, 0, 0, 0, 0, 0, 0, 0, 0, 0, 0, 0, 0, 0, 0, 0, 1.01652, 1.06597, 1.0663, 1.06669, 1.14773, 0, 0, 0, 0, 0, 0, 0, 0, 0, 0, 0, 0, 0, 0, 0, 0, 0, 0, 0, 0, 0, 0, 0.857429, 0.857621, 0.857956, 0.896383, 0.896668, 0, 0, 0, 0, 0, 0, 0, 0.911379, 0.911714, 0.713933, 0.989067, 0.989277, 0, 0, 0.731735, 0, 0, 0, 0, 0, 0,
0, 0, 0, 0, 0.759461, 0.98947, 0.99367, 1.001, 1.00422, 0, 0, 0, 0, 0, 1.02049, 1.21247, 1.21751, 1.22186, 1.22606, 0, 0.918841, 1.19304, 1.19961, 1.20174, 1.52551, 1.45491, 1.2653, 1.2695, 1.2737, 0.860866, 1.13077, 1.13431, 1.13851, 1.14068, 0.981722, 0.909196, 0.913053, 0.922451, 0, 0, 0.838434, 0.842599, 0, 0, 1.56703, 1.23885, 1.43157, 1.43577, 1.44272, 1.08467, 1.08863, 0, 0, 0, 0, 0, 0, 0, 0, 0, 0, 0, 0, 0, 0, 0.712742, 0.864256, 0.870136, 0.874336, 0.878536, 0.704008, 0, 0, 0.71854, 0.724782, 0.728982, 0.7007, 0.70483, 0, 0, 0, 0.792775, 0.796135, 0.751888, 1.56761, 1.57366, 1.42305, 1.42732, 1.43239, 0, 0, 1.06805, 1.22848, 1.23268, 1.23688, 1.24108, 0.739923, 0, 0.801222, 0.807102, 0.833294, 0.836494, 0.841149, 0, 0, 0, 0, 0, 1.1508, 1.155, 1.16235, 1.16651, 1.17138, 0.811673, 0.817221, 0, 0, 0, 0, 1.62527, 1.62902, 1.68055, 1.68515, 1.68858, 1.0023, 1.00759, 0.947468, 0.84992, 0.802587, 0.806997, 0.998121, 0.712659, 0.716859, 1.72102, 1.72522, 1.53959, 1.89988, 1.90292, 1.66809, 1.74943, 1.75458, 1.03429, 1.03849, 0.957655, 0.709721, 0, 0, 0.941909, 0.945899, 1.01079, 1.01499, 1.01916, 1.74883, 1.75296, 1.8124, 1.81728, 1.82155, 1.10139, 1.26037, 1.04572, 1.18804, 1.19217, 1.19582, 1.11329, 1.11833, 0.847899, 0.851889, 0.758104, 0.926044, 0.931924, 0.936124, 1.14913, 1.15119, 1.96472, 1.96741, 1.97122, 1.85791, 1.86109, 1.06686, 0.987438, 1.10608, 0.835757, 1.08062, 1.08566, 1.22748, 1.23047, 1.23467, 0.963087, 0.967287, 0.754915, 0.89441, 1.0148, 1.019, 1.0232, 1.0657, 1.04242, 0.937996, 1.50675, 1.51095, 1.63747, 1.64146, 1.6465, 1.0853, 1.36402, 1.23816, 1.24236, 1.24776, 1.25193, 1.09381, 1.08599, 1.0897, 0.97946, 0.98373, 0.98793, 0.875358, 1.0075, 1.01166, 1.01579, 1.16013, 1.16041, 1.02847, 2.03005, 2.03341, 1.889, 1.89341, 1.93793, 0.942169, 0.947209, 0.951409, 1.10486, 1.06797, 1.18745, 1.19081, 1.23833, 1.19669, 1.23159, 1.24285, 1.24705, 2.10322, 2.10819, 2.1562, 2.1608, 2.16507, 1.47837, 1.60305, 1.42249, 1.27404, 1.27845, 1.48434, 1.19804, 1.20224, 1.20644, 1.26714, 1.06971, 1.07391, 1.07811, 1.08231, 1.03001, 2.03418, 2.03838, 2.1262, 2.13054, 2.24944, 1.49726, 1.5023, 1.50549, 1.50972, 1.3722, 1.37555, 1.383, 1.38713, 1.3987, 1.29634, 1.30054, 1.48065, 1.52254, 1.64879, 1.65323, 1.65743, 2.06288, 2.08801, 2.09104, 2.09524, 2.0996, 1.53978, 1.51405, 1.538, 1.54311, 1.54731, 1.35939, 1.36359, 1.30408, 1.30912, 1.62451, 1.62962, 1.85584, 1.85899, 1.90943, 1.78979, 1.79534, 1.79951, 1.80371, 1.57598, 1.45633, 1.45801, 1.54165, 1.54392, 1.56108, 1.5643, 1.67986, 1.674, 1.67607, 1.76771, 1.77418, 1.6718, 1.89881, 1.90196, 1.73056, 1.73332, 1.73755, 1.63383, 1.52779, 1.53199, 1.81887, 1.82307, 1.66994, 1.67414, 1.67834, 1.77186, 1.77606, 1.6916, 1.78469, 1.78889, 1.43218, 1.43428, 2.43845, 2.34288, 2.48006, 2.48426, 2.48846, 1.4927, 1.4969, 1.36812, 1.45393, 1.45813, 1.46317, 1.46737, 1.87907, 1.8006, 1.80312, 2.54661, 2.54997, 2.40339, 3.40497, 3.41001, 2.61229, 2.61757, 2.62139, 2.33251, 2.33668, 2.29818, 2.30263, 2.30673, 1.87599, 1.81858, 1.82592, 1.83012, 1.61863, 2.623, 2.62741, 2.47514, 2.7518, 2.75561, 1.96216, 1.96636, 1.96958, 1.74331, 1.74751, 1.66841, 1.81845, 1.81389, 1.77007, 1.81477, 1.81897, 1.63531, 2.63948, 2.64332, 2.60812, 2.61316, 2.61743, 1.6651, 1.74413, 1.74833, 1.75253, 1.75673, 1.76833, 1.65242, 1.65662, 1.69166, 1.96931, 1.93626, 2.04402, 2.07287, 2.07623, 2.02653, 2.53033, 2.58335, 2.58755, 2.59084, 2.67776, 2.09212, 2.06142, 2.06562, 2.06982, 2.06381, 2.00452, 2.00872, 2.01292, 2.04847, 1.89751, 1.832, 1.97075, 1.97583, 2.04948, 2.05368, 2.06069, 2.00424, 2.00844, 1.86799, 1.95053, 1.93106, 1.93404, 2.87472, 2.87854, 2.88276, 2.92506, 2.93229, 2.22797, 2.23217, 2.23637, 2.11225, 2.1406, 2.02686, 2.03106, 2.97552, 2.97904, 2.78384, 3.0605, 3.06515, 2.1275, 2.21668, 2.43105, 2.28825, 2.29245, 2.29583, 2.17328, 2.03746, 2.19192,
Main Loop Time: 3.45896
Number of Graph Matching Computed: 16488
Number of Zero Entries Cells: 9559
Number of Pruned Cells: 0
Number of Estimated Cells Above Threshold: 0
Number of Cells Above Threshold: 0
Env Time: 0.0013053
Dataloader Time: 0.0361525
FaissIndex Time: 0.0120262
Algorithm Time: 3.48151
