creating environment with lakes: /root/data/en/king_james_bible_para/10_1/, /root/data/en/esv_chapter/10/
1 text1_files listed
1 text2_files listed
Inverted Index Size: 134
Words: 56
Vector Size: 300
Normalized vector storage check
Index Trained: 1
Ntotal: 39
Sliding Window Computation time: 1.9263e-05
Out of dictionary words: 17
K: 39
NB: 39
Faiss Search Time: 0.0315536
size of I: 1521
Size of valid edges: 1512
Vector Size: 1500
Normalized vector storage check
Index Trained: 1
Ntotal: 10110
K: 10110
NB: 37
0, 0, 0, 0, 0, 0, 0, 0, 0, 0, 0, 0, 0, 1, 1, 1, 1, 1, 0, 0, 0, 0, 0, 0, 0, 0, 0, 0, 0, 0, 0, 0, 0, 0, 0, 0, 0, 0, 0, 0, 0, 0, 0, 0, 0, 0, 0, 0, 0, 0, 0, 0, 0, 0, 0, 0, 0, 0, 0, 0, 0, 0, 0, 0, 0, 0, 0, 0, 0, 0, 0, 0, 0, 0, 0, 0, 0, 0, 0, 0, 0, 0, 0, 0, 0, 0, 0, 0, 0, 0, 0, 0, 0,
0, 0, 0, 0, 0, 0, 0, 0, 0, 0, 0, 0, 0, 1.00136, 1.00149, 1.00162, 1.00171, 1.00183, 0, 0, 0, 0, 0, 0, 0, 0, 0, 0, 0, 0, 0, 0, 0, 0, 0, 0, 0, 0, 0, 0, 0, 0, 0, 0, 0, 0, 0, 0, 0, 0, 0, 0, 0, 0, 0, 0, 0, 0, 0, 0, 0, 0, 0, 0, 0, 0, 0, 0, 0, 0, 0, 0, 0, 0, 0, 0, 0, 0, 0, 0, 0, 0, 0, 0, 0, 0, 0, 0, 0, 0, 0, 0, 0,
0, 0, 0, 0, 0, 0, 0, 0, 0, 0, 0, 0, 0, 1.13184, 1.003, 1.00323, 2.0034, 2.00364, 1.1862, 1.18637, 1.18649, 0, 0, 0, 0, 0, 0, 0, 0, 0, 0, 0, 0, 0, 0, 0, 0, 0, 0, 0, 0, 0, 0, 0, 0, 0, 0, 0, 0, 0, 0, 0, 0, 0, 0, 0, 0, 0, 0, 0, 0, 0, 0, 0, 0, 0, 0, 0, 0, 0, 0, 0, 0, 0, 0, 0, 0, 0, 0, 0, 0, 0, 0, 0, 0, 0, 0, 0, 0, 0, 0, 0, 0,
0, 0, 0, 0, 0, 0, 0, 0, 0, 0, 0, 0, 0, 0.970622, 0.827307, 0.815914, 1.8044, 1.79016, 0.949975, 0.94143, 0.934309, 0, 0, 0, 0, 0, 0, 0, 0, 0, 0, 0, 0, 0, 0, 0, 0, 0, 0, 0, 0, 0, 0, 0, 0, 0, 0, 0, 0, 0, 0, 0, 0, 0, 0, 0, 0, 0, 0, 0, 0, 0, 0, 0, 0, 0, 0, 0, 0, 0, 0, 0, 0, 0, 0, 0, 0, 0, 0, 0, 0, 0, 0, 0, 0, 0, 0, 0, 0, 0, 0, 0, 0,
0, 0, 0, 0, 0, 0, 0, 0, 0, 0, 0, 0, 0, 0, 0, 0, 1.00684, 1.00732, 1.00775, 1.00806, 1.0083, 0, 0, 0, 0, 0, 0, 0, 0, 0, 0, 0, 0, 0, 0, 0, 0, 0, 0, 0, 0, 0, 0, 0, 0, 0, 0, 0, 0, 0, 0, 0, 0, 0, 0, 0, 0, 0, 0, 0, 0, 0, 0, 0, 0, 0, 0, 0, 0, 0, 0, 0, 0, 0, 0, 0, 0, 0, 0, 0, 0, 0, 0, 0, 0, 0, 0, 0, 0, 0, 0, 0, 0,
0, 0, 0, 0, 0, 0, 0, 0, 0, 0, 0, 0, 0, 0, 0, 0, 1.00858, 1.00918, 1.00972, 1.01006, 1.01036, 0, 0, 0, 0, 0, 0, 0, 0, 0, 0, 0, 0, 0, 0, 0, 0, 0, 0, 0, 0, 0, 0, 0, 0, 0, 0, 0, 0, 0, 0, 0, 0, 0, 0, 0, 0, 0, 0, 0, 0, 0, 0, 0, 0, 0, 0, 0, 0, 0, 0, 0, 0, 0, 0, 0, 0, 0, 0, 0, 0, 0, 0, 0, 0, 0, 0, 0, 0, 0, 0, 0, 0,
0, 0, 0, 0, 0, 0, 0, 0, 0, 0, 0, 0, 0, 0, 0, 0, 0.964409, 0.949251, 1.75516, 1.74455, 1.73697, 0.962474, 0.951737, 0, 0, 0, 0, 0, 0, 0, 0, 0, 0, 0, 0, 0, 0, 0, 0, 0, 0, 0, 0, 0, 0, 0, 0, 0, 0, 0, 0, 0, 0, 0, 0, 0, 0, 0, 0, 0, 0, 0, 0, 0, 0, 0, 0, 0, 0, 0, 0, 0, 0, 0, 0, 0, 0, 0, 0, 0, 0, 0, 0, 0, 0, 0, 0, 0, 0, 0, 0, 0, 0,
0, 0, 0, 0, 0, 0, 0, 0, 0, 0, 0, 0, 0, 0, 0, 0, 0, 0, 1.01346, 1.01408, 1.0145, 1.01526, 1.01655, 0, 0, 0, 0, 0, 0, 0, 0, 0, 0, 0, 0, 0, 0, 0, 0, 0, 0, 0, 0, 0, 0, 0, 0, 0, 0, 0, 0, 0, 0, 0, 0, 0, 0, 0, 0, 0, 0, 0, 0, 0, 0, 0, 0, 0, 0, 0, 0, 0, 0, 0, 0, 0, 0, 0, 0, 0, 0, 0, 0, 0, 0, 0, 0, 0, 0, 0, 0, 0, 0,
0, 0, 0, 0, 0, 0, 0, 0, 0, 0, 0, 0, 0, 0, 0, 0, 0, 0, 1.0154, 1.0161, 1.01658, 1.01745, 1.01893, 0, 0, 0, 0, 0, 0, 0, 0, 0, 0, 0, 0, 0, 0, 0, 0, 0, 0, 0, 0, 0, 0, 0, 0, 0, 0, 0, 0, 0, 0, 0, 0, 0, 0, 0, 0, 0, 0, 0, 0, 0, 0, 0, 0, 0, 0, 0, 0, 0, 0, 0, 0, 0, 0, 0, 0, 0, 0, 0, 0, 0, 0, 0, 0, 0, 0, 0, 0, 0, 0,
0, 0, 0, 0, 0, 0, 0, 0, 0, 0, 0, 0, 0, 0, 0, 0, 0, 0, 1.11622, 1.11698, 1.11752, 1.22762, 1.22966, 0, 0, 0, 0, 0, 0, 0, 0, 0, 0, 0, 0, 0, 0, 0, 0, 0, 0, 0, 0, 0, 0, 0, 0, 0, 0, 0, 0, 0, 0, 0, 0, 0, 0, 0, 0, 0, 0, 0, 0, 0, 0, 0, 0, 0, 0, 0, 0, 0, 0, 0, 0, 0, 0, 0, 0, 0, 0, 0, 0, 0, 0, 0, 0, 0, 0.723541, 0.724621, 0, 0, 0.728089,
0, 0, 0, 0, 0, 0, 0, 0, 0, 0, 0, 0, 0, 0, 0, 0, 0, 0, 1.05022, 1.04844, 1.04696, 1.15536, 1.15361, 0, 0, 0, 0, 0, 0, 0, 0, 0, 0, 0, 0, 0, 0, 0, 0, 0, 0, 0, 0, 0, 0, 0, 0, 0, 0, 0, 0, 0, 0, 0, 0, 0, 0, 0, 0, 0, 0, 0, 0, 0, 0, 0, 0, 0, 0, 0, 0, 0, 0, 0, 0, 0, 0, 0, 0, 0, 0, 0, 0, 0, 0, 0, 0, 0, 0, 0, 0, 0, 0,
0, 0, 0, 0, 0, 0, 0, 0, 0, 0, 0, 0, 0, 0, 0, 0, 0, 0, 0, 0, 0, 0, 0, 0, 0, 0, 0, 0, 0, 0, 0, 0, 0, 0, 0, 0, 0, 0, 0, 0, 0, 0, 0, 0, 0, 0, 0, 0, 0, 0, 0, 0, 0, 0, 0, 0, 0, 0, 0, 0, 0, 0, 0, 0, 0, 0, 0, 0, 0, 0, 0, 0, 0, 0, 0, 0, 0, 0, 0, 0, 0, 0, 0, 0, 0, 0, 0, 0, 0, 0, 0, 0, 0,
0, 0, 0, 0, 0, 0, 0, 0, 0, 0, 0, 0, 0, 0, 0, 0, 0, 0, 0, 0, 0, 0, 0, 0, 0, 0, 0, 0, 0, 0, 0, 0, 0, 0, 0, 0, 0, 0, 0, 0, 0, 0, 0, 0, 0, 0, 0, 0, 0, 0, 0, 0, 0, 0, 0, 0, 0, 0, 0, 0, 0, 0, 0, 0, 0, 0, 0, 0, 0, 0, 0, 0, 0, 0, 0, 0, 0, 0, 0, 0, 0, 0, 0, 0, 0, 0, 0, 0, 0, 0, 0, 0, 0,
0, 0, 0, 0, 0, 0, 0, 0, 0, 0, 0, 0, 0, 0, 0, 0, 0.70114, 0.708967, 0, 0, 0, 0, 0, 0, 0, 0, 0, 0, 0, 0, 0, 0, 0, 0, 0, 0, 0, 0, 0, 0, 0, 0, 0, 0, 0.705208, 0.709057, 0, 0.767454, 0.771302, 0.730511, 0.738142, 0.755961, 0, 0, 0, 0, 0, 0.703956, 0.711783, 0.841149, 0.848976, 0.883584, 0.822772, 0.830664, 0.745641, 0.753468, 0.802356, 0.783363, 0.79119, 0.857425, 0.865252, 0, 0, 0, 0.751113, 0.75894, 0.746241, 0.835219, 0.843045, 0.735806, 0.934437, 0.942264, 0.945127, 0.952954, 0.960781, 0.935453, 0.94328, 0.954871, 1.10554, 1.11336, 1.06536, 1.07319, 1.13645,
0, 0, 0, 0, 0, 0, 0, 0, 0, 0, 0, 0, 0, 0, 0, 0, 0, 0, 0, 0, 0, 0, 0, 0, 0, 0, 0, 0, 1.41377, 1.41554, 1.41731, 1.0453, 1.31188, 0, 0, 0, 0, 0, 0, 0, 0, 0, 0, 0, 0, 0, 0, 0, 0, 0, 0, 0.777266, 0, 1.2645, 1.26609, 1.26848, 1.19599, 1.19768, 0, 0.708276, 0, 0, 0, 0, 0, 0, 0, 0, 0, 0.782762, 0.784442, 0, 0, 0, 0, 0, 0, 0, 0, 0, 0, 0, 0, 0, 0, 0, 0, 0, 0, 0, 0, 0, 0,
0, 0, 0, 0, 0, 0, 0, 0, 0, 0, 0, 0, 0, 0, 0, 0, 0, 0, 0, 0, 0, 0, 0, 0, 0, 0, 0, 0, 1.43459, 1.43747, 1.42035, 1.04855, 1.31516, 0, 0, 0, 0, 0, 0, 0, 0, 0, 0, 0, 0, 0, 0, 0, 0, 0, 0, 0.808032, 0, 1.28289, 1.27179, 1.32589, 1.20188, 1.27444, 0, 0.785425, 0, 0.712349, 0.746644, 0.748414, 0, 0, 0, 0, 0, 0.874689, 0.876489, 0, 0, 0, 0, 0, 0, 0, 0, 0, 0, 0, 0, 0, 0, 0, 0, 0, 0, 0, 0, 0, 0,
0, 0, 0, 0, 0, 0, 0, 0, 0, 0, 0, 0, 0, 0, 0, 0, 0, 0, 0, 0, 0, 0, 0, 0, 0, 0, 0, 0, 1.2403, 1.2354, 1.21142, 0.835425, 1.09116, 0, 0, 0, 0, 0, 0, 0, 0, 0, 0, 0, 0, 0, 0, 0, 0, 0, 0, 0, 0, 0.917726, 0.897974, 0.945759, 0.812774, 0.87894, 0, 0, 0, 0, 0, 0, 0, 0, 0, 0, 0, 0, 0, 0, 0, 0, 0, 0, 0, 0, 0, 0, 0, 0, 0, 0, 0, 0, 0, 0, 0, 0, 0, 0, 0,
1.25606, 0, 0, 0, 0, 0, 0, 0, 0, 0, 0, 0, 0, 0, 0, 0, 0, 0, 0, 0, 0, 0, 0, 0, 0, 0, 0, 0, 1.24944, 1.2527, 1.21695, 1.05496, 2.05688, 1.16024, 1.16228, 1.16432, 1.16628, 0, 0, 0, 0, 0, 0, 0, 0, 0, 0, 1.04743, 1.04838, 0.882859, 0.884491, 1.21543, 0, 1.43171, 1.43389, 1.48825, 1.35404, 1.42699, 0, 0.782472, 0, 1.30153, 1.41007, 1.4121, 1.26358, 1.26562, 0, 0, 0, 0.763838, 0.765878, 0.737351, 0, 0, 0, 0, 0, 0, 0, 0, 0, 0, 0, 0, 0, 0, 0, 0, 0, 0, 0, 0, 0,
1.36753, 0, 0, 0, 0, 0, 0, 0, 0, 0, 0, 0, 0, 0, 0, 0, 0, 0, 0, 0, 0, 0, 0, 0, 0, 0, 0, 0, 1.54593, 1.55148, 1.32114, 1.16438, 2.16931, 2.17831, 2.18447, 2.19063, 2.19699, 1.2032, 0, 0, 0, 0, 0, 0, 0, 0, 0, 1.21241, 1.21543, 1.0807, 1.08563, 1.46738, 0.777629, 1.68879, 1.62255, 1.68038, 1.54981, 1.81921, 0.955073, 1.18117, 0.803713, 1.73997, 1.65549, 1.66154, 1.49206, 1.49822, 0, 0.741673, 0.747832, 1.12937, 1.13552, 1.192, 1.06412, 1.07028, 0.844287, 0.850446, 0, 0.892507, 0.898666, 0.7054, 0.948394, 0.954553, 0.895044, 0.901204, 0.907363, 0.776164, 0.782324, 0.751135, 0.902783, 0.908942, 0.823068, 0.829227, 0.828014,
1.21914, 0, 0, 0, 0, 0, 0, 0, 0, 0, 0, 0, 0, 0, 0, 0, 0, 0, 0, 0, 0, 0, 0, 0, 0, 0, 0, 0, 0.735159, 0.740643, 0, 0, 1.35797, 2.17658, 2.18267, 2.18876, 2.19471, 1.201, 0, 0, 0, 0, 0, 0, 0, 0, 0, 1.1273, 1.13035, 1.07819, 1.08306, 1.19259, 0, 0.876642, 0.81022, 0.864936, 0.737362, 1.00675, 0.82383, 0.981514, 0.800551, 1.73772, 1.60634, 1.61253, 1.44273, 1.44882, 0, 0.738005, 0.744099, 0.883797, 0.889891, 1.02479, 0.948445, 0.954539, 0.840201, 0.846295, 0, 0.888238, 0.894332, 0.700882, 0.94388, 0.949974, 0.89045, 0.896544, 0.902638, 0.771325, 0.777419, 0.746166, 0.896764, 0.902858, 0.817953, 0.824047, 0.822769,
1.11406, 0, 0, 0, 0, 0, 0, 0, 0, 0, 0, 0, 0, 0, 0, 0, 0, 0, 0, 0, 0, 0, 0, 0, 0, 0, 0, 0, 0, 0, 0, 0, 1.16824, 2.0693, 2.0717, 2.0741, 2.07634, 1.0791, 0, 0, 0, 0, 0, 0, 0, 0, 0, 0.890412, 0.891612, 0.927168, 0.929088, 0.991126, 0, 0, 0, 0, 0, 0, 0, 0, 0, 1.39018, 1.30555, 1.30807, 1.20356, 1.20596, 0, 0, 0, 0, 0, 0.708076, 0.711721, 0.714121, 0, 0, 0, 0, 0, 0, 0, 0, 0, 0, 0, 0, 0, 0, 0, 0, 0, 0, 0,
1.11177, 0, 0, 0, 0, 0, 0, 0, 0, 0, 0, 0, 0, 0, 0, 0, 0, 0, 0, 0, 0, 0, 0, 0, 0, 0, 0, 0, 0, 0, 0, 0, 1.11423, 2.0134, 2.01388, 2.01437, 2.01473, 1.01596, 0, 0, 0, 0, 0, 0, 0, 0, 0, 0.813014, 0.813257, 0.847929, 0.848366, 0.908992, 0, 0, 0, 0, 0, 0, 0, 0, 0, 1.28881, 1.20183, 1.20241, 1.0955, 1.09598, 0, 0, 0, 0, 0, 0, 0, 0, 0, 0, 0, 0, 0, 0, 0, 0, 0, 0, 0, 0, 0, 0, 0, 0, 0, 0, 0,
0, 0, 0, 0, 0, 0, 0, 0, 0, 0, 0, 0, 0, 0, 0, 0, 0, 0, 0, 0, 0, 0, 0, 0, 0, 0, 0, 0, 0, 0, 0, 0, 0, 0.987393, 0.986969, 0.986545, 0.986205, 0.985866, 0, 0, 0, 0, 0, 0, 0, 0, 0, 0, 0, 0, 0, 0, 0, 0, 0, 0, 0, 0, 0, 0, 0, 0, 0, 0, 0, 0, 0, 0, 0, 0, 0, 0, 0, 0, 0, 0, 0, 0, 0, 0, 0, 0, 0, 0, 0, 0, 0, 0, 0, 0, 0, 0, 0,
0, 0, 0, 0, 0, 0, 0, 0, 0, 0, 0, 0, 0, 0, 0, 0, 0, 0, 0, 0, 0, 0, 0, 0, 0, 0, 0, 0, 0, 0, 0, 0, 0, 0, 0, 0, 0, 0, 1.09306, 1.09637, 1.09913, 1.10148, 1.10424, 0, 0, 0, 0, 0, 0, 0, 0, 0, 0, 0, 0, 0, 0, 0, 0, 0, 0, 0, 0, 0, 0, 0, 0, 0, 0, 0, 0, 0, 0, 0, 0, 0, 0, 0, 0, 0, 0, 0, 0, 0, 0, 0, 0, 0, 0, 0, 0, 0, 0,
0, 0, 0, 0, 0, 0, 0, 0, 0, 0, 0, 0, 0, 0, 0, 0, 0, 0, 0, 0, 0, 0, 0, 0, 0, 0, 0, 0, 0, 0, 0, 0, 0, 0, 0, 0, 0, 0, 1.09713, 1.10058, 1.10346, 1.10591, 1.10879, 0, 0, 0, 0, 0, 0, 0, 0, 0, 0, 0, 0, 0, 0, 0, 0, 0, 0, 0, 0, 0, 0, 0, 0, 0, 0, 0, 0, 0, 0, 0, 0, 0, 0, 0, 0, 0, 0, 0, 0, 0, 0, 0, 0, 0, 0, 0, 0, 0, 0,
0, 0, 0, 0, 0, 0, 0, 0, 0, 0, 0, 0, 0, 0, 0, 0, 0, 0, 0, 0, 0, 0, 0, 0, 0, 0, 0, 0, 0, 0, 0, 0, 0, 0, 0, 0, 0, 0, 1.10123, 1.10483, 1.10783, 1.11038, 1.11338, 0, 0, 0, 0, 0, 0, 0, 0, 0, 0, 0, 0, 0, 0, 0, 0, 0, 0, 0, 0, 0, 0, 0, 0, 0, 0, 0, 0, 0, 0, 0, 0, 0, 0, 0, 0, 0, 0, 0, 0, 0, 0, 0, 0, 0, 0, 0, 0, 0, 0,
0, 0, 0, 0, 0, 0, 0, 0, 0, 0, 0, 0, 0, 0, 0, 0, 0, 0, 0, 0, 0, 0, 0, 0, 0, 0, 0, 0, 0, 0, 0, 0, 0, 0, 0, 0, 0, 0, 1.10543, 1.10917, 1.11229, 2.11456, 2.11768, 1.11965, 1.4509, 1.45243, 0, 0, 0, 0, 0, 0, 0, 0, 0, 0, 0, 0, 0, 0, 0, 0, 0, 0, 0, 0, 0, 0, 0, 0, 0, 0, 0, 0, 0, 0, 0, 0, 0, 0, 0, 0, 0, 0, 0, 0, 0, 0, 0.706984, 0.710104, 0.713563, 0.716683, 0,
0, 0, 0, 0, 0, 0, 0, 0, 0, 0, 0, 0, 0, 0, 0, 0, 0, 0, 0, 0, 0, 0, 0, 0, 0, 0, 0, 0, 0, 0, 0, 0, 0, 0, 0, 0, 0, 0, 1.11966, 1.12248, 1.126, 2.12858, 2.1321, 1.13497, 1.46631, 1.46804, 0, 0, 0, 0, 0, 0, 0, 0, 0, 0, 0, 0, 0, 0, 0, 0, 0, 0, 0, 0, 0, 0, 0, 0, 0, 0, 0, 0, 0, 0, 0, 0, 0, 0, 0, 0, 0, 0, 0, 0, 0, 0.703333, 0.738516, 0.742035, 0.745553, 0.749072, 0,
0, 0, 0, 0, 0, 0, 0, 0, 0, 0, 0, 0, 0, 0, 0, 0, 0, 0, 0, 0, 0, 0, 0, 0, 0, 0, 0, 0, 0, 0, 0, 0, 0, 0, 0, 0, 0, 0, 0, 0, 0, 1.12345, 1.12681, 1.12891, 1.13034, 1.13202, 0, 0, 0, 0, 0, 0, 0, 0, 0, 0, 0, 0, 0, 0, 0, 0, 0, 0, 0, 0, 0, 0, 0, 0, 0, 0, 0, 0, 0, 0, 0, 0, 0, 0, 0, 0, 0, 0, 0, 0, 0, 0, 0, 0, 0, 0, 0,
0, 0, 0, 0, 0, 0, 0, 0, 0, 0, 0, 0, 0, 0, 0, 0, 0, 0, 0, 0, 0, 0, 0, 0, 0, 0, 0, 0, 0, 0, 0, 0, 0, 0, 0, 0, 0, 0, 0, 0, 0, 1.45787, 1.46135, 1.1336, 2.13485, 2.13647, 1.13798, 1.20432, 1.20603, 0, 0, 0, 0, 0, 0, 0, 0, 0, 0, 0, 0, 0, 0, 0, 0, 0, 0, 0, 0, 0, 0, 0, 0, 0, 0, 0, 0, 0, 0, 0, 0, 0, 0, 0, 0, 0, 0, 0, 0, 0, 0, 0, 0,
0, 0, 0, 0, 0, 0, 0, 0, 0, 0, 0, 0, 0, 0, 0, 0, 0, 0, 0, 0, 0, 0, 0, 0, 0, 0, 0, 0, 0, 0, 0, 0, 0, 0, 0, 0, 0, 0, 0, 0, 0, 1.03444, 1.02648, 0, 1.68855, 1.68457, 0, 0.744506, 0.74053, 0, 0, 0, 0, 0, 0, 0, 0, 0, 0, 0, 0, 0, 0, 0, 0, 0, 0, 0, 0, 0, 0, 0, 0, 0, 0, 0, 0, 0, 0, 0, 0, 0, 0, 0, 0, 0, 0, 0, 0, 0, 0, 0, 0,
0, 0, 0, 0, 0, 0, 0, 0, 0, 0, 0, 0, 0, 0, 0, 0, 0, 0, 0, 0, 0, 0, 0, 0, 0, 0, 0, 0, 0, 0, 0, 0, 0, 0, 0, 0, 0, 0, 0, 0, 0, 0, 0, 0, 1.14421, 1.14598, 1.14756, 1.14895, 1.15081, 0, 0, 0, 0, 0, 0, 0, 0, 0, 0, 0, 0, 0, 0, 0, 0, 0, 0, 0, 0, 0, 0, 0, 0, 0, 0, 0, 0, 0, 0, 0, 0, 0, 0, 0, 0, 0, 0, 0, 0, 0, 0, 0, 0,
0.930426, 0, 0, 0, 0, 0, 0, 0, 0, 0, 0, 0, 0, 0, 0, 0, 0, 0, 0, 0, 0, 0, 0, 0, 0, 0, 0, 0, 0, 0, 0, 0, 1.0729, 0.905416, 0.909256, 0.913096, 0.916776, 0, 0, 0, 0, 0, 0, 0, 1.21393, 1.21581, 1.15242, 2.1536, 2.15539, 1.29805, 1.30112, 1.33719, 0, 0.756899, 0.760931, 0.765866, 0, 0, 0, 0, 0, 1.07715, 1.13433, 1.13814, 1.14275, 1.14659, 0, 0, 0, 0, 0.701429, 0.739329, 0.745161, 0.749001, 0, 0, 0, 0.771609, 0.775449, 0, 0, 0, 0, 0, 0, 0, 0, 0.740744, 0.744875, 0.748715, 0, 0, 0,
0.925806, 0, 0, 0, 0, 0, 0, 0, 0, 0, 0, 0, 0, 0, 0, 0, 0, 0, 0, 0, 0, 0, 0, 0, 0, 0, 0, 0, 0, 0, 0, 0, 0.99245, 0.820111, 0.821043, 0.821975, 0.822713, 0, 0, 0, 0, 0, 0, 0, 1.1005, 1.10096, 1.0362, 2.03654, 2.037, 1.17632, 1.17723, 1.21317, 0, 0, 0, 0, 0, 0, 0, 0, 0, 0.923439, 0.975612, 0.976552, 0.977483, 0.978415, 0, 0, 0, 0, 0, 0, 0, 0, 0, 0, 0, 0, 0, 0, 0, 0, 0, 0, 0, 0, 0, 0, 0, 0, 0, 0, 0,
0.911332, 0, 0, 0, 0, 0, 0, 0, 0, 0, 0, 0, 0, 0, 0, 0, 0, 0, 0, 0, 0, 0, 0, 0, 0, 0, 0, 0, 0, 0, 0, 0, 0.913357, 0.946972, 0.951052, 0.955132, 0.959178, 0, 0, 0, 0, 0, 0, 0, 0, 0, 0, 1.30367, 1.30551, 2.16694, 2.1702, 2.1753, 1.55294, 1.55702, 0, 0.727757, 0, 0, 0, 0, 0, 1.04701, 1.08062, 1.08477, 1.08967, 1.09375, 0, 0, 0, 0.719099, 0.723179, 0.853331, 0.859528, 0.863608, 0.744049, 0.748129, 0, 0.847119, 0.851199, 0, 0.713518, 0.717598, 0, 0, 0, 0.778794, 0.782874, 0.729127, 0.747999, 0.752079, 0, 0, 0.764931,
0.911125, 0, 0, 0, 0, 0, 0, 0, 0, 0, 0, 0, 0, 0, 0, 0, 0, 0, 0, 0, 0, 0, 0, 0, 0, 0, 0, 0, 0, 0, 0, 0, 0.91654, 0.950133, 0.954333, 0.958533, 0.962488, 0, 0, 0, 0, 0, 0, 0, 0, 0, 0, 1.30868, 1.31075, 2.17209, 2.17545, 2.1807, 1.55862, 1.56282, 0, 0.733632, 0, 0, 0, 0, 0, 1.05304, 1.08665, 1.09106, 1.0961, 1.1003, 0, 0, 0, 0.72681, 0.73101, 0.861088, 0.867467, 0.871667, 0.752346, 0.756546, 0, 0.855752, 0.859952, 0, 0.722369, 0.726569, 0, 0, 0, 0.788387, 0.792587, 0.738818, 0.757794, 0.761994, 0, 0, 0.775364,
1.05304, 0, 0, 0, 0, 0, 0, 0, 0, 0, 0, 0, 0, 0, 0, 0, 0, 0, 0, 0, 0, 0, 0, 0, 0, 0, 0, 0, 0, 0, 0, 0, 1.11184, 0.871889, 0.871303, 0.870717, 0.87022, 0, 0, 0, 0, 0, 0, 0, 0, 0, 0, 1.1485, 1.14821, 1.97448, 1.974, 2.97354, 1.97467, 2.19799, 1.19729, 1.36026, 0, 0, 0, 0, 0, 0.822521, 0.945382, 0.94468, 0.867992, 0.867407, 0, 0, 0, 0, 0, 0, 0, 0, 0, 0, 0, 0, 0, 0, 0, 0, 0, 0, 0, 0, 0, 0, 0, 0, 0, 0, 0,
Main Loop Time: 0.844163
Number of Graph Matching Computed: 3441
Number of Zero Entries Cells: 2908
Number of Pruned Cells: 0
Number of Estimated Cells Above Threshold: 0
Number of Cells Above Threshold: 0
Env Time: 0.000443024
Dataloader Time: 0.0677128
FaissIndex Time: 0.0126479
Algorithm Time: 0.876497
