creating environment with lakes: /root/data/en/king_james_bible_para/9_9/, /root/data/en/esv_para/9_9/
1 text1_files listed
1 text2_files listed
Inverted Index Size: 54
Words: 20
Vector Size: 300
Normalized vector storage check
Index Trained: 1
Ntotal: 12
Sliding Window Computation time: 0.0159457
Out of dictionary words: 8
K: 12
NB: 12
Faiss Search Time: 0.0269748
size of I: 144
Size of valid edges: 150
1, 1, 0.841502, 0.755355, 0.753697, 0, 0, 0, 0, 0, 0, 0, 0, 0, 0, 0, 0, 0,
1, 1, 0.841502, 0.755355, 0.753697, 0, 0, 0, 0, 0, 0, 0, 0, 0, 0, 0, 0, 0,
0.841502, 0.841502, 1, 0.8, 0.815612, 0, 0, 0, 0, 0, 0, 0, 0, 0, 0, 0, 0, 0,
0.755355, 0.755355, 0.8, 1, 0.8, 0, 0, 0, 0, 0, 0, 0, 0, 0, 0, 0, 0, 0,
0.753697, 0.753697, 0.815612, 0.8, 1, 0.8, 0.836141, 0, 0, 0, 0, 0, 0, 0, 0, 0, 0, 0,
0, 0, 0, 0, 0.8, 1, 0.8, 0, 0.829765, 0, 0, 0, 0, 0, 0, 0, 0, 0,
0, 0, 0, 0, 0.836141, 0.8, 1, 0.8, 0.8, 0, 0, 0, 0, 0, 0, 0, 0, 0,
0, 0, 0, 0, 0, 0, 0.8, 1, 0.8, 0, 0, 0, 0, 0, 0, 0, 0, 0,
0, 0, 0, 0, 0, 0.829765, 0.8, 0.8, 1, 0.804623, 0, 0, 0, 0, 0, 0, 0, 0,
0, 0, 0, 0, 0, 0, 0, 0, 0.804623, 1, 0.8, 0, 0, 0, 0, 0, 0, 0,
0, 0, 0, 0, 0, 0, 0, 0, 0, 0.8, 0.8, 0, 0, 0, 0, 0, 0, 0,
0, 0, 0, 0, 0, 0, 0, 0, 0, 0, 0, 0.8, 0, 0, 0, 0, 0, 0,
0, 0, 0, 0, 0, 0, 0, 0, 0, 0, 0, 0.8, 0.844702, 0, 0, 0, 0, 0,
0, 0, 0, 0, 0, 0, 0, 0, 0, 0, 0, 0, 0, 0, 0, 0, 0, 0,
0, 0, 0, 0, 0, 0, 0, 0, 0, 0, 0, 0, 0, 0, 0, 0, 0, 0,
0, 0, 0, 0, 0, 0, 0, 0, 0, 0, 0, 0, 0, 0, 0, 0, 0, 0,
0, 0, 0, 0, 0, 0, 0, 0, 0, 0, 0, 0, 0, 0, 0, 0, 0, 0,
0, 0, 0, 0, 0, 0, 0, 0, 0, 0, 0, 0, 0, 0, 0, 0, 0, 0,
0, 0, 0, 0, 0, 0, 0, 0, 0, 0, 0, 0, 0, 0, 0, 0, 0, 0,
0, 0, 0, 0, 0, 0, 0, 0, 0, 0, 0, 0, 0, 0, 0, 0, 0, 0,
0, 0, 0, 0, 0, 0, 0, 0, 0, 0, 0, 0, 0, 0, 0, 0, 0, 0,
Main Loop Time: 0.0190055
Number of Graph Matching Computed: 378
Number of Zero Entries Cells: 326
Env Time: 0.00050755
Dataloader Time: 0.0759983
FaissIndex Time: 0.0228512
Algorithm Time: 0.0623818
